time,GM_main,baseforce,acc_2,acc_4,acc_6,acc_8,acc_10,vel_2,vel_4,vel_6,vel_8,vel_10,dis_2,dis_4,dis_6,dis_8,dis_10
0.0,-0.0037865612999999996,25.8084,-0.000538173,-0.000573118,-0.000574073,-0.000574098,-0.0005741,-5.38173e-06,-5.73118e-06,-5.74073e-06,-5.74098e-06,-5.741e-06,-5.38173e-08,-5.73118e-08,-5.74073e-08,-5.74098e-08,-5.741e-08
0.02,0.000578085,177.577,-0.00182224,-0.00209216,-0.00210451,-0.00210497,-0.00210501,-2.89859e-05,-3.2384e-05,-3.25265e-05,-3.25316e-05,-3.25321e-05,-3.97493e-07,-4.38463e-07,-4.4008e-07,-4.40136e-07,-4.40141e-07
0.04,0.0021275976,322.16,0.00281292,0.00223109,0.00216568,0.00216199,0.00216156,-1.90791e-05,-3.09948e-05,-3.19148e-05,-3.19614e-05,-3.19666e-05,-8.78142e-07,-1.07225e-06,-1.08449e-06,-1.08507e-06,-1.08513e-06
0.06,-0.0021392919,151.647,0.00189345,0.00179355,0.00160914,0.00159143,0.00158881,2.79847e-05,9.25164e-06,5.83349e-06,5.57276e-06,5.53718e-06,-7.89086e-07,-1.28968e-06,-1.34531e-06,-1.34895e-06,-1.34942e-06
0.08,-0.0015920007000000001,3.48901,-0.0037002,-0.00262051,-0.00289898,-0.00295474,-0.00296565,9.91719e-06,9.82097e-07,-7.06483e-06,-8.06036e-06,-8.23116e-06,-4.10067e-07,-1.18734e-06,-1.35762e-06,-1.37383e-06,-1.37636e-06
0.1,0.0029750492999999997,240.138,-0.000131511,0.00077368,0.000647108,0.000528882,0.000496695,-2.83999e-05,-1.74862e-05,-2.95835e-05,-3.23189e-05,-3.29207e-05,-5.94894e-07,-1.35239e-06,-1.7241e-06,-1.77762e-06,-1.78788e-06
0.12,-0.00045831200999999996,374.333,0.00224941,0.00143204,0.00174526,0.00158631,0.00151916,-7.22086e-06,4.57102e-06,-5.65982e-06,-1.1167e-05,-1.27621e-05,-9.51102e-07,-1.48154e-06,-2.07654e-06,-2.21248e-06,-2.24471e-06
0.14,-0.0014596454999999998,150.212,0.000959302,-0.000106268,0.000509455,0.000420925,0.000329325,2.48663e-05,1.78287e-05,1.68873e-05,8.90541e-06,5.72272e-06,-7.74647e-07,-1.25754e-06,-1.96426e-06,-2.2351e-06,-2.3151e-06
0.16,-0.00020302742999999998,95.4154,-0.00375316,-0.0031362,-0.00282095,-0.0026913,-0.00274211,-3.07224e-06,-1.45959e-05,-6.22762e-06,-1.37984e-05,-1.84051e-05,-5.56707e-07,-1.22521e-06,-1.85766e-06,-2.28403e-06,-2.44193e-06
0.18,0.003020373,275.718,0.00254544,0.00348043,0.00316033,0.00352542,0.00361903,-1.51494e-05,-1.11536e-05,-2.83386e-06,-5.45726e-06,-9.63597e-06,-7.38924e-07,-1.48271e-06,-1.94828e-06,-2.47658e-06,-2.72234e-06
0.2,-0.0031878264,287.353,-0.0012743,-0.00175173,-0.00224578,-0.00186139,-0.00158516,-2.43804e-06,6.13338e-06,6.31157e-06,1.1183e-05,1.07027e-05,-9.14798e-07,-1.53291e-06,-1.9135e-06,-2.41933e-06,-2.71167e-06
0.22,0.0020916833999999997,269.815,0.00102377,0.000275628,0.000254128,0.000373403,0.000688256,-4.94327e-06,-8.62762e-06,-1.3605e-05,-3.69683e-06,1.73373e-06,-9.88612e-07,-1.55785e-06,-1.98644e-06,-2.34446e-06,-2.5873e-06
0.24,-0.00026514594,328.33,-0.000555778,-0.000360391,2.18639e-05,-0.000168263,-9.06474e-05,-2.6333e-07,-9.47525e-06,-1.08451e-05,-1.64543e-06,7.70982e-06,-1.04068e-06,-1.73888e-06,-2.23094e-06,-2.39789e-06,-2.49287e-06
0.26,0.00022721469,377.499,-0.00103141,-0.000770554,-0.000576912,-0.000833769,-0.00112964,-1.61352e-05,-2.07847e-05,-1.63956e-05,-1.16658e-05,-4.49309e-06,-1.20466e-06,-2.04148e-06,-2.50334e-06,-2.531e-06,-2.4607e-06
0.28,0.0009567396,354.992,0.00304946,0.00283934,0.0026245,0.00250438,0.00206093,4.04519e-06,-9.68809e-08,4.08032e-06,5.04033e-06,4.81982e-06,-1.32556e-06,-2.2503e-06,-2.6265e-06,-2.59725e-06,-2.45743e-06
0.3,-0.0023591630999999997,279.751,-0.00200441,-0.0017483,-0.00203141,-0.00210338,-0.00228146,1.44957e-05,1.08135e-05,1.00113e-05,9.0503e-06,2.61457e-06,-1.14016e-06,-2.14313e-06,-2.48558e-06,-2.45635e-06,-2.38309e-06
0.32,0.0021494051999999997,355.089,-0.00045296,0.000233602,0.000179782,-1.7733e-05,0.000199334,-1.0078e-05,-4.33353e-06,-8.50499e-06,-1.21608e-05,-1.82067e-05,-1.09598e-06,-2.07833e-06,-2.47052e-06,-2.48745e-06,-2.53901e-06
0.34,-4.7689539e-05,345.826,0.00238571,0.00232196,0.00243118,0.0022046,0.00248125,9.24949e-06,2.12221e-05,1.76046e-05,9.7079e-06,8.59913e-06,-1.10426e-06,-1.90945e-06,-2.37952e-06,-2.51198e-06,-2.63509e-06
0.36,-0.0022299138,242.599,-0.00302896,-0.00360745,-0.00350484,-0.00346766,-0.0035114,2.817e-06,8.36719e-06,6.868e-06,-2.92262e-06,-1.7024e-06,-9.83598e-07,-1.61355e-06,-2.1348e-06,-2.44413e-06,-2.56612e-06
0.38,0.0037065269999999994,114.264,0.00665654,0.00681479,0.006871,0.00723242,0.00696163,3.90928e-05,4.04406e-05,4.05296e-05,3.4725e-05,3.27999e-05,-5.645e-07,-1.12547e-06,-1.66082e-06,-2.1261e-06,-2.25515e-06
0.4,-0.006817883999999999,-187.631,-0.00539372,-0.00441981,-0.00434717,-0.00396592,-0.00400924,5.1721e-05,6.43904e-05,6.57679e-05,6.739e-05,6.23237e-05,3.43638e-07,-7.7165e-08,-5.97844e-07,-1.10495e-06,-1.30391e-06
0.42,0.004288197299999999,-86.8931,-0.00345099,-0.00308809,-0.00288002,-0.00276094,-0.00239484,-3.67261e-05,-1.06886e-05,-6.50396e-06,1.21488e-07,-1.71703e-06,4.93587e-07,4.59852e-07,-5.20394e-09,-4.29838e-07,-6.97842e-07
0.44,0.0028960299,263.061,0.00367384,0.00227415,0.00268253,0.00263207,0.00303477,-3.44976e-05,-1.8828e-05,-8.47883e-06,-1.16723e-06,4.68225e-06,-2.18651e-07,1.64686e-07,-1.55032e-07,-4.40295e-07,-6.6819e-07
0.46,-0.0026132756999999998,-95.9753,0.00595608,0.0045733,0.00493134,0.00500175,0.00499855,6.18016e-05,4.96466e-05,6.76599e-05,7.51709e-05,8.50155e-05,5.43896e-08,4.72872e-07,4.36779e-07,2.99742e-07,2.28787e-07
0.48,-0.0049722858,-633.081,-0.00675399,-0.0052942,-0.00546418,-0.00522083,-0.00555225,5.38225e-05,4.24376e-05,6.23316e-05,7.29801e-05,7.94785e-05,1.21063e-06,1.39371e-06,1.73669e-06,1.78125e-06,1.87373e-06
0.5,0.005263149,-150.567,-0.00660306,-0.00444995,-0.00513955,-0.0050098,-0.00519277,-7.9748e-05,-5.5004e-05,-4.37056e-05,-2.93261e-05,-2.79716e-05,9.51377e-07,1.26805e-06,1.92295e-06,2.21779e-06,2.3888e-06
0.52,0.004891103999999999,314.319,0.0124986,0.0109515,0.0105205,0.0102595,0.0104402,-2.07928e-05,1.00118e-05,1.01044e-05,2.31712e-05,2.45031e-05,-5.40312e-08,8.18127e-07,1.58694e-06,2.15624e-06,2.35411e-06
0.54,-0.010752534000000001,-420.307,-0.000362641,-0.00286169,-0.00253287,-0.00309132,-0.00289026,0.000100567,9.09101e-05,8.99811e-05,9.48532e-05,0.000100003,7.43707e-07,1.82735e-06,2.5878e-06,3.33649e-06,3.59917e-06
0.56,0.0024188178,-665.092,-0.0106285,-0.00899731,-0.0085997,-0.00904042,-0.00925438,-9.34493e-06,-2.76799e-05,-2.13446e-05,-2.64642e-05,-2.14436e-05,1.65592e-06,2.45965e-06,3.27416e-06,4.02038e-06,4.38476e-06
0.58,0.008632820999999999,58.5809,0.00453052,0.0065553,0.00616507,0.00614586,0.00560926,-7.03249e-05,-5.21e-05,-4.56909e-05,-5.54098e-05,-5.78948e-05,8.59225e-07,1.66185e-06,2.60381e-06,3.20164e-06,3.59138e-06
0.6,-0.006283250999999999,-27.7809,0.00502473,0.00277195,0.00201915,0.00226529,0.0019819,2.52276e-05,4.11724e-05,3.61512e-05,2.87018e-05,1.80168e-05,4.08252e-07,1.55257e-06,2.50841e-06,2.93456e-06,3.1926e-06
0.62,-0.0024341586,-727.772,-1.14478e-05,-0.00160044,-0.00174042,-0.00164792,-0.00131963,7.53604e-05,5.28876e-05,3.89385e-05,3.48755e-05,2.46395e-05,1.41413e-06,2.49317e-06,3.25931e-06,3.57033e-06,3.61916e-06
0.64,0.0013016679,-670.331,-0.00749779,-0.0046529,-0.00426859,-0.00444604,-0.00386366,2.68037e-07,-9.6458e-06,-2.11515e-05,-2.6064e-05,-2.71934e-05,2.17042e-06,2.92559e-06,3.43718e-06,3.65845e-06,3.59362e-06
0.66,0.0040878948,-232.79,0.00260088,0.00399646,0.00420105,0.0041088,0.00426033,-4.87011e-05,-1.62102e-05,-2.18269e-05,-2.94364e-05,-2.32266e-05,1.68609e-06,2.66703e-06,3.00739e-06,3.10344e-06,3.08942e-06
0.68,-0.0042090504,-403.512,0.00340076,0.000401532,0.000530587,0.00081875,0.00039119,1.13153e-05,2.77697e-05,2.54895e-05,1.9839e-05,2.32886e-05,1.31223e-06,2.78263e-06,3.04402e-06,3.00747e-06,3.09004e-06
0.7000000000000001,-0.0006231893999999999,-729.377,-0.000656189,-0.00196452,-0.00146698,-0.00102867,-0.00142379,3.8761e-05,1.21398e-05,1.61255e-05,1.77399e-05,1.29626e-05,1.81299e-06,3.18172e-06,3.46017e-06,3.38326e-06,3.45256e-06
0.72,0.0012396468,-640.63,-0.00259154,5.65837e-05,0.000471372,0.000644262,0.000868359,6.28364e-06,-6.93954e-06,6.16944e-06,1.38958e-05,7.40821e-06,2.26344e-06,3.23372e-06,3.68312e-06,3.69961e-06,3.65626e-06
0.74,-0.0007554273,-456.606,-0.00208335,-0.000993382,-0.00131266,-0.00139368,-0.000768909,-4.04653e-05,-1.63075e-05,-2.24343e-06,6.40164e-06,8.40271e-06,1.92162e-06,3.00125e-06,3.72238e-06,3.90259e-06,3.81437e-06
0.76,0.0010069235999999998,-424.141,0.00454582,0.00241594,0.00183298,0.00182708,0.00212501,-1.58406e-05,-2.08197e-06,2.95982e-06,1.07356e-05,2.19637e-05,1.35856e-06,2.81736e-06,3.72954e-06,4.07396e-06,4.11804e-06
0.78,-0.0021942597,-407.215,-0.00186829,-0.00278423,-0.0027723,-0.00266983,-0.00298266,1.09348e-05,-5.76491e-06,-6.43336e-06,2.30808e-06,1.33872e-05,1.3095e-06,2.73889e-06,3.69481e-06,4.2044e-06,4.47154e-06
0.8,0.0024424409999999996,-311.781,-4.58097e-05,0.00119144,0.00155359,0.00144743,0.000962682,-8.20618e-06,-2.16929e-05,-1.86205e-05,-9.91593e-06,-6.81259e-06,1.33679e-06,2.46431e-06,3.44427e-06,4.12832e-06,4.53729e-06
0.8200000000000001,-0.0017233256999999997,-265.722,-0.0017216,-0.0016056,-0.00176633,-0.00217502,-0.0023512,-2.58802e-05,-2.58346e-05,-2.07479e-05,-1.71918e-05,-2.06978e-05,9.95925e-07,1.98904e-06,3.05058e-06,3.85724e-06,4.26219e-06
0.84,0.0016968821999999997,-196.145,0.00250361,0.00137624,0.000673356,0.000279574,0.000369794,-1.80601e-05,-2.81283e-05,-3.16776e-05,-3.61462e-05,-4.05119e-05,5.56521e-07,1.44941e-06,2.52633e-06,3.32386e-06,3.65009e-06
0.86,-0.0008286939,-117.879,0.00046175,0.000587863,9.42323e-05,-5.50256e-05,-4.57739e-06,1.15936e-05,-8.48726e-06,-2.40017e-05,-3.39008e-05,-3.68597e-05,4.91856e-07,1.08325e-06,1.96954e-06,2.62339e-06,2.87637e-06
0.88,-0.00036555525,-5.59686,-0.00452335,-0.00366723,-0.00364262,-0.00370307,-0.00378424,-2.90224e-05,-3.92809e-05,-5.94857e-05,-7.14817e-05,-7.4748e-05,3.17568e-07,6.05572e-07,1.13466e-06,1.56957e-06,1.7603e-06
0.9,0.0035105135999999996,240.502,0.00164437,0.000914348,0.00108423,0.00095011,0.000842722,-5.78121e-05,-6.68097e-05,-8.50696e-05,-9.90114e-05,-0.000104163,-5.50777e-07,-4.55333e-07,-3.10891e-07,-1.35365e-07,-2.88158e-08
0.92,-0.0009427197,294.224,0.00393095,0.00252669,0.00251581,0.0024698,0.00239107,-2.05896e-06,-3.23993e-05,-4.90692e-05,-6.48122e-05,-7.18253e-05,-1.14949e-06,-1.44742e-06,-1.65228e-06,-1.7736e-06,-1.7887e-06
0.9400000000000001,-0.0022924907999999997,245.888,-0.00316109,-0.00263158,-0.0027927,-0.00256778,-0.00258641,5.6396e-06,-3.34483e-05,-5.18381e-05,-6.5792e-05,-7.37788e-05,-1.11368e-06,-2.1059e-06,-2.66135e-06,-3.07964e-06,-3.24474e-06
0.96,0.0029302100999999995,568.411,-0.00317718,-0.00178537,-0.00192781,-0.00161168,-0.00146543,-5.77431e-05,-7.76179e-05,-9.90433e-05,-0.000107587,-0.000114297,-1.63472e-06,-3.21656e-06,-4.17017e-06,-4.81343e-06,-5.1255e-06
0.98,0.0020841353999999997,1092.05,-9.00991e-05,-0.00095127,-0.000884587,-0.000799385,-0.000499952,-9.04159e-05,-0.000104984,-0.000127167,-0.000131697,-0.000133951,-3.11631e-06,-5.04258e-06,-6.43227e-06,-7.20627e-06,-7.60798e-06
1.0,0.0012991944,1502.95,0.00106295,-0.0013525,-0.00104434,-0.00118064,-0.00100959,-8.06874e-05,-0.000128022,-0.000146456,-0.000151498,-0.000149047,-4.82734e-06,-7.37265e-06,-9.16851e-06,-1.00382e-05,-1.0438e-05
1.02,0.0017989178999999998,2030.3,-0.00299902,-0.00397123,-0.00385551,-0.00391315,-0.00410816,-0.000100048,-0.000181259,-0.000195455,-0.000202435,-0.000200224,-6.6347e-06,-1.04655e-05,-1.25876e-05,-1.35775e-05,-1.39307e-05
1.04,0.00479604,3035.12,-0.00518803,-0.00530611,-0.00599424,-0.00588479,-0.00624308,-0.000181919,-0.000274033,-0.000293952,-0.000300415,-0.000303737,-9.45436e-06,-1.50184e-05,-1.74817e-05,-1.8606e-05,-1.89703e-05
1.06,0.006997148999999999,4387.96,-0.000457343,-0.00252946,-0.00402024,-0.00407993,-0.00416846,-0.000238372,-0.000352388,-0.000394097,-0.000400062,-0.000407852,-1.36573e-05,-2.12826e-05,-2.43622e-05,-2.56108e-05,-2.60862e-05
1.08,0.005234741999999999,5532.81,0.00434905,0.00126,-0.000409183,-0.00101519,-0.000802576,-0.000199455,-0.000365083,-0.000438391,-0.000451013,-0.000457562,-1.80356e-05,-2.84573e-05,-3.26871e-05,-3.41216e-05,-3.47403e-05
1.1,0.0022005734999999997,6823.44,-0.00989928,-0.0109403,-0.0124278,-0.0135503,-0.0135571,-0.000254958,-0.000461886,-0.000566761,-0.000596669,-0.000601159,-2.25797e-05,-3.6727e-05,-4.27386e-05,-4.45984e-05,-4.53275e-05
1.12,0.015208556999999998,8766.17,0.00172702,0.00157236,8.80919e-05,-0.00118356,-0.00185739,-0.00033668,-0.000555564,-0.000690158,-0.000744008,-0.000755305,-2.84961e-05,-4.69015e-05,-5.53078e-05,-5.80052e-05,-5.88922e-05
1.1400000000000001,0.0037914062999999994,10369.3,0.00534297,0.00362725,0.00213478,0.00098212,-0.00012518,-0.00026598,-0.000503568,-0.000667929,-0.000746022,-0.00077513,-3.45227e-05,-5.74928e-05,-6.88887e-05,-7.29055e-05,-7.41965e-05
1.16,0.0027201614999999993,11026.8,0.00762187,0.00746405,0.00640705,0.00536779,0.00452952,-0.000136332,-0.000392655,-0.000582511,-0.000682523,-0.000731087,-3.85458e-05,-6.64551e-05,-8.13931e-05,-8.71909e-05,-8.92587e-05
1.18,-0.0005870609999999999,11353.9,0.000611165,0.00577892,0.00560783,0.00471414,0.00454699,-5.40015e-05,-0.000260226,-0.000462362,-0.000581704,-0.000640322,-4.04491e-05,-7.29839e-05,-9.18418e-05,-9.98332e-05,-0.000102973
1.2,0.0012284778,12322.9,-0.0116224,-0.00545798,-0.00431721,-0.00468915,-0.00443592,-0.000164114,-0.000257016,-0.000449456,-0.000581454,-0.000639211,-4.26303e-05,-7.81563e-05,-0.00010096,-0.000111465,-0.000115768
1.22,0.01217574,13784.1,0.00698014,0.00692388,0.00989857,0.0105904,0.0108443,-0.000210537,-0.000242357,-0.000393642,-0.000522442,-0.000575127,-4.63768e-05,-8.315e-05,-0.000109391,-0.000122504,-0.000127911
1.24,-0.0013738278,13826.7,0.0174529,0.0139668,0.0183973,0.0204201,0.0207487,3.37927e-05,-3.34508e-05,-0.000110684,-0.000212337,-0.000259197,-4.81442e-05,-8.59081e-05,-0.000114434,-0.000129851,-0.000136255
1.26,-0.00990165,12453.9,-0.00157209,0.00163367,0.00549035,0.00863711,0.00957747,0.0001926,0.000122553,0.000128193,7.82347e-05,4.40645e-05,-4.58803e-05,-8.50171e-05,-0.000114259,-0.000131193,-0.000138406
1.28,0.0024170328,11688.1,-0.00399476,0.00614569,0.00777544,0.0114159,0.0132629,0.000136932,0.000200347,0.00026085,0.000278765,0.000272469,-4.2585e-05,-8.17881e-05,-0.000110369,-0.000127623,-0.000135241
1.3,-0.0007231086,11751.8,-0.00341011,0.00232297,0.00320842,0.00637792,0.00863534,6.28833e-05,0.000285034,0.000370689,0.000456704,0.000491451,-4.05868e-05,-7.69343e-05,-0.000104053,-0.000120268,-0.000127602
1.32,0.0032208234,10613.7,0.0253006,0.0231176,0.0263513,0.0281191,0.0297166,0.000281788,0.000539439,0.000666286,0.000801674,0.000874971,-3.71401e-05,-6.86895e-05,-9.36835e-05,-0.000107684,-0.000113937
1.34,-0.020106546,5425.55,0.0432138,0.0467405,0.0523478,0.052605,0.0527019,0.000966933,0.00123802,0.00145328,0.00160891,0.00169916,-2.46529e-05,-5.09149e-05,-7.24879e-05,-8.35782e-05,-8.8196e-05
1.36,-0.046600434,-3705.31,0.0168781,0.0394683,0.0442945,0.0440768,0.0428371,0.00156785,0.00210011,0.0024197,0.00257573,0.00265455,6.94955e-07,-1.75336e-05,-3.37581e-05,-4.17317e-05,-4.4659e-05
1.3800000000000001,-0.040317335999999995,-12527.4,-0.0153002,0.0171366,0.0210509,0.0215899,0.0203056,0.00158363,0.00266616,0.00307315,0.0032324,0.00328597,3.22098e-05,3.01291e-05,2.11704e-05,1.63496e-05,1.47462e-05
1.4000000000000001,-0.020333903999999996,-19673.3,0.00809056,0.0251997,0.0338537,0.0355377,0.0357426,0.00151153,0.00308952,0.0036222,0.00380367,0.00384646,6.31614e-05,8.76859e-05,8.8124e-05,8.67104e-05,8.60705e-05
1.42,-0.037512336,-29034.6,0.0244833,0.0189462,0.0360353,0.0391532,0.04128,0.00183727,0.00353098,0.00432109,0.00455058,0.00461668,9.66495e-05,0.000153891,0.000167557,0.000170253,0.000170702
1.44,-0.045168813,-42592.5,0.0242853,0.0185121,0.0371719,0.0433629,0.0465183,0.00232496,0.00390556,0.00505316,0.00537574,0.00549467,0.000138272,0.000228256,0.000261299,0.000269516,0.000271815
1.46,-0.05407988999999999,-56182.1,-0.0326029,-0.0215207,-0.0134521,-0.00250152,0.00103682,0.00224178,0.00387548,0.00529036,0.00578436,0.00597022,0.000183939,0.000306067,0.000364735,0.000381117,0.000386464
1.48,-0.014162699999999999,-64198.9,-0.0494163,-0.0407163,-0.0458509,-0.0323554,-0.0276062,0.00142159,0.00325311,0.00469733,0.00543579,0.00570452,0.000220573,0.000377352,0.000464611,0.000493319,0.000503212
1.5,0.007013927999999999,-66478.3,-0.0400591,-0.0642191,-0.0725566,-0.063526,-0.057108,0.000526838,0.00220375,0.00351325,0.00447698,0.00485738,0.000240057,0.000431921,0.000546717,0.000592446,0.000608831
1.52,0.026367968999999998,-67517.8,0.00126056,-0.0508673,-0.0555797,-0.0571981,-0.0522487,0.000138852,0.00105289,0.00223189,0.00326974,0.00376381,0.000246714,0.000464487,0.000604169,0.000669913,0.000695043
1.54,0.007567226999999999,-70877.0,0.0148722,-0.0258558,-0.0359533,-0.0475112,-0.0497938,0.000300181,0.000285657,0.00131656,0.00222264,0.00274339,0.000251105,0.000477873,0.000639653,0.000724837,0.000760115
1.56,-0.011738822999999999,-75421.6,-0.00169421,-0.0039407,-0.0326615,-0.0487979,-0.0603542,0.000431961,-1.23081e-05,0.000630411,0.00125955,0.00164191,0.000258426,0.000480606,0.000659123,0.000759659,0.000803968
1.58,-0.016120640999999998,-77223.2,-0.0226795,-0.00172824,-0.0440327,-0.0628985,-0.0780434,0.000188224,-6.89976e-05,-0.000136532,0.000142586,0.00025793,0.000264628,0.000479793,0.000664062,0.000773681,0.000822966
1.6,-0.005393301,-74853.1,-0.0265505,-0.0193871,-0.0510706,-0.0758691,-0.0867694,-0.000304076,-0.000280151,-0.00108756,-0.00124509,-0.0013902,0.000263469,0.000476302,0.000651821,0.000762656,0.000811643
1.62,0.006527336999999999,-72396.7,0.0246781,0.00368876,2.76812e-05,-0.0295692,-0.0356485,-0.0003228,-0.000437134,-0.00159799,-0.00229947,-0.00261438,0.0002572,0.000469129,0.000624965,0.00072721,0.000771597
1.6400000000000001,-0.034650165,-74026.0,0.0132057,-0.0111848,0.00344783,-0.0184573,-0.0258834,5.60378e-05,-0.000512094,-0.00156324,-0.00277974,-0.00322969,0.000254533,0.000459637,0.000593353,0.000676418,0.000713157
1.6600000000000001,-0.031156715999999997,-76435.7,-0.0139216,-0.0129509,-0.00424932,-0.00349949,-0.0132007,4.88787e-05,-0.00075345,-0.00157125,-0.00299931,-0.00362054,0.000255582,0.000446981,0.000562008,0.000618627,0.000644654
1.68,-0.026259543,-71704.4,-0.0913136,-0.078163,-0.0841841,-0.0600891,-0.0612086,-0.00100347,-0.00166459,-0.00245559,-0.00363519,-0.00436463,0.000246036,0.000422801,0.00052174,0.000552282,0.000564803
1.7,0.04541437799999999,-55045.3,-0.100985,-0.122465,-0.12853,-0.0974213,-0.07936,-0.00292646,-0.00367086,-0.00458273,-0.0052103,-0.00577031,0.000206737,0.000369446,0.000451356,0.000463828,0.000463453
1.72,0.08786382,-29955.2,-0.0543594,-0.130374,-0.123142,-0.1018,-0.0719205,-0.00447991,-0.00619925,-0.00709945,-0.0072025,-0.00728312,0.000132673,0.000270745,0.000334535,0.0003397,0.000332919
1.74,0.09260937,-5631.08,0.037872,-0.0481389,-0.040031,-0.0308596,-0.01223,-0.00464479,-0.00798438,-0.00873119,-0.0085291,-0.00812462,4.14259e-05,0.000128909,0.000176228,0.000182384,0.000178842
1.76,0.025282535999999998,13843.3,0.0247072,-0.00266515,-0.0206664,-0.0180505,-0.0252527,-0.00401899,-0.00849242,-0.00933816,-0.0090182,-0.00849945,-4.52119e-05,-3.5859e-05,-4.46523e-06,6.91062e-06,1.26009e-05
1.78,0.019046205,33715.9,-0.00148901,0.0441645,-0.00500435,-0.0123598,-0.0349797,-0.00378681,-0.00807742,-0.00959487,-0.0093223,-0.00910178,-0.00012327,-0.000201557,-0.000193796,-0.000176494,-0.000163411
1.8,0.015525012,57938.9,-0.0114613,0.0503756,0.0020966,-0.028243,-0.0453032,-0.00391632,-0.00713202,-0.00962395,-0.00972833,-0.0099046,-0.000200301,-0.000353652,-0.000385984,-0.000367001,-0.000353475
1.82,0.028201062,76784.4,0.14365,0.173044,0.164611,0.109618,0.101976,-0.00259443,-0.00489783,-0.00795687,-0.00891458,-0.00933787,-0.000265409,-0.00047395,-0.000561792,-0.00055343,-0.0005459
1.84,-0.10659357,76124.3,0.160699,0.190847,0.226492,0.171525,0.157455,0.00044906,-0.00125892,-0.00404583,-0.00610315,-0.00674356,-0.000286862,-0.000535518,-0.000681819,-0.000703607,-0.000706714
1.86,-0.1463904,63617.9,-0.00253709,0.0840784,0.133498,0.114371,0.0869121,0.00203067,0.00149034,-0.000445929,-0.00324419,-0.0042999,-0.000262065,-0.000533204,-0.000726736,-0.00079708,-0.000817149
1.8800000000000001,-0.05118410999999999,63512.4,-0.163807,-0.0675507,-0.0267479,0.00526783,-0.0128458,0.000367231,0.00165562,0.000621574,-0.00204781,-0.00355924,-0.000238086,-0.000501744,-0.00072498,-0.00085,-0.00089574
1.9000000000000001,0.09179184,83110.1,-0.123318,-0.140426,-0.0983254,-0.0315597,-0.00832831,-0.00250402,-0.000424152,-0.00062916,-0.00231073,-0.00377098,-0.000259454,-0.000489429,-0.000725056,-0.000893586,-0.000969042
1.92,0.14158977,105658.0,0.0214797,-0.127624,-0.0743028,0.000357605,0.0653778,-0.00352241,-0.00310466,-0.00235544,-0.00262275,-0.00320048,-0.000319718,-0.000524718,-0.000754902,-0.00094292,-0.00103876
1.94,0.10458366,117043.0,0.0592307,-0.0788807,-0.0449507,0.0237516,0.0909315,-0.0027153,-0.0051697,-0.00354798,-0.00238165,-0.00163739,-0.000382095,-0.000607461,-0.000813936,-0.000992964,-0.00108714
1.96,0.0715785,118073.0,0.107058,0.113804,0.0821833,0.138028,0.166369,-0.00105241,-0.00482047,-0.00317565,-0.00076386,0.000935615,-0.000419772,-0.000707363,-0.000881172,-0.00102442,-0.00109415
1.98,-0.054832139999999994,115699.0,0.0179785,0.147389,0.0600725,0.0808225,0.0670384,0.000197957,-0.00220854,-0.00175309,0.00142465,0.00326969,-0.000428317,-0.000777653,-0.00093046,-0.00101781,-0.0010521
2.0,-0.022120280999999995,114611.0,0.0584579,0.192633,0.130685,0.0837151,0.0528814,0.000962321,0.00119169,0.000154484,0.00307002,0.00446889,-0.000416714,-0.000787821,-0.000946446,-0.000972865,-0.000974715
2.02,-0.06206547,107065.0,0.103822,0.173447,0.207698,0.0916293,0.0560378,0.00258511,0.00485249,0.00353831,0.00482347,0.00555808,-0.00038124,-0.00072738,-0.000909518,-0.00089393,-0.000874445
2.04,-0.09766958999999999,76598.0,0.241544,0.284232,0.392477,0.265351,0.213533,0.00603877,0.00942929,0.00954006,0.00839327,0.00825379,-0.000295001,-0.000584562,-0.000778734,-0.000761763,-0.000736326
2.06,-0.2655264,24942.1,0.0414094,0.133613,0.22554,0.170398,0.105503,0.0088683,0.0136077,0.0157202,0.0127508,0.0114441,-0.00014593,-0.000354192,-0.000526131,-0.000550322,-0.000539347
2.08,-0.13557228,-20649.2,-0.101645,0.0236763,0.045903,0.0993423,0.0683344,0.00826595,0.0151806,0.0184347,0.0154482,0.0131825,2.54123e-05,-6.63077e-05,-0.000184583,-0.000268333,-0.00029308
2.1,-0.035423529,-46691.5,-0.125914,-0.0980115,-0.108665,0.0147166,0.0702367,0.00599036,0.0144373,0.017807,0.0165888,0.0145682,0.000167975,0.000229872,0.000177835,5.20366e-05,-1.55726e-05
2.12,0.04282077299999999,-66554.8,-0.0552528,-0.198506,-0.177729,-0.0514877,0.0776424,0.00417869,0.0114721,0.0149431,0.0162211,0.016047,0.000269666,0.000488966,0.000505336,0.000380135,0.00029058
2.14,0.07613943,-83884.9,-0.163888,-0.378866,-0.327662,-0.232459,-0.116685,0.00198728,0.00569839,0.0098892,0.0133816,0.0156566,0.000331325,0.000660671,0.000753659,0.000676161,0.000607616
2.16,0.22747172999999998,-84688.2,-0.171909,-0.327385,-0.313607,-0.249065,-0.225347,-0.00137069,-0.00136411,0.00347652,0.00856635,0.0122363,0.000337491,0.000704014,0.000887316,0.000895641,0.000886545
2.18,0.22258134,-68241.8,-0.0751283,-0.16135,-0.233797,-0.21262,-0.2713,-0.00384107,-0.00625146,-0.00199752,0.0039495,0.00726981,0.000285374,0.000627858,0.000902106,0.0010208,0.00108161
2.2,0.14560245,-49321.5,0.0433515,-0.00673291,-0.139875,-0.20273,-0.269478,-0.00415884,-0.00793229,-0.00573423,-0.000203997,0.00186203,0.000205375,0.00048602,0.000824789,0.00105825,0.00117292
2.22,0.06322776,-34588.4,0.0474054,0.0591144,-0.0744037,-0.2401,-0.274737,-0.00325127,-0.00740848,-0.00787702,-0.0046323,-0.00358011,0.000131273,0.000332613,0.000688676,0.00100989,0.00115574
2.24,0.032108426999999995,-26227.3,0.133214,0.221115,0.118912,-0.0988707,-0.139756,-0.00144507,-0.00460618,-0.00743193,-0.008022,-0.00772504,8.43101e-05,0.000212466,0.000535587,0.000883348,0.00104269
2.2600000000000002,-0.11869535999999999,-30419.1,0.124533,0.234122,0.165013,-0.0119212,-0.106615,0.0011324,-5.38081e-05,-0.00459268,-0.00912992,-0.0101888,8.11834e-05,0.000165866,0.000415341,0.000711829,0.000863554
2.2800000000000002,-0.14239251,-40386.7,-0.0137697,0.0565934,0.0297749,-0.0465934,-0.163603,0.00224004,0.00285334,-0.00264481,-0.00971507,-0.0128909,0.000114908,0.000193861,0.000342966,0.000523379,0.000632757
2.3000000000000003,-0.013340274,-35756.9,-0.210062,-0.222158,-0.188897,-0.169577,-0.215091,1.72433e-06,0.0011977,-0.00423603,-0.0118768,-0.0166779,0.000137325,0.000234372,0.000274157,0.00030746,0.000337069
2.32,0.18596945999999998,-13883.7,-0.122501,-0.254097,-0.171377,-0.0848671,-0.00871619,-0.0033239,-0.00356484,-0.00783877,-0.0144212,-0.018916,0.000104104,0.000210701,0.000153409,4.44806e-05,-1.88692e-05
2.34,0.15097632,6266.4,-0.00474407,-0.205724,-0.124712,0.0185381,0.16357,-0.00459635,-0.00816304,-0.0107997,-0.0150845,-0.0173674,2.49012e-05,9.34217e-05,-3.2975e-05,-0.000250576,-0.000381703
2.36,0.09174492,24656.0,-0.100005,-0.218372,-0.190064,-0.00294198,0.115811,-0.00564384,-0.012404,-0.0139474,-0.0149285,-0.0145736,-7.75007e-05,-0.000112249,-0.000280446,-0.000550707,-0.000701113
2.38,0.15503234999999999,59507.3,-0.0894855,-0.0590376,-0.0829782,0.089344,0.140673,-0.00753875,-0.0151781,-0.0166778,-0.0140645,-0.0120088,-0.000209327,-0.00038807,-0.000586698,-0.000840637,-0.000966937
2.4,0.07196712,103197.0,0.0834049,0.16368,0.141923,0.21084,0.218941,-0.00759956,-0.0141317,-0.0160884,-0.0110627,-0.00841262,-0.00036071,-0.000681167,-0.00091436,-0.00109191,-0.00117115
2.42,-0.09285671999999999,128253.0,0.268369,0.341563,0.373686,0.296851,0.282732,-0.00408182,-0.00907924,-0.0109323,-0.00598578,-0.00339589,-0.000477523,-0.000913277,-0.00118457,-0.00126239,-0.00128924
2.44,-0.24561446999999997,130144.0,0.1374,0.288275,0.366599,0.195664,0.14022,-2.41233e-05,-0.00278086,-0.00352943,-0.00106063,0.000833629,-0.000518583,-0.00103188,-0.00132918,-0.00133286,-0.00131486
2.46,-0.18116627999999999,125720.0,0.0582338,0.302046,0.373103,0.212414,0.104243,0.00193222,0.00312236,0.00386759,0.00302015,0.00327826,-0.000499502,-0.00102846,-0.0013258,-0.00131326,-0.00127374
2.48,-0.18552269999999998,110446.0,0.235825,0.430261,0.463031,0.386226,0.276583,0.00487281,0.0104454,0.0122289,0.00900655,0.00708652,-0.000431452,-0.000892785,-0.00116484,-0.001193,-0.00117009
2.5,-0.3286848,65539.9,0.257692,0.332787,0.349167,0.36426,0.336934,0.00980798,0.0180759,0.0203509,0.0165114,0.0132217,-0.000284644,-0.000607571,-0.000839039,-0.000937816,-0.00096701
2.52,-0.29240136,9558.07,-0.144417,-0.113066,-0.0804796,0.00243788,0.0859484,0.0109407,0.0202731,0.0230378,0.0201784,0.0174505,-7.71567e-05,-0.000224081,-0.000405152,-0.000570918,-0.000660288
2.54,0.06904481999999999,-19867.3,-0.318765,-0.347124,-0.296868,-0.163887,-0.0302207,0.0063089,0.0156712,0.0192643,0.0185639,0.0180078,9.53396e-05,0.000135363,1.78687e-05,-0.000183495,-0.000305705
2.56,0.23877536999999996,-31420.9,-0.0385692,-0.240254,-0.190567,-0.02713,0.0710647,0.00273556,0.00979747,0.01439,0.0166537,0.0184162,0.000185784,0.00039005,0.000354411,0.000168681,5.8535e-05
2.58,0.10330101,-57662.1,0.0871196,-0.194328,-0.164166,-0.0185357,0.0152934,0.00322107,0.00545165,0.0108426,0.0161971,0.0192798,0.00024535,0.000542541,0.000606737,0.000497189,0.000435495
2.6,0.06434058,-90034.3,-0.0920986,-0.18749,-0.203428,-0.141149,-0.141081,0.00317128,0.00163347,0.00716669,0.0146002,0.0180219,0.000309274,0.000613393,0.00078683,0.000805162,0.000808513
2.62,0.11006972999999999,-108910.0,-0.00921817,0.124894,0.0433542,-0.0132346,-0.0215355,0.00215811,0.00100751,0.00556595,0.0130564,0.0163958,0.000362568,0.000639802,0.000914157,0.00108173,0.00115269
2.64,-0.11746319999999999,-118544.0,-0.0811593,0.0687524,-0.0455928,-0.199996,-0.235051,0.00125433,0.00294398,0.00554357,0.0109241,0.0138299,0.000396692,0.000679317,0.00102525,0.00132153,0.00145495
2.66,-0.0051260609999999995,-117726.0,-0.036574,-0.00871402,-0.0804878,-0.275706,-0.365174,7.70006e-05,0.00354436,0.00428276,0.00616706,0.00782763,0.000410005,0.000744201,0.00112351,0.00149244,0.00167152
2.68,0.050429564999999996,-120590.0,0.256563,0.206972,0.20734,0.0315764,-0.0951596,0.00227689,0.00552694,0.00555128,0.00372577,0.00322429,0.000433544,0.000834914,0.00122186,0.00159137,0.00178204
2.7,-0.23467139999999997,-159320.0,0.241265,0.215881,0.225432,0.120123,0.0195416,0.00725518,0.00975547,0.009879,0.00524276,0.00246811,0.000528865,0.000987738,0.00137616,0.00168106,0.00183896
2.72,-0.28454021999999995,-217093.0,-0.0720983,-0.00796367,-0.0623908,-0.0643337,-0.0799014,0.00894684,0.0118346,0.0115094,0.00580066,0.00186451,0.000690885,0.00120364,0.00159004,0.00179149,0.00188229
2.74,-0.05915999999999999,-241658.0,-0.358029,-0.277464,-0.368017,-0.274044,-0.196853,0.00464557,0.00898036,0.00720533,0.00241688,-0.000903039,0.00082681,0.00141179,0.00177719,0.00187367,0.0018919
2.7600000000000002,0.18889941,-230588.0,-0.150292,-0.246749,-0.263753,-0.127236,-0.00500572,-0.000437635,0.00373823,0.000887626,-0.00159591,-0.00292163,0.000868889,0.00153897,0.00185812,0.00188188,0.00185366
2.7800000000000002,0.07364552999999999,-230995.0,0.106348,-0.182983,-0.0760621,0.0434077,0.140036,-0.000877076,-0.000559096,-0.00251053,-0.00243419,-0.00157133,0.000855742,0.00157077,0.00184189,0.00184158,0.00180873
2.8000000000000003,-0.07534688999999999,-246207.0,-0.134022,-0.33796,-0.198538,-0.116291,-0.0911799,-0.00115382,-0.00576853,-0.00525653,-0.00316303,-0.00108277,0.000835433,0.00150749,0.00176422,0.0017856,0.00178219
2.82,0.09368496,-227993.0,-0.306201,-0.256432,-0.221117,-0.167494,-0.200636,-0.00555605,-0.0117125,-0.00945308,-0.00600089,-0.00400093,0.000768334,0.00133268,0.00161712,0.00169396,0.00173135
2.84,0.12996023999999998,-164183.0,-0.230303,-0.138313,-0.228086,-0.215699,-0.24904,-0.0109211,-0.0156599,-0.0139451,-0.00983282,-0.00849769,0.000603563,0.00105896,0.00138314,0.00153563,0.00160636
2.86,0.12862352999999999,-98047.9,0.227495,0.152162,0.0415694,-0.026181,-0.0230636,-0.0109492,-0.0155214,-0.0158103,-0.0122516,-0.0112187,0.000384861,0.000747143,0.00108559,0.00131478,0.0014092
2.88,-0.12661769999999997,-64451.2,0.244685,0.154216,0.0987931,-0.0529296,-0.0487637,-0.00622736,-0.0124576,-0.0144066,-0.0130427,-0.011937,0.000213096,0.000467353,0.000783419,0.00106184,0.00117764
2.9,-0.13294629,-57613.6,0.246405,0.367841,0.325435,0.158543,0.0967405,-0.00131646,-0.00723706,-0.0101644,-0.0119866,-0.0114572,0.000137657,0.000270406,0.000537709,0.000811547,0.000943701
2.92,-0.31258256999999995,-59669.5,0.0291787,0.283774,0.19962,0.100566,-0.0264617,0.00143938,-0.000720918,-0.0049138,-0.0093955,-0.0107544,0.000138887,0.000190826,0.000386927,0.000597726,0.000721584
2.94,-0.18204297,-54817.2,-0.0649486,0.0759945,0.00970791,-0.00921827,-0.105307,0.00108168,0.00287676,-0.00282052,-0.00848202,-0.0120721,0.000164097,0.000212384,0.000309584,0.000418951,0.000493318
2.96,-0.011898657,-29142.4,-0.312711,-0.39563,-0.334961,-0.320648,-0.296269,-0.00269491,-0.000319589,-0.00607306,-0.0117807,-0.0160879,0.000147965,0.000237956,0.000220648,0.000216324,0.000211718
2.98,0.33183914999999997,7791.77,-0.0407249,-0.28393,-0.109603,-0.0739124,0.0427086,-0.00622927,-0.00711519,-0.0105187,-0.0157263,-0.0186235,5.8723e-05,0.000163608,5.47308e-05,-5.87461e-05,-0.000135396
3.0,0.12373007999999999,20517.4,0.240225,0.0160456,0.1474,0.25673,0.353876,-0.00423427,-0.00979403,-0.0101407,-0.0138981,-0.0146577,-4.59123e-05,-5.4837e-06,-0.000151863,-0.00035499,-0.000468208
3.02,-0.14083038,7074.71,0.123587,0.1374,0.103226,0.304855,0.331017,-0.000596145,-0.00825957,-0.00763445,-0.00828226,-0.00780872,-9.42164e-05,-0.00018602,-0.000329615,-0.000576794,-0.000692871
3.04,-0.13641632999999997,11274.5,-0.17261,0.0881699,-0.0477731,0.144699,0.163128,-0.00108637,-0.00600388,-0.00707992,-0.00378672,-0.00286727,-0.000111042,-0.000328654,-0.000476759,-0.000697484,-0.000799631
3.06,0.0006945435,49793.2,-0.188895,0.0186578,-0.0310801,0.00530012,0.0756659,-0.00470142,-0.0049356,-0.00786845,-0.00228673,-0.00047933,-0.00016892,-0.000438049,-0.000626243,-0.000758218,-0.000833097
3.08,0.050297832,81139.6,0.268355,0.211613,0.352055,0.206122,0.263115,-0.00390682,-0.00263289,-0.00465871,-0.000172502,0.00290848,-0.000255002,-0.000513734,-0.000751514,-0.00078281,-0.000808806
3.1,-0.22007825999999997,62892.4,0.408805,0.314006,0.542116,0.351651,0.275241,0.00286478,0.0026233,0.004283,0.00540524,0.00829203,-0.000265423,-0.00051383,-0.000755271,-0.000730483,-0.000696801
3.12,-0.35196017999999996,20086.5,-0.0473861,0.130259,0.24321,0.163727,-0.0332736,0.00647897,0.00706596,0.0121363,0.010559,0.0107117,-0.000171985,-0.000416937,-0.000591079,-0.00057084,-0.000506763
3.14,-0.10849484999999999,8836.68,-0.291832,0.0131028,-0.0665797,-0.0185384,-0.152898,0.00308679,0.00849958,0.0139025,0.0120109,0.00884999,-7.63275e-05,-0.000261282,-0.000330691,-0.000345141,-0.000311146
3.16,0.07796064,29478.6,-0.0699088,-0.046552,-0.191116,-0.117329,-0.0359828,-0.000530616,0.00816509,0.0113256,0.0106522,0.00696118,-5.07658e-05,-9.4635e-05,-7.84095e-05,-0.00011851,-0.000153035
3.18,0.10989683999999998,28044.8,0.370982,0.079965,0.0316444,0.0617239,0.284595,0.00248011,0.00849922,0.00973088,0.0100962,0.0094473,-3.12708e-05,7.20081e-05,0.000132155,8.89742e-05,1.10502e-05
3.2,-0.12637595999999998,-16241.7,0.0486637,-0.171632,-0.129683,-0.106707,0.0279812,0.00667657,0.00758255,0.00875049,0.00964635,0.0125731,6.0296e-05,0.000232826,0.000316969,0.000286399,0.000231254
3.22,0.06615821999999999,-48159.4,-0.419757,-0.379962,-0.377083,-0.308399,-0.380112,0.00296564,0.00206661,0.00368282,0.00549528,0.00905176,0.000156718,0.000329317,0.000441302,0.000437816,0.000447502
3.24,0.33389802,-35787.8,-0.0803857,-0.0279861,-0.105071,-0.0341882,-0.189472,-0.00203578,-0.00201287,-0.00113872,0.00206941,0.00335591,0.000166017,0.000329855,0.000466743,0.000513463,0.000571579
3.2600000000000002,0.06056811,-33958.2,0.371242,0.269147,0.214228,0.182214,0.137216,0.00087278,0.000398732,-4.71546e-05,0.00354967,0.00283335,0.000154387,0.000313713,0.000454884,0.000569654,0.000633472
3.2800000000000002,-0.24908807999999996,-67647.2,-0.0546556,-0.0853195,-0.0487891,-0.205109,-0.122068,0.00403864,0.002237,0.00160723,0.00332071,0.00298484,0.000203501,0.000340071,0.000470485,0.000638357,0.000691653
3.3000000000000003,0.050296353,-83344.2,-0.299062,-0.116039,-0.0635182,-0.226534,-0.179221,0.000501469,0.000223425,0.00048416,-0.000995723,-2.80481e-05,0.000248902,0.000364675,0.000491399,0.000661607,0.000721221
3.3200000000000003,0.09055457999999998,-63045.7,-0.050158,0.0800517,0.0581078,0.0195985,-0.0785846,-0.00299073,-0.000136444,0.000430056,-0.00306508,-0.0026061,0.000224009,0.000365545,0.000500541,0.000620999,0.00069488
3.34,-0.05623668,-53002.6,0.354659,0.235606,0.176755,0.257689,0.116779,5.42817e-05,0.00302013,0.00277868,-0.000292202,-0.00222416,0.000194645,0.000394382,0.000532629,0.000587426,0.000646577
3.36,-0.23077244999999996,-65555.5,-0.0821272,-0.239163,-0.248853,-0.165042,-0.164914,0.0027796,0.00298457,0.0020577,0.000634266,-0.00270551,0.000222984,0.000454429,0.000580992,0.000590847,0.000597281
3.38,0.16423070999999997,-66137.1,-0.206091,-0.217647,-0.191825,-0.172173,-0.011352,-0.000102579,-0.00158353,-0.00234908,-0.00273789,-0.00446817,0.000249754,0.000468439,0.000578078,0.000569811,0.000525544
3.4,0.11813486999999999,-60693.9,0.0823846,0.0918792,0.0787489,0.0864917,0.233664,-0.00133964,-0.0028412,-0.00347985,-0.0035947,-0.00224504,0.000235332,0.000424192,0.000519789,0.000506485,0.000458412
3.42,-0.13301769,-77563.6,0.211155,0.185122,0.140207,0.196236,0.183223,0.00159576,-7.11853e-05,-0.00129028,-0.000767418,0.00192382,0.000237893,0.000395068,0.000472088,0.000462864,0.0004552
3.44,-0.1837377,-99005.0,-0.0648873,0.0163447,0.0252039,0.0840602,-0.0351089,0.00305844,0.00194349,0.000363828,0.00203555,0.00340496,0.000284435,0.000413791,0.000462823,0.000475545,0.000508487
3.46,-0.047410313999999995,-91703.7,-0.33435,-0.190942,-0.0964221,-0.124314,-0.191731,-0.000933938,0.000197509,-0.000348355,0.00163301,0.00113656,0.00030568,0.000435201,0.000462978,0.000512231,0.000553903
3.48,0.11315166,-48127.3,-0.335136,-0.387182,-0.276134,-0.380661,-0.346254,-0.0076288,-0.00558373,-0.00407392,-0.00341674,-0.00424329,0.000220053,0.000381339,0.000418755,0.000494393,0.000522835
3.5,0.31418906999999996,24800.8,-0.197706,-0.490043,-0.454592,-0.520687,-0.476435,-0.0129572,-0.014356,-0.0113812,-0.0124302,-0.0124702,1.41924e-05,0.000181941,0.000264204,0.000335924,0.0003557
3.52,0.46291119,96453.0,0.294052,0.00449601,-0.0850746,-0.0410729,-0.0601465,-0.0119938,-0.0192115,-0.0167778,-0.0180478,-0.017836,-0.000235317,-0.000153733,-1.73859e-05,3.11433e-05,5.26387e-05
3.54,0.032236895999999994,114474.0,0.518389,0.465406,0.251933,0.339654,0.305432,-0.00386934,-0.0145124,-0.0151093,-0.015062,-0.0153831,-0.000393948,-0.000490972,-0.000336257,-0.000299955,-0.000279553
3.56,-0.33630369,81293.2,0.247542,0.497407,0.230241,0.238033,0.262887,0.00378996,-0.00488431,-0.0102875,-0.00928513,-0.00969996,-0.000394742,-0.00068494,-0.000590225,-0.000543426,-0.000530384
3.58,-0.27319373999999996,57646.2,-0.0954555,0.313172,0.148757,0.0321563,0.0833756,0.00531082,0.00322148,-0.00649755,-0.00658323,-0.00623733,-0.000303734,-0.000701568,-0.000758076,-0.00070211,-0.000689756
3.6,-0.08913014999999999,58028.5,-0.0248514,0.2274,0.327393,0.151378,0.120903,0.00410775,0.0086272,-0.00173605,-0.00474789,-0.00419455,-0.000209549,-0.000583081,-0.000840412,-0.000815421,-0.000794075
3.62,-0.15540923999999998,38705.0,0.0858638,0.0221284,0.390393,0.261639,0.118022,0.00471787,0.0111225,0.00544181,-0.000617725,-0.0018053,-0.000121293,-0.000385584,-0.000803355,-0.000869077,-0.000854074
3.64,-0.15766038,-11697.7,0.078449,-0.0674662,0.351576,0.357759,0.212934,0.006361,0.0106691,0.0128615,0.00557625,0.00150426,-1.05038e-05,-0.000167668,-0.000620321,-0.000819492,-0.000857084
3.66,-0.16144866,-48008.2,-0.281861,-0.23649,-0.0406286,0.141339,0.150601,0.00432688,0.00762955,0.015971,0.0105672,0.00513961,9.6375e-05,1.53183e-05,-0.000331997,-0.000658057,-0.000790645
3.68,0.08020617,-38998.3,-0.221007,-0.106173,-0.207233,0.111282,0.32469,-0.000701807,0.00420292,0.0134924,0.0130934,0.00989252,0.000132626,0.000133643,-3.73636e-05,-0.000421451,-0.000640324
3.7,0.06540902999999999,74.3477,-0.247471,-0.360744,-0.573796,-0.252062,0.0576081,-0.0053866,-0.000466252,0.00568206,0.0116856,0.0137155,7.17417e-05,0.00017101,0.000154381,-0.00017366,-0.000404244
3.72,0.34503641999999995,42963.0,0.073854,-0.262064,-0.365707,-0.198929,0.014377,-0.00712277,-0.00669433,-0.00371297,0.00717572,0.0144354,-5.33519e-05,9.94038e-05,0.000174071,1.49533e-05,-0.000122735
3.74,0.20614760999999998,76914.5,-0.0528001,-0.333838,-0.309664,-0.365799,-0.389711,-0.00691223,-0.0126533,-0.0104667,0.00152844,0.010682,-0.000193702,-9.40729e-05,3.2275e-05,0.000101995,0.000128439
3.7600000000000002,0.30649112999999994,105775.0,0.0727755,0.0203153,0.0138885,-0.210231,-0.452685,-0.00671248,-0.0157886,-0.0134244,-0.00423186,0.00225806,-0.000329949,-0.000378492,-0.000206636,7.49607e-05,0.00025784
3.7800000000000002,0.09747069,121436.0,0.303999,0.450308,0.304153,0.0058152,-0.286146,-0.00294474,-0.0110823,-0.010244,-0.00627602,-0.00513025,-0.000426521,-0.000647201,-0.000443321,-3.01181e-05,0.000229118
3.8000000000000003,-0.17919564,93552.9,0.584929,0.885248,0.665932,0.349377,0.184143,0.00594454,0.00227322,-0.000543162,-0.0027241,-0.00615028,-0.000396523,-0.000735292,-0.000551192,-0.000120119,0.000116312
3.8200000000000003,-0.5773913999999999,3486.59,0.531029,0.98089,0.840051,0.553833,0.543035,0.0171041,0.0209346,0.0145167,0.006308,0.0011215,-0.000166037,-0.000503214,-0.000411457,-8.42803e-05,6.60246e-05
3.84,-0.7697379,-99173.0,-0.400966,0.0526124,0.0884305,-0.0678931,-0.0410599,0.0184047,0.0312696,0.0238015,0.0111674,0.00614125,0.000189052,1.8828e-05,-2.8276e-05,9.04738e-05,0.000138652
3.86,-0.016935213,-128115.0,-0.696914,-0.612398,-0.390762,-0.309469,-0.334053,0.00742595,0.0256718,0.0207782,0.00739378,0.00239011,0.000447359,0.000588242,0.00041752,0.000276086,0.000223966
3.88,0.43043897999999997,-102184.0,-0.0821707,-0.606595,-0.269588,0.0550296,0.0496392,-0.000364901,0.0134818,0.0141746,0.00484938,-0.000454028,0.000517969,0.000979778,0.000767048,0.000398517,0.000243326
3.9,0.21529190999999998,-117944.0,0.298714,-0.460455,-0.174643,0.271879,0.428714,0.00180053,0.00281135,0.00973233,0.00811847,0.00432951,0.000532326,0.00114271,0.00100612,0.000528196,0.000282081
3.92,-0.000761328,-157530.0,-0.535946,-0.842883,-0.812995,-0.400558,-0.0728318,-0.000571789,-0.010222,-0.000144056,0.00683169,0.00788833,0.000544613,0.0010686,0.001102,0.000677697,0.00040426
3.94,0.5555990999999999,-107362.0,-0.828568,-0.622536,-0.894076,-0.629498,-0.317881,-0.0142169,-0.0248762,-0.0172148,-0.00346887,0.0039812,0.000396726,0.000717621,0.000928412,0.000711325,0.000522955
3.96,0.6437015999999999,10612.6,0.320924,0.435883,0.0917755,0.121874,0.20159,-0.0192934,-0.0267428,-0.0252378,-0.00854511,0.0028183,6.16227e-05,0.000201431,0.000503887,0.000591186,0.00059095
3.98,-0.22953671999999997,53810.0,0.989475,0.846661,0.720385,0.450983,0.246441,-0.00618938,-0.0139173,-0.0171162,-0.00281654,0.00729862,-0.000193205,-0.00020517,8.03476e-05,0.000477569,0.000692119
4.0,-0.6654276,57.3356,0.445819,0.611761,0.71958,0.194337,-0.172317,0.00816355,0.000666911,-0.00271651,0.00363666,0.00803986,-0.000173463,-0.000337674,-0.000117979,0.00048577,0.000845504
4.0200000000000005,-0.4852089,-48047.0,-0.307216,0.353156,0.450106,-0.117835,-0.476145,0.00954958,0.0103161,0.00898035,0.00440168,0.00155524,3.66811e-06,-0.000227844,-5.53408e-05,0.000566154,0.000941455
4.04,-0.17379218999999999,-39602.4,-0.359956,0.118568,0.0644462,-0.279417,-0.500181,0.00287787,0.0150333,0.0141259,0.000429161,-0.00820802,0.000127943,2.565e-05,0.000175721,0.000614462,0.000874927
4.0600000000000005,0.08128074,-14544.8,0.0592538,-0.1664,-0.234928,-0.234079,-0.241968,-0.00012915,0.014555,0.012421,-0.0047058,-0.0156295,0.00015543,0.000321533,0.00044119,0.000571696,0.000636551
4.08,0.18031967999999998,-23759.5,0.242499,-0.344864,-0.289621,-0.0154729,0.189646,0.00288838,0.00944235,0.00717555,-0.00720131,-0.0161527,0.000183022,0.000561507,0.000637156,0.000452625,0.000318729
4.1,0.09564744,-67371.6,-0.0534897,-0.417464,-0.354438,0.0620952,0.374308,0.00477847,0.00181908,0.000734967,-0.00673509,-0.0105132,0.00025969,0.000674121,0.000716262,0.00031326,5.20692e-05
4.12,0.11516871,-106706.0,-0.0957378,-0.123321,-0.225597,0.22902,0.491957,0.00328619,-0.00358876,-0.00506538,-0.00382394,-0.00185056,0.000340337,0.000656424,0.000672958,0.00020767,-7.15686e-05
4.14,-0.0049721073,-124300.0,0.0177174,0.125823,-0.0380839,0.316162,0.446257,0.00250599,-0.00356373,-0.00770218,0.00162788,0.00753157,0.000398259,0.000584899,0.000545282,0.00018571,-1.47585e-05
4.16,-0.12935027999999998,-136642.0,-0.0278806,0.111255,0.182798,0.250257,0.266696,0.00240436,-0.00119295,-0.00625504,0.00729208,0.0146611,0.000447362,0.000537332,0.00040571,0.000274909,0.000207168
4.18,-0.19192473,-157496.0,-0.0823073,0.0988166,0.489825,0.208491,0.130246,0.00130248,0.000907774,0.00047119,0.0118796,0.0186305,0.00048443,0.00053448,0.000347871,0.000466626,0.000540085
4.2,-0.2934132,-195121.0,0.341341,0.585215,1.02098,0.59735,0.394632,0.00389281,0.00774809,0.0155792,0.019938,0.0238793,0.000536383,0.000621039,0.000508375,0.000784801,0.000965183
4.22,-0.7399436999999999,-246980.0,0.218873,0.548441,0.703972,0.458787,0.172745,0.00949495,0.0190846,0.0328288,0.0304993,0.0295531,0.000670261,0.000889366,0.000992455,0.00128917,0.00149951
4.24,-0.5719905,-300961.0,0.285261,0.625326,0.465184,0.517809,0.34917,0.0145363,0.0308223,0.0445203,0.0402653,0.0347722,0.000910573,0.00138844,0.00176595,0.00199682,0.00214276
4.26,-0.6237606,-352914.0,-0.275029,-0.164527,-0.410681,-0.217329,-0.0784018,0.0146386,0.0354303,0.0450654,0.0432701,0.0374799,0.00120232,0.00205096,0.0026618,0.00283217,0.00286528
4.28,0.031402994999999996,-394875.0,-0.194185,-0.488852,-0.609253,-0.459602,-0.0990258,0.00994648,0.0288965,0.034866,0.0365008,0.0357056,0.00144817,0.00269423,0.00346112,0.00362988,0.00359714
4.3,0.18416406,-444890.0,0.171329,-0.366623,-0.352943,-0.249843,0.00327642,0.00971791,0.0203417,0.0252441,0.0294063,0.0347481,0.00164482,0.00318661,0.00406222,0.00428895,0.00430167
4.32,-0.024727452,-535733.0,0.250692,-0.119494,-0.10286,0.027924,-0.0357453,0.0139381,0.0154806,0.020686,0.0271872,0.0344234,0.00188138,0.00354484,0.00452152,0.00485489,0.00499339
4.34,-0.25033656,-634298.0,-0.389381,-0.351606,-0.422064,-0.322984,-0.554495,0.0125512,0.0107696,0.0154368,0.0242366,0.028521,0.00214627,0.00380734,0.00488275,0.00536913,0.00562283
4.36,0.06352407,-666796.0,-0.644606,-0.415294,-0.526891,-0.62045,-0.727009,0.00221136,0.00310059,0.00594725,0.0148022,0.015706,0.0022939,0.00394604,0.00509659,0.00575951,0.0060651
4.38,0.19470882,-634711.0,-0.168264,-0.146851,-0.192306,-0.504183,-0.43359,-0.00591735,-0.00252086,-0.00124473,0.00355588,0.00410002,0.00225684,0.00395184,0.00514361,0.0059431,0.00626317
4.4,-0.07714259999999999,-612033.0,0.300476,0.0761477,0.110145,-0.222071,-0.19868,-0.00459524,-0.00322789,-0.00206634,-0.00370665,-0.00222268,0.00215171,0.00389435,0.0051105,0.00594159,0.00628194
4.42,-0.34939028999999994,-605940.0,-0.233468,-0.394139,-0.407859,-0.540128,-0.718122,-0.00392516,-0.0064078,-0.00504348,-0.0113286,-0.0113907,0.00206651,0.00379799,0.0050394,0.00579123,0.0061458
4.44,0.12006675,-548002.0,-0.460856,-0.495351,-0.678448,-0.598124,-0.821366,-0.0108684,-0.0153027,-0.0159066,-0.0227112,-0.0267856,0.00191857,0.00358089,0.0048299,0.00545084,0.00576404
4.46,0.30114938999999996,-443752.0,0.0207434,-0.179155,-0.480676,-0.358436,-0.356312,-0.0152695,-0.0220478,-0.0274978,-0.0322768,-0.0385624,0.00165719,0.00320738,0.00439586,0.00490096,0.00511056
4.48,0.05665182,-373920.0,0.379474,-0.00258383,-0.245359,-0.220218,0.0292436,-0.0112673,-0.0238651,-0.0347581,-0.0380633,-0.041833,0.00139182,0.00274825,0.0037733,0.00419756,0.00430661
4.5,-0.12711087,-357048.0,0.125925,-0.0156187,-0.0998573,-0.154914,0.067486,-0.00621336,-0.0240472,-0.0382103,-0.0418146,-0.0408658,0.00121702,0.00226913,0.00304362,0.00339878,0.00347962
4.5200000000000005,-0.13739298,-335809.0,-0.273275,0.00259478,0.0329784,-0.0146356,-0.0656553,-0.00768686,-0.0241774,-0.0388791,-0.0435101,-0.0408474,0.00107801,0.00178688,0.00227272,0.00254553,0.00266249
4.54,-0.11337504,-281414.0,-0.00680985,0.326006,0.426649,0.407224,0.146744,-0.0104877,-0.0208914,-0.0342828,-0.0395842,-0.0400366,0.000896268,0.0013362,0.0015411,0.00171459,0.00185365
4.5600000000000005,-0.38672280000000003,-233630.0,0.392573,0.506512,0.714431,0.677079,0.486767,-0.00663009,-0.0125662,-0.022872,-0.0287412,-0.0337015,0.00072509,0.00100162,0.000969555,0.00103133,0.00111627
4.58,-0.6157842,-215714.0,0.0595033,0.139529,0.447138,0.396142,0.445244,-0.00210933,-0.0061058,-0.0112563,-0.018009,-0.0243813,0.000637696,0.0008149,0.000628272,0.000563828,0.00053544
4.6000000000000005,-0.35118650999999995,-193653.0,-0.238369,-0.0292676,0.234424,0.274642,0.467973,-0.00389798,-0.00500318,-0.00444071,-0.0113012,-0.0152492,0.000577623,0.00070381,0.000471301,0.000270726,0.000139135
4.62,-0.19745823,-146390.0,-0.131023,0.0043148,0.0913465,0.315773,0.462986,-0.0075919,-0.00525271,-0.00118301,-0.00539701,-0.00593959,0.000462724,0.000601251,0.000415064,0.000103745,-7.27528e-05
4.64,-0.14820293999999998,-65697.7,-0.411575,-0.563873,-0.605678,-0.260008,-0.2064,-0.0130179,-0.0108483,-0.00632632,-0.00483937,-0.00337373,0.000256626,0.000440241,0.000339971,1.38083e-06,-0.000165886
4.66,0.47874311999999997,73079.5,-0.518696,-0.930756,-0.965251,-0.69597,-0.637578,-0.0223206,-0.0257946,-0.0220356,-0.0143992,-0.0118135,-9.67584e-05,7.38122e-05,5.63515e-05,-0.000191004,-0.000317758
4.68,0.8471865,240716.0,-0.0304055,-0.573415,-0.60124,-0.559037,-0.449573,-0.0278116,-0.0408363,-0.0377005,-0.0269492,-0.022685,-0.00059808,-0.000592496,-0.00054101,-0.000604488,-0.000662744
4.7,0.562836,342766.0,0.854365,0.46477,0.29152,0.124872,0.177739,-0.019572,-0.0419227,-0.0407977,-0.0312909,-0.0254034,-0.00107192,-0.00142009,-0.00132599,-0.00118689,-0.00114363
4.72,-0.23755136999999998,346660.0,0.667453,0.88406,0.49297,0.222932,0.0946114,-0.00435383,-0.0284344,-0.0329528,-0.0278128,-0.0226799,-0.00131118,-0.00212366,-0.0020635,-0.00177793,-0.00162446
4.74,-0.36182868,342570.0,-0.227276,0.609766,0.183246,-0.147118,-0.422277,4.7934e-05,-0.0134962,-0.0261907,-0.0270547,-0.0259565,-0.00135423,-0.00254296,-0.00265493,-0.0023266,-0.00211082
4.76,0.044276924999999995,420497.0,-0.728285,-0.0647259,-0.203082,-0.604615,-0.866372,-0.00950768,-0.00804578,-0.026389,-0.034572,-0.038843,-0.00144883,-0.00275838,-0.00318073,-0.00294287,-0.00275882
4.78,0.5705523,527492.0,0.39946,0.187025,0.482727,0.0974451,-0.0476009,-0.0127959,-0.00682279,-0.0235926,-0.0396437,-0.0479827,-0.00167187,-0.00290707,-0.00368055,-0.00368503,-0.00362708
4.8,-0.0006544983,547970.0,0.656229,-0.00349262,0.486698,0.350003,0.303943,-0.00223903,-0.00498747,-0.0138983,-0.0351693,-0.0454193,-0.00182222,-0.00302517,-0.00405545,-0.00443316,-0.0045611
4.82,-0.030046395,500317.0,0.0153484,-0.132297,0.108024,0.405928,0.447593,0.00447674,-0.00634536,-0.0079511,-0.0276099,-0.0379039,-0.00179984,-0.0031385,-0.00427395,-0.00506095,-0.00539433
4.84,0.16156698,469613.0,-0.0857819,0.384144,0.195584,0.83444,1.04471,0.0037724,-0.00382689,-0.00491502,-0.0152063,-0.0229809,-0.00171735,-0.00324022,-0.00440261,-0.00548911,-0.00600318
4.86,-0.14177388,454747.0,0.102619,0.510154,0.224418,0.85154,1.26688,0.00394077,0.00511608,-0.000714995,0.00165354,0.000135039,-0.00164022,-0.00322733,-0.00445891,-0.00562464,-0.00623163
4.88,-0.21695858999999998,451082.0,-0.355468,-0.343588,-0.226505,0.0706695,0.501641,0.00141227,0.00678174,-0.000735868,0.0108756,0.0178202,-0.00158669,-0.00310835,-0.00447342,-0.00549935,-0.00605208
4.9,0.43040379,465318.0,0.126684,-0.0276949,0.582522,0.528314,0.648579,-0.00087557,0.00306892,0.0028243,0.0168655,0.0293224,-0.00158132,-0.00300985,-0.00445253,-0.00522193,-0.00558066
4.92,-0.09978710999999998,440120.0,0.346027,0.296584,0.96575,0.788707,0.478946,0.00385154,0.00575781,0.018307,0.0300357,0.0405977,-0.00155156,-0.00292158,-0.00424122,-0.00475292,-0.00488145
4.94,-0.37396412999999995,367219.0,0.187314,0.420507,0.663374,0.56106,0.104986,0.00918496,0.0129287,0.0345983,0.0435334,0.046437,-0.00142119,-0.00273471,-0.00371217,-0.00401723,-0.00401111
4.96,-0.22648896,321335.0,-0.136676,0.368897,0.120007,0.0791264,-0.0875423,0.00969134,0.0208228,0.0424321,0.0499352,0.0466114,-0.00123243,-0.0023972,-0.00294186,-0.00308255,-0.00308062
4.98,0.035211318,300809.0,0.256841,0.643591,0.225166,0.129534,0.374538,0.010893,0.0309476,0.0458838,0.0520218,0.0494814,-0.00102659,-0.0018795,-0.00205871,-0.00206298,-0.00211969
5.0,-0.26907549,237229.0,0.173631,0.0832883,-0.181109,-0.337412,-0.0108231,0.0151977,0.0382164,0.0463244,0.049943,0.0531185,-0.000765682,-0.00118785,-0.00113662,-0.00104333,-0.0010937
5.0200000000000005,0.10115748,141969.0,0.0150966,-0.377529,-0.431765,-0.523645,-0.517643,0.017085,0.035274,0.0401956,0.0413325,0.0478339,-0.000442855,-0.00045295,-0.000271424,-0.000130573,-8.41713e-05
5.04,0.3915963599999999,73936.5,-0.36345,-0.723015,-0.715155,-0.671815,-0.994157,0.0136015,0.0242686,0.0287264,0.0293779,0.0327159,-0.00013599,0.000142476,0.000417797,0.000576531,0.000721326
5.0600000000000005,0.6715628999999999,21983.5,-0.00760092,-0.318199,-0.381083,-0.302104,-0.57212,0.00989095,0.0138564,0.017764,0.0196387,0.0170531,9.89339e-05,0.000523726,0.000882701,0.0010667,0.00121902
5.08,0.27298362,-74794.4,0.341728,0.11116,-0.0317054,-0.0631341,0.0185023,0.0132322,0.011786,0.0136362,0.0159863,0.0115169,0.000330166,0.00078015,0.0011967,0.00142295,0.00150472
5.1000000000000005,-0.13357919999999998,-221853.0,0.281206,0.446535,0.289159,0.146318,0.442932,0.0194616,0.017363,0.0162107,0.0168181,0.0161313,0.000657103,0.00107164,0.00149517,0.00175099,0.0017812
5.12,-0.45059622,-353555.0,-0.312285,0.286539,0.201417,0.0850591,0.212209,0.0191508,0.0246937,0.0211164,0.0191319,0.0226827,0.00104323,0.00149221,0.00186844,0.00211049,0.00216934
5.14,-0.31214397,-399521.0,-0.82782,-0.403934,-0.309015,-0.306736,-0.504903,0.00774971,0.0235198,0.0200405,0.0169151,0.0197558,0.00131223,0.00197434,0.00228001,0.00247096,0.00259372
5.16,0.24890193,-354520.0,-0.437387,-0.7686,-0.440463,-0.36802,-0.649053,-0.00490236,0.0117945,0.0125457,0.0101676,0.00821619,0.0013407,0.00232749,0.00260587,0.00274179,0.00287344
5.18,0.38681001,-307814.0,0.372754,-0.465528,-0.0682732,0.00376252,-0.0331274,-0.00554868,-0.000546823,0.00745832,0.00652501,0.00139439,0.00123619,0.00243996,0.00280591,0.00290871,0.00296955
5.2,-0.05749332,-349213.0,0.61197,0.126313,0.230196,0.339113,0.586056,0.00429856,-0.00393897,0.00907754,0.00995376,0.00692367,0.00122369,0.0023951,0.00297127,0.0030735,0.00305273
5.22,-0.5077962899999999,-428217.0,-0.376286,-0.0423328,-0.438602,-0.23066,0.061341,0.00665541,-0.00309917,0.00699348,0.0110383,0.0133976,0.00133323,0.00232472,0.00313198,0.00328342,0.00325594
5.24,0.009363141,-387722.0,-1.26538,-0.674356,-1.2916,-1.08428,-0.963958,-0.00976122,-0.0102661,-0.0103085,-0.00211114,0.00437147,0.00130217,0.00219107,0.00309883,0.00337269,0.00343363
5.26,0.8519142,-215274.0,-0.159631,-0.289451,-0.567645,-0.599652,-0.670569,-0.0240113,-0.0199041,-0.028901,-0.0189505,-0.0119738,0.000964449,0.00188937,0.00270674,0.00316208,0.00335761
5.28,0.32143056,-121811.0,1.41549,0.559383,0.827479,0.456692,0.269668,-0.0114527,-0.0172048,-0.0263027,-0.0203801,-0.0159828,0.000609809,0.00151828,0.0021547,0.00276877,0.00307804
5.3,-0.8019596999999999,-217422.0,0.837197,0.462401,0.839391,0.35144,0.0915068,0.0110742,-0.00698697,-0.00963395,-0.0122988,-0.0123711,0.000606024,0.00127636,0.00179533,0.00244198,0.0027945
5.32,-0.6878930999999999,-318783.0,-0.870784,-0.0502875,-0.125016,-0.390436,-0.656178,0.0107383,-0.00286584,-0.0024902,-0.0126887,-0.0180178,0.00082415,0.00117783,0.00167409,0.00219211,0.00249062
5.34,0.16301283,-273170.0,-0.611686,0.407858,-0.0604228,-0.0133442,-0.120061,-0.00408637,0.000709865,-0.00434459,-0.0167265,-0.0257802,0.000890669,0.00115627,0.00160574,0.00189795,0.00205264
5.36,-0.10581224999999998,-202060.0,0.544679,0.512108,0.28344,0.432308,0.605521,-0.00475644,0.00990953,-0.00211441,-0.0125369,-0.0209256,0.000802241,0.00126247,0.00154115,0.00160532,0.00158558
5.38,-0.5108517,-225042.0,0.295756,-0.457826,-0.078512,0.000856878,0.319531,0.00364791,0.0104524,-6.51285e-05,-0.00820526,-0.0116751,0.000791156,0.00146609,0.00151936,0.0013979,0.00125957
5.4,-0.024383406,-238207.0,-0.917859,-1.3284,-0.740145,-0.613049,-0.451891,-0.00257312,-0.00740989,-0.0082517,-0.0143272,-0.0129987,0.000801904,0.00149651,0.00143619,0.00117257,0.00101284
5.42,0.7464359999999999,-124447.0,-0.974767,-1.04827,-0.880653,-0.518773,-0.612665,-0.0214994,-0.0311766,-0.0244597,-0.0256454,-0.0236442,0.000561179,0.00111065,0.00110908,0.000772847,0.000646407
5.44,0.8110172999999999,43275.2,0.298733,-0.0619652,-0.38386,0.0864582,0.00499135,-0.0282597,-0.0422789,-0.0371048,-0.0299686,-0.0297209,6.3588e-05,0.000376092,0.000493432,0.000216708,0.000112755
5.46,0.1594464,125854.0,0.942319,0.551838,0.177793,0.35767,0.561278,-0.0158492,-0.0373802,-0.0391655,-0.0255273,-0.0240583,-0.000377501,-0.0004205,-0.000269271,-0.00033825,-0.000425037
5.48,-0.38448288,124544.0,0.15427,0.486879,0.33237,0.0190937,0.340028,-0.0048833,-0.026993,-0.0340638,-0.0217596,-0.0150452,-0.000584826,-0.00106423,-0.00100156,-0.00081112,-0.000816071
5.5,-0.28685409,174671.0,-0.888981,-0.0467376,-0.0917163,-0.647976,-0.687027,-0.0122304,-0.0225916,-0.0316573,-0.0280485,-0.0185152,-0.000755963,-0.00156008,-0.00165878,-0.0013092,-0.00115168
5.5200000000000005,0.42047255999999994,329503.0,-0.0213313,0.314449,0.294553,-0.120337,-0.678868,-0.0213335,-0.0199145,-0.0296289,-0.0357316,-0.0321741,-0.0010916,-0.00198514,-0.00227164,-0.001947,-0.00165857
5.54,0.13923051,458285.0,0.874116,0.415029,0.538092,0.354984,-0.268147,-0.0128057,-0.0126197,-0.0213025,-0.0333851,-0.0416443,-0.00143299,-0.00231048,-0.00278095,-0.00263817,-0.00239675
5.5600000000000005,-0.17011559999999998,476787.0,0.14875,-0.31198,-0.0800267,-0.171661,-0.281857,-0.00257702,-0.0115892,-0.0167218,-0.0315519,-0.0471443,-0.00158682,-0.00255257,-0.0031612,-0.00328754,-0.00328464
5.58,0.34228242,455624.0,0.00498686,0.149205,0.16009,0.164885,0.596963,-0.00103965,-0.013217,-0.0159212,-0.0316196,-0.0439933,-0.00162299,-0.00280063,-0.00348763,-0.00391925,-0.00419602
5.6000000000000005,-0.00041686889999999996,454532.0,-0.0423292,0.399835,0.0360032,0.318034,0.797555,-0.00141307,-0.00772658,-0.0139603,-0.0267904,-0.0300481,-0.00164752,-0.00301007,-0.00378644,-0.00450335,-0.00493643
5.62,0.019040952,485623.0,-0.105773,0.085198,-0.262563,0.270524,0.420577,-0.0028941,-0.00287625,-0.0162259,-0.0209049,-0.0178668,-0.00169059,-0.0031161,-0.0040883,-0.00498031,-0.00541558
5.64,0.30624582,514794.0,0.363208,0.196634,0.38777,0.797794,0.726615,-0.000319751,-5.79341e-05,-0.0149738,-0.0102217,-0.00639486,-0.00172273,-0.00314544,-0.0044003,-0.00529157,-0.00565819
5.66,-0.15999057,479645.0,0.192882,-0.0190287,0.687001,0.673956,0.649814,0.00524115,0.00171811,-0.00422609,0.00449582,0.00736943,-0.00167351,-0.00312884,-0.0045923,-0.00534883,-0.00564845
5.68,-0.17743817999999997,414165.0,-0.181049,-0.0489214,0.605799,0.345262,0.371778,0.00535948,0.00103861,0.00870191,0.014688,0.0175854,-0.00156751,-0.00310127,-0.00454754,-0.00515699,-0.0053989
5.7,0.019730676,390112.0,0.00155388,0.524892,0.690046,0.597216,0.519418,0.00356453,0.00579832,0.0216604,0.0241128,0.0264973,-0.00147827,-0.0030329,-0.00424392,-0.00476899,-0.00495807
5.72,-0.24158547,385562.0,0.139643,0.653688,0.454372,0.631938,0.501579,0.0049765,0.0175841,0.0331045,0.0364043,0.0367073,-0.00139285,-0.00279908,-0.00369627,-0.00416381,-0.00432603
5.74,-0.29122887,357017.0,0.115737,0.247138,0.0836237,0.245201,0.28832,0.0075303,0.0265924,0.0384845,0.0451757,0.0446063,-0.00126779,-0.00235731,-0.00298038,-0.00334801,-0.00351289
5.76,-0.050213019,312383.0,0.165435,-0.031648,-0.00689481,-0.0686182,0.160384,0.010342,0.0287473,0.0392518,0.0469415,0.0490933,-0.00108906,-0.00180391,-0.00220302,-0.00242684,-0.0025759
5.78,0.08169077999999999,267439.0,0.0137803,-0.253851,-0.22012,-0.34848,-0.220827,0.0121342,0.0258923,0.0369816,0.0427706,0.0484889,-0.000864302,-0.00125752,-0.00144068,-0.00152972,-0.00160007
5.8,0.31280339999999995,234249.0,-0.403501,-0.658362,-0.790525,-0.761437,-0.918296,0.00823697,0.0167701,0.0268752,0.0316714,0.0370977,-0.00066059,-0.000830895,-0.000802115,-0.000785301,-0.000744208
5.82,0.7827632999999999,200681.0,0.142337,-0.137125,-0.381234,-0.279755,-0.517093,0.00562534,0.00881526,0.0151576,0.0212595,0.0227438,-0.000521967,-0.000575041,-0.000381787,-0.000255992,-0.000145794
5.84,0.27029184,146383.0,-0.190375,-0.388165,-0.597662,-0.690149,-0.708331,0.00514496,0.00356235,0.00536861,0.0115604,0.0104895,-0.000414264,-0.000451265,-0.000176525,7.22071e-05,0.000186539
5.86,0.5125704,111303.0,-0.246268,-0.224514,-0.368183,-0.688619,-0.533204,0.000778521,-0.00256443,-0.00428984,-0.00222724,-0.0019258,-0.000355029,-0.000441285,-0.000165737,0.000165539,0.000272177
5.88,0.39324978,122453.0,-0.125637,-0.0199348,-0.154022,-0.442549,-0.432531,-0.00294054,-0.00500892,-0.00951188,-0.0135389,-0.0115831,-0.000376649,-0.000517019,-0.000303755,7.87768e-06,0.000137088
5.9,0.23400839999999998,117596.0,0.664731,0.646896,0.531922,0.467084,0.216475,0.0024504,0.00126069,-0.00573288,-0.0132936,-0.0137437,-0.000381551,-0.000554501,-0.000456202,-0.000260447,-0.000116181
5.92,-0.48177659999999994,41651.7,0.405594,0.409975,0.39438,0.451506,0.20695,0.0131536,0.0118294,0.00353015,-0.00410766,-0.00950945,-0.00022551,-0.0004236,-0.000478229,-0.000434459,-0.000348713
5.94,-0.36729179999999995,-46380.2,-0.36396,-0.101669,0.00977138,0.0135328,0.0554552,0.01357,0.0149125,0.00757166,0.000542731,-0.0068854,4.17258e-05,-0.000156182,-0.000367211,-0.000470109,-0.000512661
5.96,0.049947308999999995,-40950.8,-1.14034,-0.8981,-0.710518,-0.719243,-0.464844,-0.00147306,0.00491478,0.000564195,-0.00651437,-0.0109793,0.000162695,4.20906e-05,-0.000285853,-0.000529825,-0.000691308
5.98,0.7964772,67317.3,-0.527689,-0.847884,-0.633929,-0.476854,-0.299389,-0.0181534,-0.0125451,-0.0128803,-0.0184753,-0.0186216,-3.35696e-05,-3.42123e-05,-0.000409014,-0.000779722,-0.000987317
6.0,0.6802788,154483.0,0.828176,0.063261,0.247519,0.589086,0.586844,-0.0151485,-0.0203913,-0.0167444,-0.017353,-0.0157471,-0.000366589,-0.000363576,-0.00070526,-0.00113801,-0.001331
6.0200000000000005,-0.27442028999999996,101083.0,1.26091,0.959384,0.981925,1.30373,1.29244,0.00574228,-0.0101648,-0.00444994,0.00157512,0.00304579,-0.000460651,-0.000669137,-0.000917203,-0.00129578,-0.00145802
6.04,-1.0444698,8011.62,-0.827854,-0.139075,-0.373657,-0.268972,-0.146568,0.0100728,-0.00196175,0.00163274,0.0119227,0.0145045,-0.000302501,-0.000790403,-0.000945375,-0.00116081,-0.00128251
6.0600000000000005,0.3454321799999999,82839.2,-1.31034,-0.450354,-0.761358,-0.89344,-0.747153,-0.0113091,-0.00785605,-0.00971741,0.000298564,0.00556731,-0.000314864,-0.000888581,-0.00102622,-0.00103859,-0.0010818
6.08,0.8243027999999999,258747.0,0.390948,0.235011,0.229179,-0.0483811,-0.0948878,-0.020503,-0.0100095,-0.0150392,-0.00911965,-0.0028531,-0.000632986,-0.00106724,-0.00127379,-0.00112681,-0.00105465
6.1000000000000005,-0.044677785,284179.0,1.44542,0.561098,0.952126,0.629462,0.346635,-0.00213938,-0.00204838,-0.00322616,-0.00330884,-0.000335626,-0.00085941,-0.00118782,-0.00145644,-0.00125109,-0.00108654
6.12,-0.6659886,137293.0,0.6133,0.469807,0.802128,0.56122,0.23112,0.0184478,0.00826066,0.0143164,0.00859799,0.00544193,-0.000696326,-0.00112569,-0.00134554,-0.0011982,-0.00103548
6.140000000000001,-0.5372901,22226.2,-0.774202,0.207538,-0.00695467,-0.0280444,-0.161782,0.0168388,0.0150341,0.0222681,0.0139297,0.00613531,-0.000343461,-0.000892744,-0.000979694,-0.000972921,-0.000919705
6.16,0.07841453999999999,51092.6,-0.762366,0.0165421,-0.554803,-0.358357,-0.193217,0.00147308,0.0172749,0.0166505,0.0100657,0.00258533,-0.000160342,-0.000569654,-0.000590508,-0.000732967,-0.000832499
6.18,0.40091865,135212.0,-0.0531702,-0.525511,-0.738625,-0.523603,-0.176422,-0.00668228,0.0121852,0.00371626,0.00124613,-0.00111106,-0.000212434,-0.000275053,-0.00038684,-0.000619848,-0.000817756
6.2,0.5554766999999999,137088.0,0.737279,-0.347964,0.0976013,0.163842,0.419367,0.000158805,0.00345047,-0.00269397,-0.00235148,0.00131839,-0.000277669,-0.000118696,-0.000376617,-0.000630901,-0.000815683
6.22,-0.09205755,49506.6,-0.104321,-0.554455,-0.00165875,0.0105805,-0.0427224,0.00648838,-0.00557372,-0.00173454,-0.000607253,0.00508483,-0.000211197,-0.000139928,-0.000420902,-0.000660489,-0.000751651
6.24,0.16591371,21183.3,-0.875394,-0.483509,-0.502774,-0.347648,-0.62523,-0.00330878,-0.0159534,-0.00677887,-0.00397793,-0.00159469,-0.000179401,-0.000355199,-0.000506036,-0.00070634,-0.000716749
6.26,0.5929922999999999,141635.0,-0.648336,-0.266004,-0.779489,-0.551509,-0.695004,-0.0185461,-0.0234485,-0.0196015,-0.0129695,-0.014797,-0.000397949,-0.000749218,-0.00076984,-0.000875815,-0.000880667
6.28,0.6886886999999999,297433.0,0.379706,0.141906,-0.211495,-0.238403,-0.0248032,-0.0212324,-0.0246895,-0.0295113,-0.0208686,-0.0219951,-0.000795734,-0.0012306,-0.00126097,-0.0012142,-0.00124859
6.3,0.1274235,335274.0,0.888759,0.455323,0.565414,0.160397,0.46923,-0.00854771,-0.0187172,-0.0259721,-0.0216487,-0.0175508,-0.00109353,-0.00166466,-0.0018158,-0.00163937,-0.00164405
6.32,-0.4062389699999999,283432.0,0.131764,0.273671,0.46607,0.0145068,-0.0728396,0.00165752,-0.0114272,-0.0156573,-0.0198997,-0.0135869,-0.00116244,-0.00196611,-0.0022321,-0.00205485,-0.00195543
6.34,-0.09907769999999999,266214.0,0.123797,0.80565,0.672362,0.564115,0.0196808,0.00421313,-0.000634026,-0.00427298,-0.0141134,-0.0141185,-0.00110373,-0.00208672,-0.0024314,-0.00239498,-0.00223248
6.36,-0.35640584999999997,271185.0,0.35107,0.830745,0.555381,0.726613,0.282899,0.0089618,0.0157299,0.00800445,-0.00120616,-0.0110927,-0.000971981,-0.00193576,-0.00239409,-0.00254818,-0.00248459
6.38,-0.42609581999999996,210056.0,0.352839,0.324831,0.387117,0.458599,0.63632,0.0160009,0.0272857,0.0174294,0.010646,-0.00190055,-0.000722354,-0.00150561,-0.00213975,-0.00245378,-0.00261453
6.4,-0.30978216,117950.0,-0.705948,-0.841488,-0.367354,-0.481167,0.108851,0.0124698,0.0221191,0.017627,0.0104203,0.00555117,-0.000437647,-0.00101156,-0.00178918,-0.00224312,-0.00257802
6.42,0.5512233,101159.0,-0.678985,-0.724967,-0.251806,-0.179331,0.131878,-0.00137954,0.00645458,0.0114354,0.00381531,0.00795845,-0.000326745,-0.000725821,-0.00149856,-0.00210076,-0.00244292
6.44,0.46616142,162435.0,-0.290052,-0.552181,-0.416302,0.106833,-0.118731,-0.0110699,-0.0063169,0.00475437,0.00309033,0.00808993,-0.000451239,-0.000724444,-0.00133666,-0.00203171,-0.00228244
6.46,0.46270311,215228.0,0.580128,0.0743846,-0.0528418,0.603504,0.348727,-0.00816915,-0.0110949,6.29313e-05,0.0101937,0.0103899,-0.00064363,-0.000898562,-0.00128849,-0.00189887,-0.00209764
6.48,-0.09200757,192402.0,0.6178,0.419988,0.242359,0.466676,0.717998,0.00381013,-0.00615114,0.00195811,0.0208955,0.0210571,-0.00068722,-0.00107102,-0.00126828,-0.00158797,-0.00178317
6.5,-0.3831783,129504.0,-0.235117,0.224136,0.0419427,-0.29317,0.234841,0.00763696,0.000290104,0.00480113,0.0226305,0.0305855,-0.000572749,-0.00112963,-0.00120068,-0.00115271,-0.00126674
6.5200000000000005,-0.0009128898,107940.0,-0.199318,0.486506,0.30437,-0.197794,-0.117196,0.00329261,0.00739653,0.00826426,0.0177209,0.031762,-0.000463453,-0.00105277,-0.00107003,-0.000749199,-0.000643269
6.54,-0.0960024,107176.0,0.365125,0.630483,0.605471,0.278249,-0.335698,0.00495068,0.0185664,0.0173627,0.0185255,0.027233,-0.00038102,-0.000793137,-0.000813759,-0.000386736,-5.33189e-05
6.5600000000000005,-0.3508371599999999,58537.5,0.37746,0.192005,0.438896,0.22853,-0.504121,0.0123765,0.0267913,0.0278063,0.0235933,0.0188349,-0.000207748,-0.000339559,-0.000362069,3.44516e-05,0.00040736
6.58,-0.22224729,-36532.4,0.125179,-0.0454492,0.256606,0.0228153,-0.145301,0.0174029,0.0282569,0.0347614,0.0261067,0.0123406,9.00464e-05,0.000210922,0.000263608,0.000531451,0.000719115
6.6000000000000005,-0.14726963999999998,-130192.0,-0.258567,-0.189245,-0.204706,-0.30091,0.108718,0.016069,0.0259099,0.0352804,0.0233258,0.0119748,0.000424766,0.00075259,0.000964025,0.00102578,0.000962269
6.62,0.09779658,-194416.0,-0.188462,-0.108303,-0.482166,-0.179713,0.286174,0.0115987,0.0229344,0.0284116,0.0185195,0.0159237,0.000701444,0.00124103,0.00160095,0.00144423,0.00124125
6.640000000000001,0.11438739,-252364.0,0.119217,-0.0332676,-0.370845,0.222448,0.398794,0.0109063,0.0215187,0.0198815,0.0189469,0.0227734,0.000926494,0.00168557,0.00208388,0.00181889,0.00162823
6.66,-0.10435823999999999,-341019.0,0.185172,-0.103635,-0.0369678,0.392842,0.390162,0.0139502,0.0201497,0.0158034,0.0250998,0.030663,0.00117506,0.00210225,0.00244073,0.00225936,0.00216259
6.68,-0.2858499,-414125.0,-0.777285,-0.951224,-0.555028,-0.565213,-0.55013,0.00802906,0.00960111,0.00988345,0.0233761,0.0290633,0.00139485,0.00239976,0.0026976,0.00274412,0.00275985
6.7,0.4906618199999999,-405264.0,-0.359972,-0.401858,-0.0510902,-0.315959,-0.3253,-0.00334351,-0.00392971,0.00382227,0.0145644,0.020309,0.00144171,0.00245647,0.00283465,0.00312352,0.00325358
6.72,0.08948102999999999,-399418.0,0.725019,0.718634,0.781764,0.588478,0.441689,0.000306955,-0.000761942,0.011129,0.0172896,0.0214729,0.00141134,0.00240956,0.00298417,0.00344206,0.00367139
6.74,-0.8649242999999999,-525580.0,1.2004,1.46375,1.29235,1.2244,1.02957,0.0195612,0.0210619,0.0318701,0.0354183,0.0361855,0.00161002,0.00261256,0.00341416,0.00396914,0.00424798
6.76,-1.5490842,-713811.0,-0.278626,0.502662,0.279324,0.176148,0.122369,0.028779,0.040726,0.0475868,0.0494237,0.0477048,0.00209342,0.00323043,0.00420873,0.00481756,0.00508688
6.78,-0.6005199,-798200.0,-0.671389,0.0826826,-0.0256178,-0.198111,-0.111375,0.0192788,0.0465795,0.0501239,0.0492041,0.0478148,0.002574,0.00410349,0.00518583,0.00580384,0.00604208
6.8,-0.28717487999999997,-812632.0,0.151548,-0.0211307,0.108125,0.0330255,0.0786935,0.0140804,0.047195,0.0509489,0.0475532,0.047488,0.0029076,0.00504123,0.00619656,0.00677141,0.0069951
6.82,-0.46576719,-894744.0,0.238906,-0.724349,-0.384493,-0.242924,-0.310694,0.017985,0.0397402,0.0481853,0.0454543,0.0451679,0.00322825,0.00591059,0.0071879,0.00770149,0.00792166
6.84,-0.09542049,-1015300.0,-0.557785,-1.25658,-0.988975,-0.709435,-0.739269,0.0147962,0.0199309,0.0344506,0.0359307,0.0346683,0.00355606,0.0065073,0.00801426,0.00851534,0.00872003
6.86,0.37082048999999995,-1073670.0,-0.58064,-0.606551,-0.741974,-0.474951,-0.318395,0.00341192,0.00129951,0.0171411,0.0240868,0.0240917,0.00373814,0.0067196,0.00853018,0.00911551,0.00930763
6.88,0.006914732999999999,-1094960.0,0.295569,0.420953,-0.0923401,0.0736774,0.339034,0.000561209,-0.000556467,0.00879795,0.0200741,0.0242981,0.00377787,0.00672703,0.00878957,0.00955712,0.00979152
6.9,-0.7133318999999999,-1122380.0,-0.0820293,-0.0968744,-0.569944,-0.573778,-0.425819,0.00269661,0.00268432,0.00217511,0.0150731,0.0234302,0.00381045,0.00674831,0.0088993,0.00990859,0.0102688
6.92,-0.18646824,-1102910.0,-0.526304,-0.537306,-0.618304,-0.872662,-0.985271,-0.00338673,-0.00365749,-0.00970737,0.000608671,0.0093193,0.00380355,0.00673858,0.00882398,0.0100654,0.0105963
6.94,0.06361332,-1016200.0,-0.579762,-0.716987,-0.492199,-0.961935,-1.29497,-0.0144474,-0.0162004,-0.0208124,-0.0177373,-0.0134831,0.00362521,0.00654,0.00851878,0.00989412,0.0105547
6.96,0.16461882,-912336.0,-0.0164635,-0.470452,-0.312402,-0.76812,-1.15513,-0.0204097,-0.0280748,-0.0288584,-0.0350378,-0.0379841,0.00327664,0.00609725,0.00802207,0.00936637,0.01004
6.98,0.039318093,-818274.0,0.181306,-0.247207,-0.421237,-0.618883,-0.853286,-0.0187612,-0.0352514,-0.0361948,-0.0489079,-0.0580682,0.00288493,0.00546399,0.00737154,0.00852691,0.00907947
7.0,-0.012996126,-730882.0,0.101655,0.100857,-0.382278,-0.307228,-0.244665,-0.0159316,-0.0367149,-0.0442299,-0.058169,-0.0690478,0.002538,0.00474432,0.00656729,0.00745615,0.00780831
7.0200000000000005,-0.24357242999999998,-624067.0,-0.593644,-0.391831,-0.941335,-0.7879,-0.480699,-0.0208515,-0.0396246,-0.0574661,-0.0691203,-0.0763014,0.00217017,0.00398093,0.00555033,0.00618325,0.00635482
7.04,0.31818543,-480343.0,0.117828,0.0480822,-0.259218,-0.187373,0.0959716,-0.0256097,-0.0430621,-0.0694716,-0.078873,-0.0801487,0.00170556,0.00315406,0.00428095,0.00470332,0.00479032
7.0600000000000005,-0.13439927999999998,-335382.0,0.0845388,-0.253049,-0.139643,-0.14326,-0.144196,-0.023586,-0.0451118,-0.0734602,-0.0821793,-0.0806309,0.0012136,0.00227232,0.00285164,0.0030928,0.00318252
7.08,0.050864390999999995,-198338.0,-0.271025,-0.511793,-0.0891393,-0.0960275,-0.357464,-0.0254509,-0.0527602,-0.075748,-0.0845722,-0.0856475,0.000723232,0.0012936,0.00135955,0.00142528,0.00151974
7.1000000000000005,0.22492172999999996,-44049.7,-0.247387,-0.236872,0.166304,0.176199,-0.0541944,-0.030635,-0.0602469,-0.0749764,-0.0837705,-0.0897641,0.000162374,0.000163529,-0.000147689,-0.000258143,-0.000234381
7.12,0.05943183,75202.3,1.04714,1.28913,1.42662,1.44727,1.48588,-0.0226375,-0.0497243,-0.0590471,-0.0675357,-0.0754472,-0.000370351,-0.000936182,-0.00148792,-0.0017712,-0.00188649
7.140000000000001,-1.2123770999999999,164849.0,-0.640248,-0.112419,-0.191461,-0.130163,0.117133,-0.0185686,-0.0379572,-0.0466955,-0.0543646,-0.059417,-0.000782412,-0.001813,-0.00254535,-0.00299021,-0.00323514
7.16,0.38177732999999997,351635.0,-0.544937,-0.0157576,-0.063879,0.0666031,0.273352,-0.0304205,-0.039239,-0.0492489,-0.0550002,-0.0555122,-0.0012723,-0.00258496,-0.00350479,-0.00408386,-0.00438443
7.18,0.28962339,569871.0,0.733478,0.655218,0.811537,0.97239,0.990752,-0.0285351,-0.0328444,-0.0417723,-0.0446103,-0.0428711,-0.00186186,-0.00330579,-0.00441501,-0.00507996,-0.00536826
7.2,-0.49602548999999996,650664.0,0.977916,0.45749,0.744643,0.862244,0.764409,-0.0114211,-0.0217173,-0.0262105,-0.026264,-0.0253195,-0.00226142,-0.00385141,-0.00509484,-0.00578871,-0.00605017
7.22,-0.33937082999999996,683389.0,-0.63597,-0.689404,-0.516491,-0.465107,-0.521596,-0.00800165,-0.0240364,-0.023929,-0.0222926,-0.0228914,-0.00245565,-0.00430895,-0.00559623,-0.00627427,-0.00653228
7.24,0.9540773999999999,799924.0,-0.198699,0.284454,0.19594,0.210059,0.261388,-0.0163483,-0.0280859,-0.0271345,-0.0248431,-0.0254935,-0.00269915,-0.00483017,-0.00610687,-0.00674563,-0.00701613
7.26,0.21041427,882312.0,0.814544,1.04647,0.833519,0.814532,0.911786,-0.0101899,-0.0147767,-0.0168399,-0.0145972,-0.0137617,-0.00296453,-0.0052588,-0.00654661,-0.00714003,-0.00740868
7.28,-0.45044016,822847.0,0.998259,0.99488,0.924112,0.836545,0.870336,0.00793813,0.0056368,0.000736398,0.0019136,0.00405948,-0.00298705,-0.0053502,-0.00670764,-0.00726687,-0.0075057
7.3,-0.48333107999999997,757672.0,-0.735356,-0.324142,-0.173,-0.320376,-0.41063,0.0105672,0.0123442,0.00824752,0.0070753,0.00865654,-0.00280199,-0.00517039,-0.00661781,-0.00717698,-0.00737854
7.32,0.7190439,827604.0,-0.985117,-0.539352,-0.31108,-0.420893,-0.5911,-0.00663757,0.00370924,0.00340671,-0.000337385,-0.00136076,-0.0027627,-0.00500985,-0.00650126,-0.0071096,-0.00730558
7.34,0.8939381999999999,937215.0,0.313906,-0.121925,0.0508639,0.0770858,-0.0378041,-0.0133497,-0.00290352,0.00080455,-0.00377545,-0.00764981,-0.00296257,-0.00500179,-0.00645915,-0.00715073,-0.00739569
7.36,0.4394812799999999,942606.0,0.816056,-0.0726496,0.000182564,0.156176,0.220679,-0.00205006,-0.00484926,0.00131502,-0.00144284,-0.00582105,-0.00311657,-0.00507932,-0.00643796,-0.00720291,-0.0075304
7.38,0.34046987999999995,898651.0,-0.344508,-0.468356,-0.582252,-0.387331,-0.158867,0.00266542,-0.0102593,-0.00450568,-0.0037544,-0.00520293,-0.00311041,-0.00523041,-0.00646986,-0.00725488,-0.00764064
7.4,0.8305859999999999,905987.0,-0.253022,0.342321,-0.0154486,0.134088,0.358708,-0.00330989,-0.0115197,-0.0104827,-0.00628683,-0.00320452,-0.00311686,-0.0054482,-0.00661975,-0.00735529,-0.00772471
7.42,0.27161682,917376.0,0.536138,0.855097,0.474892,0.518229,0.567459,-0.000478737,0.000454514,-0.00588825,0.00023634,0.00605715,-0.00315475,-0.00555885,-0.00678345,-0.0074158,-0.00769618
7.44,-0.12416255999999998,861863.0,0.767916,0.69934,0.688321,0.560771,0.413793,0.0125618,0.0159989,0.00574388,0.0110263,0.0158697,-0.00303391,-0.00539432,-0.0067849,-0.00730317,-0.00747692
7.46,-0.17806497,777460.0,-0.338942,-0.175658,0.267513,-0.0318584,-0.259599,0.0168515,0.0212357,0.0153022,0.0163155,0.0174116,-0.00273978,-0.00502197,-0.00657444,-0.00702975,-0.0071441
7.48,0.4002627899999999,733322.0,-0.678533,-0.348119,0.178499,-0.124873,-0.314016,0.00667677,0.0159979,0.0197623,0.0147481,0.0116755,-0.0025045,-0.00464963,-0.00622379,-0.00671912,-0.00685323
7.5,0.5141361,751928.0,-0.560896,-0.637029,-0.420342,-0.47152,-0.556217,-0.00571752,0.00614646,0.0173439,0.00878421,0.00297312,-0.00249491,-0.00442819,-0.00585273,-0.00648379,-0.00670675
7.5200000000000005,0.929781,755235.0,1.37119,0.970489,0.84523,1.1335,1.2103,0.0023854,0.00948106,0.0215928,0.015404,0.00951391,-0.00252823,-0.00427191,-0.00546336,-0.00624191,-0.00658188
7.54,-0.6340727999999999,631274.0,0.752505,0.717507,0.450997,0.882387,1.15131,0.0236223,0.026361,0.0345551,0.0355629,0.03313,-0.00226815,-0.00391349,-0.00490188,-0.00573224,-0.00615544
7.5600000000000005,-0.4426468499999999,497754.0,-1.32158,-0.836113,-1.07874,-0.784856,-0.43353,0.0179316,0.025175,0.0282777,0.0365382,0.0403077,-0.00185261,-0.00339813,-0.00427356,-0.00501123,-0.00542106
7.58,1.1124222,538432.0,-0.97966,-0.776533,-0.861905,-0.81452,-0.62971,-0.00508079,0.0090485,0.00887124,0.0205445,0.0296753,-0.0017241,-0.0030559,-0.00390207,-0.0044404,-0.00472123
7.6000000000000005,1.0696944,598366.0,1.34808,0.723278,0.922363,0.794292,0.649369,-0.00139656,0.00851595,0.00947582,0.0203422,0.0298719,-0.00178888,-0.00288025,-0.0037186,-0.00403154,-0.00412576
7.62,-0.5654013,424337.0,1.63021,1.07352,1.4597,1.25063,0.898247,0.0283864,0.0264839,0.0332965,0.0407915,0.0453481,-0.00151898,-0.00253026,-0.00329087,-0.0034202,-0.00337356
7.640000000000001,-1.0740395999999999,138221.0,-0.680114,0.016905,0.207322,-0.0205029,-0.283234,0.0378874,0.0373881,0.0499667,0.0530928,0.0514982,-0.000856239,-0.00189154,-0.00245824,-0.00248136,-0.00240509
7.66,0.08929845,31877.1,-1.39632,-0.0477977,-0.267244,-0.432872,-0.438898,0.017123,0.0370791,0.0493675,0.048559,0.0442769,-0.000306135,-0.00114686,-0.0014649,-0.00146484,-0.00144734
7.68,0.39744555,81533.6,-0.0670181,0.190479,-0.0955014,-0.122183,0.0373572,0.00248961,0.038506,0.04574,0.0430085,0.0402615,-0.000110009,-0.000391013,-0.000513824,-0.000549162,-0.000601959
7.7,0.05746169999999999,46256.7,1.13346,0.0602994,0.188357,0.293885,0.430581,0.013154,0.0410137,0.0466686,0.0447255,0.0449409,4.64275e-05,0.000404184,0.000410262,0.000328178,0.000250065
7.72,-0.31671815999999997,-117516.0,-0.0665825,-0.967403,-0.553355,-0.374671,-0.342372,0.0238228,0.0319427,0.0430186,0.0439177,0.045823,0.000416196,0.00113375,0.00130713,0.00121461,0.0011577
7.74,0.39748787999999996,-223024.0,-1.24216,-1.18808,-1.12331,-0.892636,-0.905248,0.0107354,0.0103879,0.0262519,0.0312446,0.0333468,0.000761778,0.00155705,0.00199984,0.00196623,0.0019494
7.76,0.8984006999999999,-214833.0,0.0864506,0.286583,-0.233362,0.0125784,0.0593546,-0.000821763,0.00137294,0.0126852,0.022444,0.0248878,0.000860914,0.00167466,0.00238921,0.00250312,0.00253175
7.78,-0.12698489999999998,-210895.0,0.0602968,-0.196774,-0.771902,-0.682459,-0.543311,0.000645711,0.00227103,0.00263255,0.0157452,0.0200483,0.000859153,0.0017111,0.00254239,0.00288501,0.00298111
7.8,0.37457358,-222414.0,-0.290833,-0.561165,-0.634892,-0.89574,-0.78244,-0.00165966,-0.00530836,-0.0114354,-3.67848e-05,0.00679077,0.000849014,0.00168073,0.00245436,0.00304209,0.0032495
7.82,0.43344389999999994,-216442.0,-0.0732432,-0.0425402,0.243292,-0.291283,-0.419294,-0.00530042,-0.0113454,-0.0153514,-0.011907,-0.00522658,0.000779413,0.00151419,0.00218649,0.00292266,0.00326514
7.84,-0.16843617,-242317.0,0.748069,0.872544,0.981228,0.535381,0.0999554,0.00144784,-0.00304538,-0.0031062,-0.00946603,-0.00841997,0.000740887,0.00137028,0.00200192,0.00270893,0.00312868
7.86,-0.8390468999999999,-299281.0,0.194627,0.428081,0.189501,0.0889007,-0.368835,0.0108748,0.00996087,0.00860108,-0.00322322,-0.0111088,0.000864113,0.00143944,0.00205686,0.00258203,0.00293339
7.88,-0.24247337999999996,-323590.0,-0.279452,0.108597,-0.153575,-0.035887,-0.0861155,0.0100265,0.0153277,0.00896034,-0.00269308,-0.0156583,0.00107313,0.00169232,0.00223248,0.00252287,0.00266572
7.9,-0.11080055999999999,-366714.0,0.442668,0.595232,0.622673,0.703224,1.13152,0.0116587,0.0223659,0.0136513,0.00398029,-0.00520426,0.00128998,0.00206926,0.0024586,0.00253574,0.00245709
7.92,-0.9061016999999999,-456335.0,-0.653601,-0.892414,-0.607819,-0.540883,-0.0776558,0.00954938,0.0193941,0.0137999,0.0056037,0.00533433,0.00150206,0.00248686,0.00273311,0.00263158,0.00245839
7.94,0.4357230899999999,-403287.0,-1.74137,-2.10603,-1.78922,-1.5034,-1.45517,-0.0144004,-0.0105903,-0.0101706,-0.0148391,-0.00999388,0.00145355,0.0025749,0.0027694,0.00253923,0.0024118
7.96,1.6627887,-168696.0,-0.356941,-0.979705,-0.792346,-0.286468,-0.543751,-0.0353835,-0.0414477,-0.0359863,-0.0327378,-0.0299831,0.000955711,0.00205452,0.00230783,0.00206346,0.00201203
7.98,0.5866887,-9453.15,1.01922,0.0615819,0.0380134,0.414205,0.356747,-0.0287608,-0.0506289,-0.0435296,-0.0314604,-0.0318531,0.000314269,0.00113375,0.00151267,0.00142148,0.00139367
8.0,-0.31070169,-22065.3,0.888335,0.562624,0.244713,0.19268,0.524706,-0.00968525,-0.0443868,-0.0407023,-0.0253916,-0.0230386,-7.01915e-05,0.000183596,0.000670353,0.000852957,0.000844751
8.02,-0.45009387,-33010.3,-0.197534,0.864652,0.281192,-0.115765,0.189489,-0.00277723,-0.0301141,-0.0354433,-0.0246224,-0.0158966,-0.000194816,-0.000561413,-9.11034e-05,0.000352817,0.000455399
8.040000000000001,-0.31455525,33235.4,0.0630299,1.4796,0.977588,0.504969,0.296809,-0.00412227,-0.00667156,-0.0228555,-0.0207304,-0.0110336,-0.000263811,-0.000929269,-0.000674091,-0.000100711,0.000186096
8.06,-0.8137611,69951.9,0.486963,0.834128,0.91407,0.467069,-0.181636,0.00137765,0.0164657,-0.00393892,-0.01101,-0.0098819,-0.000291257,-0.000831328,-0.000942035,-0.000418115,-2.30588e-05
8.08,-0.5609999999999999,15048.9,0.785165,0.319291,1.06,0.627819,0.0746407,0.0140989,0.0279999,0.0158018,-6.1123e-05,-0.0109518,-0.000136492,-0.000386671,-0.000823407,-0.000528826,-0.000231396
8.1,-0.5992755,-122832.0,0.564365,0.465082,1.27059,1.04379,0.970203,0.0275942,0.0358436,0.0391076,0.016655,-0.000503407,0.00028044,0.000251764,-0.000274313,-0.000362888,-0.000345949
8.120000000000001,-0.9424085999999999,-312379.0,-0.166205,0.366063,0.564898,0.88621,1.22556,0.0315758,0.0441551,0.0574625,0.035955,0.0214542,0.000872141,0.00105175,0.000691388,0.000163212,-0.000136441
8.14,-0.6481028999999999,-460799.0,-0.648171,-0.147689,-0.502854,0.395275,0.898435,0.0234321,0.0463388,0.0580829,0.0487698,0.0426942,0.00142222,0.00195669,0.00184684,0.00101046,0.000505043
8.16,-0.020142093,-500318.0,-0.66366,-0.765425,-0.971232,0.0141926,0.536727,0.0103138,0.0372077,0.0433421,0.0528645,0.0570458,0.00175968,0.00279216,0.00286109,0.0020268,0.00150244
8.18,0.32475473999999993,-514230.0,0.295994,-0.408526,-0.00329416,0.51084,0.932169,0.00663712,0.0254682,0.0335968,0.0581148,0.0717348,0.00192919,0.00341891,0.00363048,0.0031366,0.00279025
8.2,-0.40514501999999997,-618377.0,0.400398,-0.303795,0.374424,0.341479,0.442072,0.013601,0.018345,0.0373081,0.066638,0.0854772,0.00213157,0.00385705,0.00433953,0.00438412,0.00436237
8.22,-0.50533248,-752840.0,-0.224956,-0.184006,0.0787876,-0.168711,-0.496034,0.0153555,0.013467,0.0418402,0.0683657,0.0849375,0.00242113,0.00417516,0.00513101,0.00573416,0.00606651
8.24,-0.20385261,-819039.0,-0.075909,0.677265,0.303753,0.0410446,-0.453931,0.0123468,0.0183995,0.0456656,0.067089,0.0754379,0.00269816,0.00449383,0.00600607,0.00708871,0.00767027
8.26,-0.6555336,-894509.0,0.712146,1.39486,0.80674,0.390998,0.142389,0.0187092,0.0391208,0.0567706,0.0714095,0.0723225,0.00300872,0.00506903,0.00703044,0.00847369,0.00914787
8.28,-1.3388723999999999,-1080880.0,0.834526,1.08635,0.776168,0.121333,0.181202,0.0341759,0.0639329,0.0725996,0.0765328,0.0755584,0.00353757,0.00609957,0.00832414,0.00995312,0.0106267
8.3,-1.31274,-1305080.0,-0.193549,-0.059586,-0.0452565,-0.637715,-0.631134,0.0405857,0.0742005,0.0799088,0.071369,0.0710591,0.00428518,0.0074809,0.00984922,0.0114321,0.0120929
8.32,-0.48095447999999996,-1462120.0,-0.433579,-0.435672,-0.36614,-0.477001,-0.766909,0.0343144,0.0692479,0.0757948,0.0602218,0.0570786,0.00503418,0.00891539,0.0114063,0.012748,0.0133742
8.34,-0.32838696,-1627470.0,0.541368,0.0344871,0.0183354,0.418442,0.124092,0.0353923,0.065236,0.0723168,0.0596362,0.0506505,0.00573125,0.0102602,0.0128874,0.0139466,0.0144515
8.36,-1.0153691999999999,-1870140.0,-0.327613,-1.02995,-1.04598,-0.515854,-0.334656,0.0375299,0.0552814,0.0620403,0.0586621,0.0485448,0.00646047,0.0114654,0.0142309,0.0151296,0.0154435
8.38,-0.16700816999999998,-2018020.0,-1.99386,-2.28322,-2.24437,-1.89914,-1.25432,0.0143152,0.0221497,0.0291367,0.0345121,0.0326551,0.00697892,0.0122397,0.0151427,0.0160613,0.0162555
8.4,1.0159658999999999,-1935870.0,-1.50152,-1.74558,-1.73302,-1.53656,-1.0001,-0.0206386,-0.0181382,-0.0106372,0.00015507,0.010111,0.00691569,0.0122798,0.0153277,0.016408,0.0166831
8.42,0.5951904,-1774300.0,0.320534,-0.540043,-0.617478,-0.440657,-0.475899,-0.0324485,-0.0409944,-0.0341422,-0.0196171,-0.00464899,0.00638482,0.0116885,0.0148799,0.0162134,0.0167378
8.44,-0.43819557,-1641260.0,-0.311522,-1.25295,-1.42912,-1.38619,-1.82658,-0.0323584,-0.0589243,-0.0546081,-0.0378856,-0.0276738,0.00573675,0.0106893,0.0139924,0.0156384,0.0164145
8.46,0.4646875199999999,-1454420.0,-0.139824,-0.267175,-0.620018,-0.951925,-1.29195,-0.0368718,-0.0741255,-0.0750995,-0.0612668,-0.0588591,0.00504445,0.00935881,0.0126953,0.0146468,0.0155492
8.48,-0.20438045999999999,-1264280.0,0.757774,1.21956,0.616159,-0.0843277,-0.13802,-0.0306923,-0.0646017,-0.0751381,-0.0716294,-0.0731588,0.00436881,0.00797154,0.011193,0.0133179,0.014229
8.5,-1.2916565999999998,-1168760.0,0.471144,0.919005,0.241212,-0.517491,-0.563451,-0.0184032,-0.0432161,-0.0665644,-0.0776475,-0.0801736,0.00387785,0.00689336,0.00977593,0.0118251,0.0126957
8.52,-0.7885569,-1045100.0,-0.782367,-0.417847,-0.784482,-1.31094,-1.61491,-0.0215154,-0.0382045,-0.0719971,-0.0959318,-0.101957,0.00347867,0.00607916,0.00839032,0.0100893,0.0108744
8.540000000000001,0.37977047999999997,-810438.0,-0.364557,-0.328899,-0.177872,-0.415073,-0.839044,-0.0329846,-0.045672,-0.0816206,-0.113192,-0.126497,0.00293367,0.00524039,0.00685414,0.00799808,0.00858985
8.56,-0.06451499999999999,-579636.0,-0.182914,-0.890217,-0.437744,-0.414739,-0.593668,-0.0384593,-0.0578631,-0.0877768,-0.12149,-0.140824,0.00221923,0.00420504,0.00516017,0.00565126,0.00591664
8.58,0.29301387,-362851.0,-0.536268,-1.52436,-1.21205,-0.871654,-0.634319,-0.0456511,-0.0820089,-0.104275,-0.134354,-0.153104,0.00137812,0.00280632,0.00323965,0.00309282,0.00297737
8.6,1.0274306999999998,-58881.0,-0.579518,-1.02036,-1.11675,-0.444932,0.0622687,-0.056809,-0.107456,-0.127563,-0.14752,-0.158824,0.000353521,0.000911671,0.000921277,0.000274083,-0.000141909
8.620000000000001,0.8353289999999999,292542.0,-0.0564871,-0.0198708,-0.400792,0.355666,0.868388,-0.063169,-0.117858,-0.142738,-0.148413,-0.149518,-0.000846259,-0.00134147,-0.00178173,-0.00268524,-0.00322533
8.64,0.18599343000000002,587929.0,0.599103,0.67561,0.398935,0.825023,1.13625,-0.0577429,-0.111301,-0.142757,-0.136606,-0.129471,-0.00205538,-0.00363307,-0.00463668,-0.00553542,-0.00601521
8.66,-0.24673341,842263.0,0.414975,0.723023,0.845272,0.713335,0.694133,-0.0476021,-0.0973147,-0.130315,-0.121222,-0.111167,-0.00310883,-0.00571923,-0.00736739,-0.0081137,-0.0084216
8.68,-0.14451920999999998,1127670.0,-0.14525,0.574369,1.04788,0.509424,0.140038,-0.0449049,-0.0843408,-0.111383,-0.108994,-0.102826,-0.0040339,-0.00753578,-0.00978437,-0.0104159,-0.0105615
8.700000000000001,0.10598768999999998,1439640.0,-0.147046,0.452021,0.987493,0.400125,-0.141472,-0.0478278,-0.0740769,-0.0910293,-0.099899,-0.10284,-0.00496122,-0.00911996,-0.0118085,-0.0125048,-0.0126182
8.72,0.3358809,1671140.0,1.44847,1.58843,1.92792,1.57031,1.18817,-0.0348136,-0.0536724,-0.0618752,-0.0801946,-0.092373,-0.00578764,-0.0103974,-0.0133375,-0.0143057,-0.0145703
8.74,-0.7046618999999998,1745340.0,1.12388,1.38719,1.43289,1.40809,1.42444,-0.0090901,-0.0239161,-0.0282671,-0.0504106,-0.0662469,-0.00622668,-0.0111733,-0.014239,-0.0156118,-0.0161565
8.76,-0.43063176,1773740.0,-0.371941,0.41277,0.223294,0.522189,0.880167,-0.00157073,-0.00591654,-0.0117052,-0.0311078,-0.0432008,-0.00633328,-0.0114717,-0.0146387,-0.016427,-0.017251
8.78,0.5921559,1898650.0,-0.833727,-0.329091,-0.520269,0.00835545,0.437257,-0.0136274,-0.00507974,-0.014675,-0.0258023,-0.0300266,-0.00648527,-0.0115816,-0.0149025,-0.0169961,-0.0179833
8.8,1.2731333999999999,2054230.0,0.49529,-0.108638,0.0130391,0.572544,0.849825,-0.0170118,-0.00945704,-0.0197473,-0.0199933,-0.0171557,-0.00679166,-0.011727,-0.0152467,-0.017454,-0.0184551
8.82,0.8245883999999999,2065280.0,1.35376,0.348184,0.845326,1.21222,1.30277,0.00147875,-0.00706159,-0.0111636,-0.00214564,0.00437022,-0.00694699,-0.0118922,-0.0155558,-0.0176754,-0.0185829
8.84,0.16600448999999998,1915990.0,0.428165,0.469283,0.972593,1.06457,1.04138,0.019298,0.00111308,0.00701557,0.0206223,0.0278118,-0.00673922,-0.0119517,-0.0155973,-0.0174906,-0.0182611
8.86,0.17425679999999996,1781580.0,-0.793401,0.441106,0.547236,0.457988,0.382923,0.0156457,0.010217,0.0222139,0.0358478,0.0420548,-0.00638978,-0.0118384,-0.015305,-0.0169259,-0.0175625
8.88,0.6027078,1798300.0,-0.914449,0.173512,-0.00182482,-0.164019,-0.256554,-0.00143283,0.0163631,0.027668,0.0387875,0.0433185,-0.00624765,-0.0115726,-0.0148062,-0.0161796,-0.0167087
8.9,1.0668843,1865050.0,0.980083,0.941287,0.981594,0.756265,0.673791,-0.00077649,0.0275111,0.0374657,0.0447099,0.0474909,-0.00626975,-0.0111338,-0.0141548,-0.0153446,-0.0158006
8.92,0.020005209,1749730.0,1.83082,1.27367,1.66716,1.40748,1.33262,0.0273325,0.0496607,0.0639532,0.0663474,0.067555,-0.00600419,-0.0103621,-0.0131407,-0.014234,-0.0146502
8.94,-0.7089101999999999,1411060.0,1.14199,1.33123,1.59566,1.47823,1.387,0.0570607,0.0757096,0.0965814,0.0952045,0.0947511,-0.00516026,-0.0091084,-0.0115353,-0.0126185,-0.0130271
8.96,-0.7902654,1022520.0,0.0355519,1.17338,0.909423,1.10079,1.03998,0.0688361,0.100756,0.121632,0.120995,0.119021,-0.00390129,-0.00734374,-0.00935317,-0.0104565,-0.0108894
8.98,-0.41733197999999994,676856.0,0.175636,1.21711,0.804008,1.18549,1.29065,0.070948,0.124661,0.138767,0.143857,0.142327,-0.00250345,-0.00508958,-0.00674919,-0.00780802,-0.00827591
9.0,-0.6116735999999999,338684.0,-0.62669,-0.549085,-0.336659,-0.0942994,0.213384,0.0664374,0.131341,0.14344,0.154769,0.157368,-0.00112959,-0.00252956,-0.00392712,-0.00482175,-0.00527896
9.02,0.4566336,-831.472,-0.31542,-0.99199,-0.0085516,-0.0134609,0.270006,0.0570163,0.11593,0.139988,0.153692,0.162201,0.000104944,-5.68514e-05,-0.00109284,-0.00173714,-0.00208327
9.040000000000001,0.20266277999999996,-350137.0,0.0492053,-0.618326,0.367907,0.416187,0.389477,0.0543542,0.0998271,0.143582,0.157719,0.168796,0.00121865,0.00210072,0.00174286,0.00137696,0.00122671
9.06,-0.29451276,-665257.0,-0.827484,-1.02724,-0.87336,-0.474592,-0.737465,0.0465714,0.0833714,0.138527,0.157135,0.165316,0.0022279,0.00393271,0.00456394,0.0045255,0.00456784
9.08,0.4804098,-834949.0,-1.0502,-1.02212,-1.72091,-1.17201,-1.21935,0.0277946,0.0628777,0.112584,0.140669,0.145748,0.00297156,0.0053952,0.00707505,0.00750354,0.00767848
9.1,0.789837,-912682.0,0.0651526,-0.26562,-1.15243,-1.00345,-0.584863,0.0179441,0.0500003,0.0838509,0.118914,0.127706,0.00342895,0.00652398,0.0090394,0.0100994,0.010413
9.120000000000001,0.007957121999999999,-1027550.0,-0.212535,-0.955797,-1.5135,-2.0154,-1.55023,0.0164703,0.0377861,0.0571917,0.0887258,0.106355,0.00377309,0.00740184,0.0104498,0.0121758,0.0127536
9.14,0.5549717999999999,-1125920.0,-0.540914,-1.15607,-1.46857,-2.29198,-2.47936,0.00893577,0.0166674,0.027371,0.0456521,0.0660592,0.00402715,0.00794637,0.0112955,0.0135196,0.0144778
9.16,0.7890668999999999,-1116260.0,-0.697217,-1.02422,-1.43599,-2.1231,-3.05481,-0.00344553,-0.00513556,-0.00167459,0.00150131,0.0107174,0.00408206,0.00806169,0.0115524,0.0139911,0.0152455
9.18,0.829056,-1042610.0,-0.244629,-0.69095,-1.29357,-1.78133,-2.7132,-0.012864,-0.0222873,-0.0289701,-0.037543,-0.0469627,0.00391896,0.00778746,0.011246,0.0136307,0.0148831
9.200000000000001,0.5805024,-985587.0,0.0906883,-0.516099,-1.13049,-1.62883,-1.80501,-0.0144034,-0.0343578,-0.0532107,-0.0716445,-0.0921449,0.00364629,0.00722101,0.0104242,0.0125388,0.013492
9.22,0.35165724,-959391.0,0.153348,-0.0992996,-0.594926,-1.08142,-0.602257,-0.011963,-0.0405117,-0.0704649,-0.0987469,-0.116218,0.00338262,0.00647232,0.00918741,0.0108349,0.0114084
9.24,-0.11060318999999999,-899738.0,-0.769276,-0.539911,-0.90725,-1.04765,-0.667063,-0.0181223,-0.0469038,-0.0854867,-0.120038,-0.128911,0.00308177,0.00559816,0.00762789,0.00864704,0.00895711
9.26,0.34634457,-714064.0,-1.10838,-1.04047,-1.17443,-0.800578,-0.942925,-0.0368988,-0.0627077,-0.106303,-0.13852,-0.145011,0.00253156,0.00450205,0.00570999,0.00606146,0.0062179
9.28,0.7780764,-393069.0,-0.798975,-1.46147,-1.16599,-0.580061,-0.875446,-0.0559723,-0.0877271,-0.129708,-0.152326,-0.163194,0.00160285,0.0029977,0.00334988,0.00315301,0.00313585
9.3,0.9889869,-40534.1,0.0775356,-0.976504,-0.324145,0.0519756,0.168434,-0.0631867,-0.112107,-0.144609,-0.157607,-0.170264,0.000411255,0.000999362,0.000606712,5.36738e-05,-0.000198741
9.32,0.41513744999999996,256318.0,0.173303,-0.321861,0.20091,0.332153,0.843939,-0.0606784,-0.12509,-0.145841,-0.153766,-0.160141,-0.000827396,-0.00137261,-0.00229779,-0.00306005,-0.00350279
9.34,0.09804086999999999,505805.0,0.593343,1.19674,1.15319,1.31787,1.70251,-0.0530119,-0.116342,-0.1323,-0.137266,-0.134676,-0.0019643,-0.00378693,-0.00507921,-0.00597037,-0.00645096
9.36,-0.7678049999999998,783387.0,-0.356682,0.893277,0.460463,0.724779,0.668675,-0.0506453,-0.0954416,-0.116164,-0.116839,-0.110964,-0.00300087,-0.00590477,-0.00756385,-0.00851141,-0.00890737
9.38,0.020265972,1137770.0,0.0941548,0.969386,0.810529,0.857515,0.57855,-0.0532706,-0.076815,-0.103454,-0.101016,-0.0984921,-0.00404003,-0.00762733,-0.00976003,-0.01069,-0.0110019
9.4,-0.0589713,1443110.0,1.35196,1.35768,1.8586,1.45788,1.28294,-0.0388094,-0.0535443,-0.0767627,-0.0778622,-0.0798772,-0.00496083,-0.00893092,-0.0115622,-0.0124787,-0.0127856
9.42,-0.7376028,1571560.0,0.87312,0.649393,1.43982,0.883948,0.805694,-0.0165586,-0.0334735,-0.0437785,-0.0544439,-0.0589908,-0.00551451,-0.0098011,-0.0127676,-0.0138018,-0.0141743
9.44,-0.13310796,1645850.0,-0.51291,-0.156324,0.221213,0.0635968,-0.0831991,-0.0129565,-0.0285428,-0.0271682,-0.0449684,-0.0517659,-0.00580966,-0.0104213,-0.0134771,-0.0147959,-0.0152819
9.46,0.9232172999999999,1768750.0,0.35117,1.00311,0.752784,1.15996,1.04601,-0.0145739,-0.020075,-0.0174282,-0.0327328,-0.0421378,-0.00608496,-0.0109074,-0.013923,-0.0155729,-0.0162209
9.48,0.046687593,1796590.0,1.41845,1.6638,1.26274,1.84116,2.05778,0.00312234,0.00659406,0.00272706,-0.00272157,-0.0110999,-0.00619948,-0.0110423,-0.0140701,-0.0159275,-0.0167533
9.5,-0.6530907,1635220.0,1.22693,1.34533,1.34855,1.65464,2.19205,0.0295762,0.0366854,0.02884,0.0322364,0.0313985,-0.00587249,-0.0106095,-0.0137544,-0.0156323,-0.0165503
9.52,-0.6285546,1406650.0,-0.0168975,0.628036,1.092,1.12151,1.51677,0.0416766,0.0564191,0.0532455,0.0599978,0.0684867,-0.00515996,-0.00967842,-0.0129335,-0.01471,-0.0155514
9.540000000000001,-0.14571668999999998,1220200.0,-0.323436,0.492976,1.13168,1.17866,1.04578,0.0382732,0.0676292,0.0754823,0.0829995,0.0941122,-0.00436047,-0.00843793,-0.0116462,-0.01328,-0.0139255
9.56,-0.108018,1051050.0,-0.112324,0.0874684,0.736876,0.92188,0.470594,0.0339156,0.0734336,0.0941678,0.104005,0.109276,-0.00363858,-0.00702731,-0.00994975,-0.01141,-0.0118916
9.58,0.14800301999999999,859272.0,0.121742,-0.173106,0.450883,0.620185,0.426592,0.0340098,0.0725772,0.106045,0.119426,0.118248,-0.00295932,-0.0055672,-0.00794762,-0.00917567,-0.00961634
9.6,0.17984334,647009.0,0.0518532,-0.0580656,0.320538,0.38722,0.693835,0.0357457,0.0702655,0.11376,0.1295,0.129452,-0.00226177,-0.00413877,-0.00574957,-0.00668642,-0.00713934
9.620000000000001,0.007514952,430400.0,-0.0361227,0.160167,-0.0226597,0.0987927,0.563482,0.0359031,0.0712865,0.116738,0.13436,0.142025,-0.00154528,-0.00272325,-0.00344459,-0.00404783,-0.00442457
9.64,0.005572514999999999,236838.0,-0.00615664,0.101227,-0.582067,-0.302929,-0.124641,0.0354803,0.0739005,0.110691,0.132318,0.146414,-0.000831448,-0.00127138,-0.00117029,-0.00138105,-0.00154018
9.66,0.25946097,87580.4,-0.308771,-0.55414,-1.21658,-1.02838,-1.17227,0.032331,0.0693713,0.0927047,0.119005,0.133444,-0.000153335,0.00016134,0.000863665,0.00113219,0.0012584
9.68,0.7921778999999999,-67849.2,0.311925,-0.244702,-0.46134,-0.729212,-0.93765,0.0323625,0.0613829,0.0759255,0.101429,0.112345,0.0004936,0.00146888,0.00254997,0.00333654,0.0037163
9.700000000000001,0.16925675999999998,-311825.0,0.326624,-0.195145,-0.108907,-0.816823,-0.990851,0.038748,0.0569845,0.070223,0.085969,0.0930603,0.00120471,0.00265256,0.00401145,0.00521052,0.00577035
9.72,-0.024648044999999997,-583171.0,-0.449651,-0.4694,-0.544887,-1.24764,-1.5195,0.0375177,0.050339,0.0636851,0.0653244,0.0679567,0.00196736,0.00372579,0.00535053,0.00672346,0.00738052
9.74,0.36357440999999996,-719243.0,-1.38408,-1.03137,-1.44125,-1.7634,-2.1385,0.0191804,0.0353313,0.0438237,0.035214,0.0313767,0.00253434,0.00458249,0.00642562,0.00772884,0.00837385
9.76,1.0187249999999999,-721808.0,-0.302496,-0.411898,-0.862602,-0.86535,-1.06969,0.00231458,0.0208986,0.0207851,0.00892651,-0.000705227,0.00274929,0.00514479,0.00707171,0.00817025,0.00868057
9.78,0.22722897,-771762.0,0.799969,-0.0357209,-0.212358,-0.161616,0.0108673,0.00728931,0.0164224,0.0100355,-0.00134315,-0.0112935,0.00284533,0.005518,0.00737992,0.00824608,0.00856058
9.8,-0.4617999,-877535.0,-0.617857,-1.3099,-1.29655,-1.23733,-0.877778,0.00911043,0.00296624,-0.00505355,-0.0153327,-0.0199626,0.00300933,0.00571189,0.00742974,0.00807932,0.00824802
9.82,0.6906725999999999,-870114.0,-0.860552,-0.886478,-0.981181,-0.756927,-0.577358,-0.00567365,-0.0189975,-0.0278308,-0.0352753,-0.0345139,0.0030437,0.00555158,0.00710089,0.00757324,0.00770326
9.84,0.41382266999999995,-819445.0,0.811496,0.873863,0.654973,1.01908,0.94452,-0.00616421,-0.0191237,-0.0310929,-0.0326537,-0.0308423,0.00292532,0.00517037,0.00651165,0.00689395,0.00704969
9.86,-1.2061652999999999,-902165.0,0.7278,0.675488,0.650248,0.844122,0.771506,0.00922874,-0.00363017,-0.0180407,-0.0140217,-0.0136821,0.00295596,0.00494283,0.00602032,0.0064272,0.00660445
9.88,-1.0744884,-974564.0,-1.35322,-0.939967,-0.585767,-0.771282,-0.688751,0.00297452,-0.00627497,-0.0173959,-0.0132933,-0.0128545,0.003078,0.00484378,0.00566595,0.00615405,0.00633908
9.9,0.40992321,-845072.0,-1.07871,-0.4819,0.0393928,-0.312401,-0.259914,-0.0213448,-0.0204936,-0.0228596,-0.0241301,-0.0223412,0.00289429,0.00457609,0.0052634,0.00577981,0.00598713
9.92,-0.04897331099999999,-662246.0,0.558244,0.330299,0.686735,0.571902,0.393119,-0.0265494,-0.0220097,-0.0155984,-0.0215351,-0.0210091,0.00241535,0.00415106,0.00487882,0.00532316,0.00555362
9.94,-0.7803663,-574176.0,0.321619,-0.469323,-0.421828,-0.187044,-0.431715,-0.0177508,-0.0233999,-0.0129493,-0.0176865,-0.0213951,0.00197235,0.00369696,0.00459334,0.00493094,0.00512958
9.96,0.08683515,-440172.0,-1.06689,-1.34035,-1.60979,-1.28827,-1.23402,-0.0252035,-0.0414966,-0.0332655,-0.0324396,-0.0380524,0.00154281,0.003048,0.00413119,0.00442968,0.00453511
9.98,1.1038337999999999,-203914.0,-0.0267693,0.0395849,-0.506275,-0.373755,0.027152,-0.0361401,-0.0545043,-0.0544261,-0.0490599,-0.050121,0.000929373,0.00208799,0.00325428,0.00361469,0.00365337
10.0,0.008668622999999999,-65501.8,1.41221,1.09351,0.466089,0.380313,0.726121,-0.0222857,-0.0431734,-0.054828,-0.0489943,-0.0425883,0.000345115,0.00111121,0.00216174,0.00263415,0.00272628
10.02,-0.8094515999999999,-70245.9,0.478222,0.31736,-0.0677772,-0.29083,-0.393667,-0.00338144,-0.0290646,-0.0508449,-0.0480994,-0.0392638,8.84432e-05,0.000388829,0.00110501,0.00166321,0.00190776
10.040000000000001,-0.021330546,-43942.1,-0.485965,0.175032,0.208231,-0.153482,-0.645857,-0.00345887,-0.0241407,-0.0494403,-0.0525426,-0.049659,2.00401e-05,-0.000143224,0.000102154,0.000656789,0.00101853
10.06,0.0037404317999999996,25984.5,0.0261963,0.735055,1.08526,0.597155,0.112974,-0.00805655,-0.0150398,-0.0365054,-0.0481058,-0.0549879,-9.51141e-05,-0.00053503,-0.000757304,-0.000349695,-2.79377e-05
10.08,-0.6466902,24750.2,0.647173,0.669104,1.12748,0.724841,0.539805,-0.00132286,-0.000998265,-0.0143781,-0.0348859,-0.0484601,-0.000188908,-0.000695411,-0.00126614,-0.00117961,-0.00106242
10.1,-0.6701858999999999,-33972.7,0.456315,0.451677,0.848304,0.846226,0.951751,0.00971202,0.0102095,0.00537972,-0.0191752,-0.0335445,-0.000105017,-0.000603298,-0.00135612,-0.00172022,-0.00188246
10.120000000000001,-0.5947925999999999,-86076.0,-0.139429,0.384822,0.603196,1.11134,1.38116,0.0128809,0.0185745,0.0198947,0.000400491,-0.0102154,0.000120912,-0.000315458,-0.00110338,-0.00190797,-0.00232006
10.14,-0.6325377,-114870.0,-0.584415,-0.200745,-0.143075,0.65393,1.02547,0.00564244,0.0204153,0.0244959,0.0180532,0.0138509,0.000306145,7.44403e-05,-0.000659471,-0.00172343,-0.00228371
10.16,-0.06310281,-89730.4,-0.398863,-0.764524,-0.66231,0.0667994,0.487728,-0.00419034,0.0107626,0.0164421,0.0252605,0.0289828,0.000320666,0.000386219,-0.000250091,-0.0012903,-0.00185537
10.18,0.45808709999999997,-34170.4,0.407405,-0.287579,0.0209483,0.450163,0.776646,-0.00410492,0.000241576,0.0100285,0.0304301,0.0416265,0.000237714,0.000496261,1.46144e-05,-0.000733389,-0.00114928
10.200000000000001,-0.11585720999999999,-34941.5,0.0171163,-0.324582,0.0254027,0.117674,0.188246,0.000140295,-0.00588004,0.010492,0.0361085,0.0512755,0.000198067,0.000439876,0.000219819,-6.8003e-05,-0.000220257
10.22,-0.014710899,-56967.9,-0.556651,-0.387348,-0.347006,-0.53109,-0.732817,-0.00525506,-0.0129993,0.00727594,0.0319743,0.0458298,0.00014692,0.000251083,0.000397498,0.000612825,0.000750796
10.24,0.39976656,-9648.99,0.0214596,0.419551,0.0526174,-0.347124,-0.669615,-0.010607,-0.0126773,0.00433205,0.0231922,0.0318054,-1.17005e-05,-5.68397e-06,0.000513578,0.00116449,0.00152715
10.26,-0.018993981,80466.9,0.0718125,0.324503,-0.173759,-0.732225,-1.00763,-0.00967426,-0.00523677,0.00312063,0.0123987,0.015033,-0.000214513,-0.000184825,0.000588105,0.0015204,0.00199553
10.28,0.17689910999999997,109460.0,0.986969,0.936183,0.592516,-0.0133844,-0.20065,0.000913563,0.00737009,0.0073082,0.00494261,0.00295027,-0.00030212,-0.000163491,0.000692393,0.00169381,0.00217537
10.3,-0.6024273,14546.5,0.735408,0.636451,0.43174,-0.0366587,-0.198441,0.0181373,0.0230964,0.0175508,0.00444218,-0.00104064,-0.000111611,0.000141174,0.000940982,0.00178766,0.00219446
10.32,-0.46561877999999995,-76925.7,-1.12378,-1.00816,-1.23124,-1.39454,-1.55156,0.0142536,0.0193794,0.0095558,-0.00986984,-0.0185407,0.000212299,0.000565932,0.00121205,0.00173338,0.00199865
10.34,1.1380905,-14802.5,-0.974004,-1.04222,-1.24695,-1.09098,-1.14363,-0.00672425,-0.00112437,-0.0152261,-0.0347251,-0.0454926,0.000287592,0.000748482,0.00115534,0.00128743,0.00135832
10.36,1.0834338,83292.5,0.265828,-0.511551,-0.496802,-0.174361,-0.0102866,-0.013806,-0.0166621,-0.0326636,-0.0473786,-0.0570317,8.22895e-05,0.000570618,0.000676448,0.000466397,0.000333073
10.38,0.31807629,74097.3,0.302138,-0.639787,-0.400669,-0.0765404,0.253024,-0.00812635,-0.0281754,-0.0416383,-0.0498876,-0.0546043,-0.000137034,0.000122242,-6.65719e-05,-0.000506264,-0.000783287
10.4,0.29941895999999996,86864.2,-1.08408,-1.17843,-1.00985,-0.728128,-0.450224,-0.0159457,-0.0463576,-0.0557435,-0.0579343,-0.0565763,-0.000377755,-0.000623088,-0.00104039,-0.00158448,-0.00189509
10.42,1.0345299,294895.0,-1.35635,-0.865998,-0.969442,-0.725742,-0.666078,-0.04035,-0.0668019,-0.0755365,-0.072473,-0.0677394,-0.000940712,-0.00175468,-0.00235319,-0.00288856,-0.00313825
10.44,1.1129883,625456.0,-0.100559,-0.186842,-0.357534,-0.250043,-0.354516,-0.054919,-0.0773303,-0.0888062,-0.0822308,-0.0779453,-0.0018934,-0.003196,-0.00399662,-0.00443559,-0.0045951
10.46,0.6351999,887464.0,1.05004,0.358107,0.411661,0.233635,0.127566,-0.0454242,-0.0756176,-0.088265,-0.0823949,-0.0802148,-0.00289683,-0.00472548,-0.00576733,-0.00608185,-0.0061767
10.48,0.06007901999999999,1059660.0,0.0766444,-0.0888708,0.0584869,-0.372722,-0.448121,-0.0341573,-0.0729253,-0.0835635,-0.0837858,-0.0834204,-0.00369265,-0.00621091,-0.00748562,-0.00774366,-0.00781305
10.5,0.6161514,1258480.0,-0.234136,0.436997,0.273148,-0.144268,-0.296916,-0.0357323,-0.069444,-0.0802471,-0.0889557,-0.0908707,-0.00439155,-0.00763461,-0.00912372,-0.00947107,-0.00955596
10.52,0.49355097,1459870.0,0.985673,1.61522,1.11268,0.930378,0.688755,-0.0282169,-0.0489218,-0.0663888,-0.0810946,-0.0869524,-0.00503104,-0.00881826,-0.0105901,-0.0111716,-0.0113342
10.540000000000001,-0.37644171,1531070.0,1.36799,1.57382,1.22938,1.21199,1.06528,-0.00468022,-0.0170313,-0.0429682,-0.0596709,-0.069412,-0.00536001,-0.00947779,-0.0116837,-0.0125792,-0.0128978
10.56,-0.48989732999999996,1500640.0,-0.0574805,0.249652,0.465782,0.420651,0.51153,0.00842492,0.00120339,-0.0260166,-0.0433446,-0.0536439,-0.00532256,-0.00963607,-0.0123735,-0.0136094,-0.0141284
10.58,0.4228134599999999,1505530.0,-0.709847,-0.247318,0.374004,0.34118,0.542008,0.000751642,0.00122673,-0.0176188,-0.0357262,-0.0431086,-0.0052308,-0.00961177,-0.0128099,-0.0144001,-0.0150959
10.6,0.6890099999999999,1542710.0,0.235747,0.265471,0.882172,1.12656,1.20945,-0.00398936,0.00140825,-0.00505703,-0.0210488,-0.025594,-0.00526317,-0.00958542,-0.0130366,-0.0149678,-0.0157829
10.620000000000001,0.17341734,1540140.0,0.214787,-0.132806,0.300468,0.916012,0.91113,0.000515984,0.0027349,0.00676938,-0.000623066,-0.00438821,-0.00529791,-0.00954399,-0.0130195,-0.0151846,-0.0160828
10.64,0.5633868,1517440.0,0.0425364,0.00183098,0.288561,0.993114,1.17534,0.00308922,0.00142515,0.0126597,0.0184682,0.0164765,-0.00526185,-0.00950239,-0.0128252,-0.0150061,-0.0159619
10.66,0.39588087,1505470.0,-0.254903,0.107286,0.245269,0.677414,1.13648,0.000965555,0.00251632,0.017998,0.0351735,0.0395947,-0.00522131,-0.00946298,-0.0125186,-0.0144697,-0.0154012
10.68,0.41017055999999996,1480550.0,0.565179,0.87588,0.850105,0.936111,1.34466,0.00406831,0.012348,0.0289517,0.0513087,0.0644061,-0.00517097,-0.00931433,-0.0120491,-0.0136049,-0.0143612
10.700000000000001,-0.12634128,1429540.0,0.268257,0.457433,0.39512,0.286924,0.252719,0.0124027,0.0256811,0.041404,0.0635391,0.0803799,-0.00500626,-0.00893404,-0.0113456,-0.0124564,-0.0129133
10.72,0.38396778,1404110.0,-0.536934,-0.33619,-0.276524,-0.50839,-0.957178,0.0097159,0.0268935,0.0425899,0.0613244,0.0733353,-0.00478507,-0.0084083,-0.0105056,-0.0112078,-0.0113762
10.74,1.0728308999999998,1401980.0,0.086967,0.041401,0.170116,-0.232174,-0.687664,0.00521623,0.0239457,0.0415259,0.0539188,0.0568869,-0.00463575,-0.0078999,-0.00966447,-0.0100553,-0.0100739
10.76,0.6012033,1281650.0,1.70749,1.40702,1.35866,0.866337,0.704127,0.0231608,0.0384299,0.0568136,0.0602604,0.0570516,-0.00435198,-0.00727615,-0.00868108,-0.00891354,-0.00893455
10.78,-0.7123118999999999,992830.0,0.8821,1.08232,0.705183,0.385321,0.442441,0.0490568,0.0633233,0.077452,0.072777,0.0685172,-0.0036298,-0.00625862,-0.00733842,-0.00758316,-0.00767886
10.8,-0.29952555,712817.0,-0.829343,0.114325,-0.413911,-0.40132,-0.337681,0.0495844,0.0752898,0.0803647,0.072617,0.0695648,-0.00264339,-0.00487248,-0.00576025,-0.00612922,-0.00629804
10.82,0.5846996999999999,545508.0,-0.559431,-0.00831843,-0.249346,-0.0469278,-0.0238441,0.0356966,0.0763499,0.0737321,0.0681346,0.0659496,-0.00179058,-0.00335609,-0.00421928,-0.00472171,-0.00494289
10.84,0.34225283999999995,362384.0,0.55493,-0.113399,0.246555,0.402469,0.463017,0.0356516,0.0751327,0.0737042,0.07169,0.0703413,-0.0010771,-0.00184126,-0.00274492,-0.00332346,-0.00357999
10.86,-0.08156786999999999,98680.8,-0.0117047,-0.97474,-0.216267,-0.109794,-0.0122268,0.0410839,0.0642513,0.0740071,0.0746167,0.0748492,-0.000309747,-0.00044742,-0.00126781,-0.00186039,-0.00212808
10.88,0.41640734999999995,-124385.0,-0.959637,-1.08526,-0.545285,-0.289736,-0.221367,0.0313704,0.0436514,0.0663916,0.0706214,0.0725133,0.000414796,0.000631607,0.00013618,-0.000408013,-0.000654456
10.9,0.5785134,-256785.0,-0.355431,0.00204189,-0.0747418,0.379001,0.455189,0.0182198,0.0328192,0.0601913,0.0715141,0.0748515,0.000910699,0.00139631,0.00140201,0.00101334,0.000819191
10.92,-0.19881636,-373324.0,0.176555,0.2385,-0.203404,0.180601,0.376303,0.016431,0.0352246,0.0574099,0.0771101,0.0831664,0.00125721,0.00207675,0.00257802,0.00249958,0.00239937
10.94,-0.27140823,-478284.0,-0.10844,-0.213114,-0.479404,-0.479906,-0.220395,0.0171122,0.0354785,0.0505818,0.074117,0.0847255,0.00159264,0.00278378,0.00365794,0.00401185,0.00407829
10.96,0.056766569999999995,-538346.0,-0.289577,-0.284405,-0.212482,-0.597626,-0.555284,0.013132,0.0305033,0.0436629,0.0633417,0.0769687,0.00189508,0.0034436,0.00460038,0.00538644,0.00569523
10.98,-0.032370363,-624662.0,0.659277,0.543999,0.6489,0.175966,-0.187571,0.016829,0.0330992,0.0480271,0.0591251,0.0695402,0.00219469,0.00407963,0.00551728,0.00661111,0.00716032
11.0,-0.8402810999999999,-811422.0,0.823809,0.684499,0.534862,0.214471,-0.340001,0.0316599,0.0453842,0.0598647,0.0630295,0.0642644,0.00267958,0.00486446,0.0065962,0.00783266,0.00849837
11.02,-0.8815758,-1010130.0,-0.555197,-0.248984,-0.595621,-0.789152,-1.0788,0.034346,0.0497394,0.0592571,0.0572827,0.0500764,0.00333964,0.0058157,0.00778742,0.00903578,0.00964178
11.040000000000001,0.029368656,-1099340.0,-1.11348,-0.706735,-0.996141,-1.17582,-1.00801,0.0176592,0.0401822,0.0433395,0.037633,0.0292084,0.00385969,0.00671491,0.00881339,0.00998494,0.0104346
11.06,0.30704243999999997,-1106390.0,-0.58651,-1.00037,-1.07302,-1.18254,-0.845348,0.000659363,0.0231112,0.0226479,0.0140493,0.0106748,0.00404287,0.00734785,0.00947326,0.0105018,0.0108335
11.08,0.3632495399999999,-1105490.0,0.0737311,-1.07894,-0.999956,-0.870479,-0.765308,-0.00446842,0.00231813,0.00191814,-0.00648088,-0.00543173,0.00400478,0.00760214,0.00971892,0.0105774,0.0108859
11.1,0.27694683,-1105320.0,-0.0210061,-0.866629,-0.867955,-0.49885,-0.649515,-0.00394117,-0.0171375,-0.016761,-0.0201742,-0.01958,0.00392069,0.00745395,0.00957049,0.0103109,0.0106358
11.120000000000001,0.09666182999999999,-1078840.0,-0.563707,-0.657872,-0.923843,-0.573427,-0.6448,-0.0097883,-0.0323825,-0.034679,-0.0308969,-0.0325231,0.00378339,0.00695874,0.00905609,0.00980018,0.0101147
11.14,0.13565387999999998,-1000870.0,-0.449445,-0.288643,-0.725055,-0.674792,-0.464056,-0.0199198,-0.0418477,-0.0511679,-0.0433791,-0.0436117,0.00348631,0.00621644,0.00819763,0.00905742,0.00935339
11.16,0.041033019,-844028.0,-0.705821,-0.720457,-1.00121,-1.29376,-1.03735,-0.0314725,-0.0519387,-0.0684306,-0.0630646,-0.0586257,0.00297239,0.00527858,0.00700164,0.00799298,0.00833102
11.18,0.5572311,-628607.0,0.105995,-0.0682402,0.00370706,-0.439244,-0.532066,-0.0374707,-0.0598257,-0.0784057,-0.0803946,-0.0743198,0.00228296,0.00416093,0.00553328,0.00655839,0.00700156
11.200000000000001,-0.16731927,-430315.0,-0.00788033,-0.216834,0.0233233,-0.345164,-0.835317,-0.0364896,-0.0626764,-0.0781354,-0.0882387,-0.0879937,0.00154335,0.00293591,0.00396787,0.00487206,0.00537843
11.22,-0.0047162046,-266058.0,0.451273,0.369412,0.409925,0.221424,-0.269479,-0.0320557,-0.0611506,-0.0738029,-0.0894761,-0.0990416,0.0008579,0.00169764,0.00244848,0.00309491,0.00350807
11.24,-0.38126987999999995,-96728.3,-0.000940217,0.191325,-0.10428,-0.126583,-0.194341,-0.0275523,-0.0555432,-0.0707465,-0.0885277,-0.10368,0.00026182,0.000530705,0.00100299,0.00131487,0.00148086
11.26,0.034591361999999994,114050.0,-0.495,-0.226846,-0.622682,-0.53957,-0.170662,-0.0325117,-0.0558985,-0.0780161,-0.0951892,-0.10733,-0.000338821,-0.000583712,-0.000484636,-0.000522296,-0.000629236
11.28,0.5168442,336735.0,0.156782,0.0801309,-0.0685236,0.0690973,0.491515,-0.0358939,-0.0573656,-0.0849281,-0.0998939,-0.104121,-0.00102288,-0.00171635,-0.00211408,-0.00247313,-0.00274375
11.3,0.10116206999999999,446064.0,1.53267,1.23274,1.44712,1.61625,1.72251,-0.0189994,-0.0442369,-0.0711421,-0.0830405,-0.0819811,-0.00157181,-0.00273238,-0.00367478,-0.00430247,-0.00460477
11.32,-1.1599848,413056.0,0.601182,0.832883,1.23405,1.42066,1.20967,0.00233907,-0.0235807,-0.0443304,-0.0526714,-0.0526594,-0.00173841,-0.00341055,-0.00482951,-0.00565959,-0.00595118
11.34,-0.7305290999999999,417018.0,-1.00714,-0.0572057,0.323841,0.49157,0.283252,-0.00172054,-0.015824,-0.0287515,-0.0335491,-0.0377302,-0.00173223,-0.0038046,-0.00556032,-0.00652179,-0.00685507
11.36,0.26768216999999994,548123.0,-0.402082,0.313368,0.686787,0.790274,0.858784,-0.0158128,-0.0132623,-0.0186452,-0.0207307,-0.0263098,-0.00190756,-0.00409546,-0.00603429,-0.00706459,-0.00749547
11.38,-0.10784613,615855.0,1.45742,1.32783,1.81687,1.87359,2.1627,-0.00525944,0.00314962,0.00639138,0.00590801,0.00390494,-0.00211829,-0.00419659,-0.00615683,-0.00721282,-0.00771952
11.4,-1.2839607,500424.0,0.802914,0.689221,1.2035,1.32728,1.54898,0.0173439,0.0233201,0.0365951,0.0379167,0.0410217,-0.00199744,-0.00393189,-0.00572696,-0.00677457,-0.00727025
11.42,-0.7408973999999999,374879.0,-0.555624,0.149384,0.384801,0.678326,0.670601,0.0198168,0.0317062,0.0524781,0.0579727,0.0632175,-0.00162583,-0.00338163,-0.00483623,-0.00581568,-0.00622786
11.44,-0.06144224999999999,402848.0,-1.17041,-0.502303,-0.636685,-0.249393,-0.333676,0.0025564,0.028177,0.0499593,0.062262,0.0665868,-0.0014021,-0.0027828,-0.00381186,-0.00461333,-0.00492982
11.46,0.7699469999999999,476862.0,0.80852,0.314275,0.128109,0.358749,0.446073,-0.00106253,0.0262967,0.0448735,0.0633556,0.0677107,-0.00138716,-0.00223806,-0.00286353,-0.00335715,-0.00358685
11.48,-0.12485258999999999,380285.0,1.44827,0.456485,0.492777,0.387926,0.62857,0.0215053,0.0340043,0.0510824,0.0708224,0.0784572,-0.00118274,-0.00163505,-0.00190397,-0.00201537,-0.00212517
11.5,-0.48960356999999993,148736.0,-0.324842,-0.326343,-0.280165,-0.615307,-0.530387,0.0327396,0.0353057,0.0532085,0.0685485,0.079439,-0.000640287,-0.000941953,-0.000861062,-0.000621664,-0.000546205
11.52,0.33784287,6313.61,-1.02771,-0.140595,-0.442664,-0.746149,-1.02903,0.0192141,0.0306363,0.0459802,0.054934,0.0638448,-0.000120751,-0.000282532,0.000130825,0.000613161,0.000886632
11.540000000000001,0.47089218,-23499.2,0.136709,0.495583,-0.0126485,-0.197656,-0.650222,0.010304,0.0341862,0.0414271,0.0454959,0.0470522,0.00017443,0.000365694,0.0010049,0.00161746,0.0019956
11.56,-0.07684883999999999,-142753.0,1.70928,1.20674,1.00893,0.787934,0.56805,0.028764,0.0512094,0.0513899,0.0513987,0.0462305,0.000565111,0.00121965,0.00193307,0.00258641,0.00292843
11.58,-1.1784111,-495421.0,1.6255,1.49166,1.73549,1.40879,1.53507,0.0621119,0.0781933,0.0788341,0.073366,0.0672617,0.00147387,0.00251368,0.00323531,0.00383405,0.00406335
11.6,-1.9115411999999998,-979386.0,-0.0796843,0.945538,1.21614,1.03132,1.21034,0.07757,0.102565,0.10835,0.0977671,0.0947158,0.00287069,0.00432126,0.00510715,0.00554539,0.00568313
11.620000000000001,-1.4545862999999999,-1349800.0,-1.4315,-0.143128,-0.0666413,0.182802,0.154576,0.0624582,0.110589,0.119845,0.109908,0.108365,0.00427097,0.00645281,0.00738911,0.00762214,0.00771393
11.64,-0.38072417999999997,-1532580.0,-0.722698,-0.598856,-0.316755,0.28055,0.204468,0.0409162,0.10317,0.116011,0.114542,0.111955,0.00530472,0.0085904,0.00974768,0.00986664,0.00991714
11.66,-0.38373675,-1718480.0,0.51067,-0.651517,0.184059,0.746721,0.96254,0.0387959,0.0906658,0.114684,0.124815,0.123626,0.00610184,0.0105287,0.0120546,0.0122602,0.0122729
11.68,-1.0473767999999999,-2026050.0,-0.0456779,-1.1563,-0.244991,0.114335,0.610704,0.0434459,0.0725876,0.114075,0.133425,0.139358,0.00692425,0.0121613,0.0143422,0.0148426,0.0149028
11.700000000000001,-0.7515666,-2277640.0,-1.38627,-1.42629,-1.32526,-0.970957,-0.588179,0.0291264,0.0467617,0.0983726,0.124859,0.139583,0.00764998,0.0133548,0.0164667,0.0174254,0.0176922
11.72,0.06645147,-2275740.0,-1.74496,-1.39178,-2.25584,-1.82556,-1.80453,-0.0021859,0.0185811,0.0625616,0.0968937,0.115656,0.00791938,0.0140082,0.018076,0.019643,0.0202446
11.74,0.6707162999999999,-2116280.0,-0.0829281,-0.636551,-1.66153,-1.55778,-1.71513,-0.0204648,-0.00170222,0.0233879,0.0630604,0.0804595,0.00769288,0.014177,0.0189355,0.0212425,0.0222057
11.76,-0.014120114999999999,-2065980.0,1.33302,0.0307588,-0.455753,-1.13605,-1.25408,-0.00796383,-0.00776014,0.00221506,0.0361221,0.0507675,0.00740859,0.0140824,0.0191916,0.0222343,0.023518
11.78,-0.9452084999999999,-2145360.0,-0.261052,-0.868429,-1.08313,-2.36868,-2.62232,0.00275587,-0.0161368,-0.0131738,0.00107484,0.0120035,0.00735651,0.0138434,0.019082,0.0226063,0.0241457
11.8,0.046534491,-2101160.0,-1.48209,-1.00679,-1.63449,-2.79606,-3.46032,-0.0146755,-0.034889,-0.0403499,-0.0505726,-0.048823,0.00723731,0.0133331,0.0185467,0.0221113,0.0237775
11.82,0.6846035999999999,-1897130.0,0.0726605,0.327815,-0.713507,-1.29178,-2.13104,-0.0287698,-0.0416787,-0.0638299,-0.091451,-0.104737,0.00680286,0.0125675,0.017505,0.0206911,0.0222419
11.84,-0.41815052999999996,-1788250.0,1.31776,0.643505,-0.101984,-0.315952,-0.67679,-0.0148656,-0.0319655,-0.0719848,-0.107528,-0.132815,0.00636651,0.011831,0.0161468,0.0187013,0.0198664
11.86,-1.1205771,-1815780.0,-0.301214,-0.88357,-0.923842,-1.11377,-0.741273,-0.00470007,-0.0343662,-0.082243,-0.121826,-0.146996,0.00617085,0.0111677,0.0146045,0.0164078,0.0170683
11.88,-0.09549597,-1728610.0,-1.7462,-1.56008,-1.25159,-1.25061,-0.668907,-0.0251742,-0.0588027,-0.103997,-0.145469,-0.161097,0.00587211,0.010236,0.0127421,0.0137348,0.0139874
11.9,0.5206386,-1439230.0,-0.900166,-0.898623,-0.669863,-0.0882049,0.0869683,-0.0516378,-0.0833897,-0.123212,-0.158858,-0.166917,0.00510399,0.0088141,0.01047,0.0106915,0.0107072
11.92,0.05328786,-1101730.0,0.0261782,-0.841149,-0.574928,0.453743,0.331798,-0.0603777,-0.100787,-0.13566,-0.155202,-0.162729,0.00398383,0.00697232,0.00788132,0.00755094,0.00741077
11.94,-0.010000130999999999,-796243.0,-0.0558302,-0.870227,-0.331888,0.474703,0.648275,-0.0606742,-0.117901,-0.144728,-0.145918,-0.152928,0.00277331,0.00478544,0.00507744,0.00453974,0.0042542
11.96,-0.048507732,-452544.0,-0.8745,-0.718202,-0.178652,-0.00192162,0.59113,-0.0699775,-0.133785,-0.149833,-0.14119,-0.140534,0.00146679,0.00226857,0.00213183,0.00166867,0.00131957
11.98,0.16955307,-3185.75,-0.548788,0.101431,0.170709,-0.0049961,0.408995,-0.0842104,-0.139953,-0.149913,-0.141259,-0.130533,-7.50847e-05,-0.000468815,-0.000865635,-0.00115582,-0.00139111
12.0,0.11115143999999999,528913.0,0.0959952,0.377577,0.0228658,-0.0970742,-0.360479,-0.0887383,-0.135163,-0.147977,-0.14228,-0.130048,-0.00180457,-0.00321998,-0.00384453,-0.00399121,-0.00399692
12.02,0.38178243,1056090.0,0.641166,0.486126,0.191567,0.0335966,-0.617052,-0.0813667,-0.126526,-0.145833,-0.142915,-0.139823,-0.00350562,-0.00583687,-0.00678263,-0.00684315,-0.00669563
12.040000000000001,0.35234879999999996,1479050.0,0.878962,0.718297,0.662154,0.134056,-0.253477,-0.0661654,-0.114482,-0.137295,-0.141238,-0.148529,-0.00498094,-0.00824695,-0.00961391,-0.00968468,-0.00957915
12.06,0.15132618,1744320.0,1.37833,1.58382,1.42655,0.647696,0.669898,-0.0435925,-0.0914607,-0.116408,-0.13342,-0.144364,-0.00607852,-0.0103064,-0.012151,-0.0124313,-0.0125081
12.08,-0.38110821,1897460.0,0.742907,1.48817,1.00169,0.524459,0.554206,-0.0223802,-0.0607408,-0.0921259,-0.121699,-0.132123,-0.00673825,-0.0118284,-0.0142363,-0.0149825,-0.015273
12.1,0.07061561999999999,2036360.0,-0.00875731,0.951799,0.510341,0.601332,0.411938,-0.0150387,-0.0363411,-0.0770056,-0.110441,-0.122462,-0.00711244,-0.0127992,-0.0159276,-0.0173039,-0.0178188
12.120000000000001,0.5208222,2173560.0,-0.0457911,0.366508,0.57037,0.907521,0.778998,-0.0155842,-0.023158,-0.0661984,-0.0953525,-0.110553,-0.00741867,-0.0133942,-0.0173596,-0.0193618,-0.020149
12.14,0.6014786999999999,2253640.0,0.267058,-0.090279,0.847884,1.08591,1.30535,-0.0133715,-0.0203957,-0.0520159,-0.0754182,-0.089709,-0.00770823,-0.0138297,-0.0185418,-0.0210695,-0.0221516
12.16,0.6087513,2248080.0,0.981368,0.661205,1.7605,2.06333,2.46642,-0.000887236,-0.0146865,-0.025932,-0.0439258,-0.0519913,-0.00785081,-0.0141806,-0.0193213,-0.0222629,-0.0235686
12.18,-0.19477919999999996,2198490.0,-0.213757,0.27024,0.904239,1.61841,1.88769,0.00678887,-0.00537203,0.0007154,-0.00710848,-0.00845015,-0.0077918,-0.0143811,-0.0195734,-0.0227733,-0.024173
12.200000000000001,0.45024482999999993,2200750.0,-0.536975,0.384739,0.511992,1.49828,1.67124,-0.000718445,0.00117777,0.0148777,0.0240584,0.0271392,-0.00773109,-0.0144231,-0.0194175,-0.0226038,-0.0239861
12.22,0.5655492,2228770.0,0.635211,1.12619,1.22643,1.88765,2.21723,0.000263916,0.016287,0.0322619,0.0579176,0.0660239,-0.00773564,-0.0142484,-0.0189461,-0.021784,-0.0230545
12.24,-0.17668083,2169890.0,0.833724,0.867335,1.28868,1.27839,1.68039,0.0149533,0.0362223,0.0574131,0.089578,0.105,-0.00758347,-0.0137233,-0.0180494,-0.0203091,-0.0213442
12.26,-0.040966055999999994,2065200.0,-0.257905,-0.0717014,0.461304,0.0647817,0.0943723,0.0207115,0.0441786,0.0749129,0.10301,0.122748,-0.00722682,-0.0129193,-0.0167261,-0.0183832,-0.0190667
12.280000000000001,0.896376,1968760.0,0.631893,1.01218,1.19412,0.884706,0.370459,0.0244513,0.0535834,0.0914672,0.112505,0.127396,-0.00677519,-0.0119417,-0.0150623,-0.016228,-0.0165653
12.3,-0.029201835,1742360.0,1.77895,2.04122,1.73713,1.58844,0.987266,0.0485598,0.0841173,0.12078,0.137236,0.140973,-0.00604508,-0.0105647,-0.0129398,-0.0137306,-0.0138816
12.32,-0.9487836,1341190.0,0.582786,1.00024,0.50931,0.264461,0.146007,0.0721772,0.114532,0.143244,0.155765,0.152306,-0.00483771,-0.00857822,-0.0102996,-0.0108006,-0.0109488
12.34,-0.015982737,934503.0,-0.328644,0.435759,0.115192,-0.290108,0.0425435,0.0747186,0.128892,0.149489,0.155509,0.154191,-0.00336875,-0.00614398,-0.00737226,-0.0076879,-0.00788385
12.36,0.23934758999999997,557243.0,0.2341,0.624489,0.617632,0.349839,0.575955,0.0737732,0.139494,0.156817,0.156106,0.160376,-0.00188383,-0.00346012,-0.0043092,-0.00457175,-0.00473818
12.38,-0.38276111999999995,104059.0,0.447966,-0.00204485,0.276132,0.413277,0.210218,0.0805938,0.145719,0.165755,0.163737,0.168238,-0.000340163,-0.000607984,-0.00108348,-0.00137333,-0.00145203
12.4,-0.24785744999999998,-390213.0,-0.253855,-0.830958,-0.403055,0.0331874,-0.274219,0.0825349,0.137389,0.164486,0.168202,0.167598,0.00129112,0.00222309,0.00221893,0.00194606,0.00190633
12.42,0.16389359999999997,-822150.0,-0.770043,-0.855696,-0.512033,-0.0802003,0.0211142,0.072296,0.120522,0.155335,0.167732,0.165067,0.00283943,0.0048022,0.00541713,0.00530539,0.00523299
12.44,-0.0018769428,-1199680.0,-0.44673,-0.424636,-0.351004,-0.0521675,0.483295,0.0601282,0.107719,0.146704,0.166408,0.170111,0.00416368,0.00708461,0.00843752,0.00864679,0.00858477
12.46,-0.43013756999999997,-1530870.0,-0.705702,-0.955211,-1.09993,-0.863054,-0.372774,0.0486039,0.0939205,0.132195,0.157256,0.171216,0.005251,0.00910101,0.0112265,0.0118834,0.011998
12.48,0.09468456,-1744590.0,-0.878791,-1.23501,-1.39258,-1.22163,-1.17642,0.032759,0.0720183,0.10727,0.136409,0.155725,0.00606463,0.0107604,0.0136212,0.0148201,0.0152675
12.5,0.27216456,-1867300.0,-0.202812,-0.649968,-0.750018,-0.81411,-1.13973,0.021943,0.0531685,0.085844,0.116051,0.132563,0.00661165,0.0120123,0.0155523,0.0173447,0.0181503
12.52,-0.38125866,-2009980.0,0.109714,-0.508013,-0.714644,-1.11755,-1.475,0.021012,0.0415887,0.0711974,0.0967347,0.106416,0.0070412,0.0129598,0.0171227,0.0194725,0.0205401
12.540000000000001,-0.42862542,-2117940.0,-1.03891,-1.50823,-2.01141,-2.61698,-2.82131,0.01172,0.0214263,0.0439369,0.0593894,0.0634526,0.00736852,0.01359,0.0182741,0.0210338,0.0222388
12.56,0.7715126999999999,-2057370.0,-1.27378,-1.53084,-2.30926,-2.88601,-3.00716,-0.011407,-0.00896437,0.000730163,0.00435942,0.00516787,0.00737165,0.0137146,0.0187207,0.0216713,0.022925
12.58,0.9380786999999999,-1918050.0,0.0869234,-0.508949,-1.33492,-1.78863,-1.94532,-0.0232756,-0.0293623,-0.0357117,-0.0423869,-0.044357,0.00702482,0.0133313,0.0183709,0.021291,0.0225331
12.6,-0.07282596,-1871440.0,0.648277,-0.275997,-0.939449,-1.31189,-1.51459,-0.0159236,-0.0372117,-0.0584554,-0.0733921,-0.0789561,0.00663283,0.0126656,0.0174293,0.0201332,0.0213
12.620000000000001,-0.35131605,-1827300.0,-0.903242,-1.33817,-1.81648,-2.11834,-2.30349,-0.0184732,-0.0533534,-0.0860147,-0.107694,-0.117137,0.00628886,0.0117599,0.0159845,0.0183223,0.0193391
12.64,0.7283054999999999,-1618330.0,-1.04137,-0.948426,-1.30068,-1.46746,-1.57622,-0.0379193,-0.0762194,-0.117186,-0.143552,-0.155934,0.00572494,0.0104642,0.0139525,0.0158099,0.0166083
12.66,0.40486962,-1353300.0,0.319408,0.0724734,-0.0855455,-0.0935144,-0.092581,-0.0451389,-0.084979,-0.131049,-0.159162,-0.172622,0.00489435,0.00885224,0.0114702,0.0127827,0.0133228
12.68,-0.6291207,-1212920.0,0.957831,0.467714,0.638514,0.727144,0.830162,-0.0323665,-0.0795771,-0.125519,-0.152826,-0.165246,0.0041193,0.00720667,0.00890452,0.00966283,0.00994411
12.700000000000001,-1.1227038,-1115900.0,-0.488128,-0.172093,0.26945,0.418464,0.55415,-0.0276695,-0.0766209,-0.116439,-0.14137,-0.151403,0.00351894,0.00564469,0.00648494,0.00672087,0.00677762
12.72,-0.48902727,-884471.0,-1.07093,-0.0736344,0.408617,0.674813,0.76619,-0.0432601,-0.0790782,-0.109659,-0.130437,-0.138199,0.00280964,0.0040877,0.00422396,0.0040028,0.0038816
12.74,-0.43334955,-523555.0,-0.574319,-0.236643,0.199525,0.616071,0.683195,-0.0597126,-0.0821809,-0.103577,-0.117528,-0.123706,0.00177992,0.00247511,0.0020916,0.00152315,0.00126255
12.76,-0.14624556,-172511.0,0.913476,0.287967,0.772188,1.22971,1.37924,-0.0563211,-0.0816677,-0.09386,-0.0990705,-0.103081,0.000619579,0.000836626,0.00011723,-0.000642841,-0.00100532
12.780000000000001,-0.6876074999999999,80175.8,0.56279,0.14695,0.60152,0.939912,1.20248,-0.0415584,-0.0773185,-0.0801229,-0.0773743,-0.077264,-0.000359215,-0.000753236,-0.0016226,-0.00240729,-0.00280877
12.8,-0.45743532,286491.0,-0.191508,0.291989,0.39102,0.570024,0.804329,-0.0378456,-0.0729291,-0.0701975,-0.0622749,-0.0571959,-0.00115326,-0.00225571,-0.0031258,-0.00380378,-0.00415337
12.82,-0.17294864999999998,550138.0,-0.528927,0.161572,-0.198711,-0.133319,-0.0985508,-0.0450499,-0.0683935,-0.0682744,-0.0579078,-0.0501381,-0.00198221,-0.00366894,-0.00451052,-0.00500561,-0.00522671
12.84,0.47599319999999995,868103.0,0.431636,0.511452,0.0879812,-0.00779489,-0.171176,-0.0460228,-0.0616633,-0.0693817,-0.059319,-0.0528354,-0.00289294,-0.00496951,-0.00588708,-0.00617788,-0.00625644
12.86,0.28891397999999996,1108180.0,1.05671,0.689588,0.628157,0.250948,0.0325652,-0.0311394,-0.0496529,-0.0622203,-0.0568875,-0.0542215,-0.00366456,-0.00608267,-0.0072031,-0.00733994,-0.00732701
12.88,-0.05577003,1186120.0,0.796361,0.722819,0.903251,0.310064,0.110349,-0.0126088,-0.0355288,-0.0469062,-0.0512773,-0.0527924,-0.00410204,-0.00693449,-0.00829437,-0.00842159,-0.00839715
12.9,-0.12772541999999998,1181000.0,0.253986,0.81795,0.783543,0.305149,0.0805902,-0.00210529,-0.0201211,-0.0300383,-0.0451252,-0.050883,-0.00424918,-0.00749099,-0.00906381,-0.00938561,-0.0094339
12.92,0.031920798,1227970.0,-0.538045,0.219404,-0.114882,-0.201465,-0.417755,-0.00494588,-0.00974757,-0.0233517,-0.0440884,-0.0542546,-0.00431969,-0.00778967,-0.00959771,-0.0102777,-0.0104853
12.94,0.798303,1329080.0,0.241098,0.447028,0.261741,0.483814,0.466638,-0.00791536,-0.00308326,-0.0218831,-0.0412649,-0.0537658,-0.00444831,-0.00791798,-0.0100501,-0.0111313,-0.0115655
12.96,0.31180022999999996,1338520.0,0.831839,0.395599,0.721668,0.978602,1.264,0.00281401,0.00534301,-0.012049,-0.0266407,-0.0364595,-0.00449932,-0.00789538,-0.0103894,-0.0118103,-0.0124677
12.98,-0.09237425999999999,1237400.0,-0.0106629,-0.320542,0.289832,0.524861,0.906596,0.0110258,0.00609357,-0.00193401,-0.0116061,-0.0147535,-0.00436092,-0.00778102,-0.0105292,-0.0121928,-0.0129799
13.0,0.46375422,1220270.0,-1.36007,-1.09176,-0.694915,-0.300508,-0.127363,-0.00268157,-0.00802948,-0.00598484,-0.00936257,-0.0069612,-0.00427748,-0.00780038,-0.0106084,-0.0124025,-0.013197
13.02,1.4522351999999998,1369690.0,-0.611339,-0.425742,-0.362588,0.205961,0.171551,-0.0223957,-0.0232045,-0.0165599,-0.010308,-0.00651932,-0.00452825,-0.00811272,-0.0108338,-0.0125992,-0.0133318
13.040000000000001,1.0033332,1465320.0,1.67019,1.25597,1.28482,1.6933,1.74183,-0.0118071,-0.0149022,-0.00733756,0.00868455,0.0126145,-0.00487028,-0.00849378,-0.0110728,-0.0126154,-0.0132709
13.06,-0.6966395999999999,1339020.0,1.19862,1.06638,1.22294,1.16532,1.40734,0.016881,0.00832133,0.01774,0.0372708,0.0441062,-0.00481954,-0.00855959,-0.0109688,-0.0121559,-0.0127037
13.08,-0.525351,1188370.0,-0.862462,0.151456,0.225328,-0.172245,-0.0367172,0.0202426,0.0204997,0.0322227,0.0472016,0.0578124,-0.00444831,-0.00827138,-0.0104692,-0.0113112,-0.0116845
13.1,0.6083993999999999,1195950.0,-0.447207,0.743046,0.606624,0.250638,-0.0251113,0.00714595,0.0294447,0.0405422,0.0479855,0.0571941,-0.00417442,-0.00777194,-0.00974152,-0.0103593,-0.0105344
13.120000000000001,0.20954879999999998,1177230.0,1.4692,1.46409,1.40409,1.23549,0.723232,0.0173659,0.0515161,0.0606493,0.0628468,0.0641753,-0.0039293,-0.00696233,-0.00872961,-0.00925096,-0.00932072
13.14,-0.739551,924269.0,1.62684,1.03062,1.30729,1.17084,0.911065,0.0483263,0.0764633,0.0877631,0.0869101,0.0805183,-0.00327238,-0.00568254,-0.00724548,-0.00775339,-0.00787378
13.16,-0.7923104999999999,543403.0,-0.121186,0.188806,0.530276,0.385134,0.570756,0.0633829,0.0886576,0.106139,0.10247,0.0953365,-0.00215529,-0.00403133,-0.00530646,-0.00585959,-0.00611523
13.18,-0.15972231,242573.0,-0.988605,0.00167053,-0.0228321,0.073704,0.408734,0.052285,0.0905623,0.111213,0.107058,0.105131,-0.000998608,-0.00223913,-0.00313294,-0.00376431,-0.00411055
13.200000000000001,0.15006851999999998,53496.9,-0.508221,-0.310507,-0.555836,-0.0698553,0.0949814,0.0373167,0.087474,0.105427,0.107097,0.110169,-0.000102591,-0.000458767,-0.000966547,-0.00162276,-0.00195755
13.22,0.38378622,-96936.9,-0.293811,-1.22984,-1.12726,-0.544619,-0.491895,0.0292964,0.0720705,0.0885956,0.100952,0.106199,0.00056354,0.00113668,0.000973674,0.000457722,0.000206127
13.24,0.8026328999999999,-245524.0,-0.370806,-1.46041,-0.927161,-0.667337,-0.517765,0.0226502,0.045168,0.0680513,0.0888324,0.0961028,0.00108301,0.00230906,0.00254014,0.00235556,0.00222915
13.26,0.6492095999999999,-355068.0,-1.11094,-1.67341,-1.36804,-1.44741,-1.2613,0.00783282,0.0138297,0.0450994,0.0676849,0.0783122,0.00138784,0.00289904,0.00367165,0.00392074,0.0039733
13.280000000000001,1.1228619,-355000.0,-0.575387,-0.777914,-1.25604,-1.36578,-1.39031,-0.00903041,-0.0106835,0.0188586,0.039553,0.0517961,0.00137586,0.0029305,0.00431123,0.00499312,0.00527438
13.3,0.8571314999999999,-245401.0,-0.448736,-0.64772,-1.64596,-1.72306,-1.97212,-0.0192716,-0.0249399,-0.0101614,0.00866466,0.0181718,0.00109284,0.00257427,0.0043982,0.00547529,0.00597406
13.32,1.0677257999999998,-116754.0,0.294431,-0.0329645,-0.864588,-1.23905,-1.46501,-0.0208147,-0.0317467,-0.0352669,-0.0209564,-0.0161995,0.000691977,0.0020074,0.00394392,0.00535238,0.00599378
13.34,0.37106222999999994,-53341.7,0.29382,-0.0408259,-0.439938,-1.28741,-1.41138,-0.0149322,-0.0324846,-0.0483122,-0.046221,-0.0449633,0.000334509,0.00136509,0.00310813,0.0046806,0.00538216
13.36,0.28526084999999995,2316.21,-0.379074,-0.481374,-0.730018,-1.6696,-1.93292,-0.0157847,-0.0377066,-0.0600117,-0.0757911,-0.0784063,2.73393e-05,0.000663178,0.00202489,0.00346048,0.00414846
13.38,0.854352,142241.0,-0.255412,-0.187775,-0.530978,-1.01966,-1.53668,-0.0221296,-0.0443981,-0.0726217,-0.102684,-0.113102,-0.000351804,-0.00015787,0.000698555,0.00167573,0.00223337
13.4,0.6677633999999999,290221.0,0.339601,0.21157,-0.0784951,-0.0392541,-0.448672,-0.0212877,-0.0441602,-0.0787164,-0.113273,-0.132956,-0.000785977,-0.00104345,-0.000814827,-0.00048383,-0.000227206
13.42,0.1131996,343895.0,0.366133,0.0856146,0.0965842,0.320918,0.465933,-0.0142304,-0.0411883,-0.0785355,-0.110456,-0.132783,-0.00114116,-0.00189694,-0.00238735,-0.00272112,-0.00288459
13.44,-0.019736235,394015.0,-0.795296,-0.754962,-0.470561,-0.240288,0.360404,-0.018522,-0.0478818,-0.0822753,-0.10965,-0.12452,-0.00146868,-0.00278764,-0.00399545,-0.00492218,-0.00545762
13.46,0.7476804,580306.0,-0.857986,-0.570942,-0.211151,0.206773,0.69416,-0.0350548,-0.0611408,-0.0890924,-0.109985,-0.113974,-0.00200445,-0.00387786,-0.00570913,-0.00711852,-0.00784256
13.48,0.6617454,844615.0,0.0251695,-0.0741324,0.314359,1.01517,1.07245,-0.043383,-0.0675916,-0.0880603,-0.0977655,-0.096308,-0.00278883,-0.00516519,-0.00748066,-0.00919603,-0.00994538
13.5,0.21242775,1024720.0,1.09592,0.687835,1.17722,1.84202,1.75206,-0.0321721,-0.0614546,-0.0731446,-0.0691937,-0.0680629,-0.00354438,-0.00645565,-0.00909271,-0.0108656,-0.0115891
13.52,-0.5573636999999999,1112930.0,0.10873,0.299468,0.785876,1.02093,1.1689,-0.0201255,-0.0515815,-0.0535136,-0.0405642,-0.0388533,-0.00406735,-0.00758601,-0.0103593,-0.0119632,-0.0126583
13.540000000000001,0.008641593,1257910.0,-0.742071,0.228959,0.458177,0.286182,0.578799,-0.026459,-0.0462973,-0.0410731,-0.0274931,-0.0213763,-0.0045332,-0.0085648,-0.0113052,-0.0126438,-0.0132605
13.56,0.4827456,1501420.0,-0.142131,0.579787,0.521393,0.286803,0.319326,-0.035301,-0.0382098,-0.0312774,-0.0217632,-0.012395,-0.0051508,-0.00940987,-0.0120287,-0.0131363,-0.0135983
13.58,0.42926547,1657300.0,2.06423,1.95476,1.88,1.75172,1.41825,-0.01608,-0.0128643,-0.00726339,-0.00137798,0.00498078,-0.00566461,-0.00992061,-0.0124141,-0.0133677,-0.0136724
13.6,-0.9979934999999999,1547100.0,2.12681,2.09938,2.16532,2.004,1.6429,0.0258305,0.0276771,0.0331899,0.0361792,0.0355923,-0.0055671,-0.00977248,-0.0121548,-0.0130197,-0.0132667
13.620000000000001,-1.320288,1256840.0,0.574122,1.59173,1.62212,1.3479,1.27047,0.0528399,0.0645883,0.0710644,0.0696982,0.0647259,-0.0047804,-0.00884983,-0.0111123,-0.011961,-0.0122635
13.64,-0.8078196,990310.0,-0.489725,0.951344,0.845413,0.659571,0.79381,0.0536838,0.090019,0.0957397,0.0897729,0.0853687,-0.00371516,-0.00730376,-0.00944422,-0.0103662,-0.0107625
13.66,-0.15823107,777306.0,0.0374748,0.54008,0.636171,0.750377,0.855551,0.0491613,0.104933,0.110556,0.103872,0.101862,-0.00268671,-0.00535424,-0.00738127,-0.0084298,-0.00889023
13.68,-0.15048111,483056.0,0.88278,0.303925,0.967907,1.32012,1.35329,0.0583639,0.113373,0.126596,0.124577,0.123951,-0.00161146,-0.00317117,-0.00500975,-0.0061453,-0.0066321
13.700000000000001,-0.6461802,66851.9,0.00915503,-0.52167,0.444525,0.861612,0.962995,0.0672832,0.111196,0.140721,0.146395,0.147114,-0.000354984,-0.000925477,-0.00233658,-0.00343558,-0.00392146
13.72,-0.26402037,-312390.0,-1.03549,-0.864427,-0.324149,0.156692,0.392122,0.0570199,0.0973349,0.141924,0.156578,0.160665,0.000888048,0.00115983,0.000489874,-0.000405854,-0.000843673
13.74,0.23419862999999996,-541075.0,-0.692102,-0.421465,-0.61687,-0.0238803,0.275648,0.0397441,0.084476,0.132514,0.157906,0.167343,0.00185569,0.00297794,0.00323426,0.00273898,0.0024364
13.76,0.11165072999999999,-705411.0,0.0526004,-0.264281,-0.7382,-0.255402,0.0288165,0.033349,0.0776185,0.118964,0.155113,0.170387,0.00258662,0.00459889,0.00574904,0.00586917,0.0058137
13.780000000000001,-0.07737261,-890647.0,-0.356924,-1.01768,-1.22618,-1.244,-1.06373,0.0303058,0.0647989,0.0993197,0.140119,0.160038,0.00322317,0.00602306,0.00793187,0.00882149,0.00911795
13.8,0.42267117,-1073820.0,-0.0761162,-0.499966,-0.521147,-1.11567,-1.2216,0.0259754,0.0496224,0.0818465,0.116522,0.137185,0.00378598,0.00716727,0.00974353,0.0113879,0.0120902
13.82,-0.09569538,-1237820.0,0.00105298,-0.0922511,-0.397071,-1.19081,-1.70688,0.0252248,0.0437002,0.0726643,0.0934573,0.1079,0.00429798,0.0081005,0.0112886,0.0134877,0.014541
13.84,-0.20068397999999998,-1380870.0,0.0249677,0.0346518,-0.694273,-1.3153,-2.01774,0.025485,0.0431242,0.0617508,0.0683961,0.0706536,0.00480508,0.00896874,0.0126328,0.0151062,0.0163266
13.86,-0.1375725,-1491860.0,-0.38489,-0.459596,-1.25207,-1.72257,-2.13088,0.0218857,0.0388748,0.0422874,0.0380174,0.0291674,0.00527878,0.00978873,0.0136732,0.0161704,0.0173248
13.88,0.18458072999999997,-1580440.0,-0.373691,-0.685843,-1.17464,-1.66456,-1.57106,0.0142999,0.0274204,0.0180204,0.00414603,-0.00785205,0.00564064,0.0104517,0.0142763,0.016592,0.0175379
13.9,0.08640522,-1683460.0,0.209049,-0.319775,-0.51048,-0.889666,-0.632852,0.0126535,0.0173642,0.00116927,-0.0213962,-0.0298911,0.00591018,0.0108995,0.0144681,0.0164195,0.0171605
13.92,-0.47870741999999994,-1807660.0,0.0711696,-0.333827,-0.432464,-0.368395,-0.382018,0.0154557,0.0108282,-0.00826018,-0.0339768,-0.0400398,0.00619127,0.0111815,0.0143972,0.0158658,0.0164612
13.94,-0.5432876999999999,-1892710.0,-0.548253,-0.603983,-0.663326,-0.137631,-0.348155,0.0106849,0.00145006,-0.0192181,-0.0390371,-0.0473416,0.00645267,0.0113042,0.0141225,0.0151356,0.0155874
13.96,-0.37872753,-1875120.0,-1.22498,-1.24158,-1.1152,-0.548598,-0.491942,-0.00704744,-0.0170056,-0.0370033,-0.0458994,-0.0557425,0.00648905,0.0111487,0.0135602,0.0142863,0.0145565
13.98,0.11109228,-1738060.0,-1.10505,-1.4958,-1.09585,-0.850778,-0.37422,-0.0303477,-0.0443793,-0.0591139,-0.0598932,-0.0644042,0.0061151,0.0105348,0.0125991,0.0132283,0.0133551
14.0,0.29716628999999994,-1478750.0,-1.23587,-1.9327,-1.43998,-1.41137,-0.953517,-0.0537568,-0.0786643,-0.0844722,-0.0825147,-0.0776815,0.00527405,0.00930439,0.0111632,0.0118043,0.0119342
14.02,0.8575548,-1123090.0,-0.222386,-0.873664,-0.653476,-0.525703,-0.550433,-0.0683394,-0.106728,-0.105407,-0.101885,-0.092721,0.00405309,0.00745047,0.00926442,0.00996026,0.0102302
14.040000000000001,0.13892757,-767834.0,0.525944,0.169559,-0.133777,0.0939041,-0.284546,-0.0653038,-0.113769,-0.113279,-0.106203,-0.101071,0.00271666,0.0052455,0.00707756,0.00787937,0.00829225
14.06,-0.40821674999999996,-452277.0,0.30279,0.395173,-0.342953,-0.370358,-0.583729,-0.0570164,-0.108122,-0.118047,-0.108968,-0.109754,0.00149345,0.0030266,0.0047643,0.00572766,0.00618401
14.08,-0.12428597999999999,-127530.0,0.188881,0.662209,-0.133604,-0.655728,-0.526204,-0.0520997,-0.0975478,-0.122812,-0.119229,-0.120853,0.000402293,0.000969905,0.00235571,0.00344569,0.00387794
14.1,-0.06174314999999999,194845.0,0.201531,0.617932,0.159792,-0.661296,-0.589752,-0.0481956,-0.0847464,-0.12255,-0.132399,-0.132012,-0.00060066,-0.000853037,-9.79139e-05,0.00092941,0.00134929
14.120000000000001,0.023313221999999998,452291.0,0.504108,0.536548,0.562651,-0.136168,-0.531594,-0.0411392,-0.0732016,-0.115326,-0.140374,-0.143226,-0.00149401,-0.00243252,-0.00247668,-0.00179832,-0.00140309
14.14,-0.05483672999999999,628890.0,0.567318,0.474914,0.810675,0.491224,-0.191988,-0.030425,-0.063087,-0.101593,-0.136823,-0.150462,-0.00220965,-0.0037954,-0.00464586,-0.00457029,-0.00433997
14.16,-0.13923101999999998,760512.0,0.271395,0.47581,0.803951,0.86656,0.508079,-0.0220378,-0.0535797,-0.0854463,-0.123245,-0.147301,-0.00273428,-0.00496207,-0.00651625,-0.00717097,-0.0073176
14.18,-0.14403114,889936.0,-0.155994,0.284278,0.44258,0.813993,1.14422,-0.0208838,-0.0459788,-0.072981,-0.10644,-0.130778,-0.0031635,-0.00595765,-0.00810052,-0.00946782,-0.0100984
14.200000000000001,0.10760949,1035680.0,-0.152297,0.132029,0.254594,0.88351,1.64881,-0.0239667,-0.0418158,-0.0660093,-0.0894647,-0.102847,-0.003612,-0.0068356,-0.00949043,-0.0114269,-0.0124346
14.22,0.22845348,1186620.0,-0.00623114,-0.024728,0.314527,1.08924,1.73136,-0.025552,-0.0407428,-0.0603181,-0.0697372,-0.0690457,-0.00410719,-0.00766119,-0.0107537,-0.0130189,-0.0141536
14.24,0.25900145999999996,1312650.0,0.363382,0.269339,0.884507,1.58726,1.79417,-0.0219805,-0.0382966,-0.0483278,-0.0429722,-0.0337905,-0.00458251,-0.00845158,-0.0118402,-0.014146,-0.0151819
14.26,-0.08562288,1404000.0,0.168928,0.29046,0.957812,1.38103,1.27537,-0.0166574,-0.0326987,-0.0299046,-0.0132893,-0.00309514,-0.00496889,-0.00916153,-0.0126225,-0.0147086,-0.0155508
14.280000000000001,0.04940206799999999,1469550.0,0.556985,0.999861,1.43514,1.51352,1.39317,-0.00939827,-0.0197954,-0.00597506,0.0156563,0.0235903,-0.00522945,-0.00968647,-0.0129813,-0.0146849,-0.0153458
14.3,-0.37119023999999995,1472590.0,0.914686,1.62566,1.74455,1.54976,1.55243,0.00531844,0.00645976,0.0258218,0.0462891,0.0530462,-0.00527025,-0.00981983,-0.0127828,-0.0140655,-0.0145795
14.32,-0.7648877999999999,1344100.0,1.44613,2.36749,2.31315,1.96852,1.99176,0.0289266,0.0463913,0.0663987,0.081472,0.0884881,-0.0049278,-0.00929132,-0.0118606,-0.0127879,-0.0131641
14.34,-1.4508581999999999,1087860.0,0.714503,1.759,1.73782,1.3773,1.25835,0.050533,0.0876562,0.106908,0.11493,0.120989,-0.0041332,-0.00795084,-0.0101275,-0.0108238,-0.0110694
14.36,-0.9721823999999999,814021.0,-0.167674,0.639227,0.779251,0.542347,0.27548,0.0560013,0.111638,0.132079,0.134127,0.136327,-0.00306786,-0.0059579,-0.00773766,-0.00833327,-0.00849619
14.38,-0.14645771999999999,573138.0,0.0614614,0.102482,0.41068,0.401926,0.180672,0.0549391,0.119056,0.143978,0.143569,0.140889,-0.00195846,-0.00365096,-0.00497708,-0.00555631,-0.00572402
14.4,-0.028307753999999997,269130.0,0.625013,-0.0797303,0.268208,0.504533,0.550395,0.0618039,0.119283,0.150767,0.152634,0.1482,-0.000791025,-0.00126757,-0.00202963,-0.00259427,-0.00283314
14.42,-0.24491475,-142106.0,0.0861942,-0.552087,-0.395562,0.0189644,0.36189,0.0689159,0.112965,0.149494,0.157869,0.157323,0.000516173,0.00105491,0.000972985,0.00051076,0.000222086
14.44,0.04915313699999999,-556765.0,-0.517025,-0.477126,-0.66204,-0.18483,0.250572,0.0646076,0.102673,0.138918,0.15621,0.163447,0.00185141,0.00321128,0.0038571,0.00365155,0.00342978
14.46,0.035005328999999995,-859749.0,-1.20294,-0.924168,-1.29968,-0.921586,-0.652712,0.047408,0.0886598,0.119301,0.145146,0.159426,0.00297156,0.00512461,0.00643928,0.00666512,0.00665851
14.48,0.5402889,-1027600.0,-0.797263,-1.10452,-1.30362,-1.21591,-1.22258,0.027406,0.0683729,0.0932676,0.123771,0.140673,0.0037197,0.00669494,0.00856497,0.00935429,0.0096595
14.5,0.5641058999999999,-1134830.0,-0.159028,-1.09487,-0.967857,-1.27161,-1.49118,0.0178431,0.046379,0.0705529,0.098896,0.113535,0.00417219,0.00784245,0.0102032,0.011581,0.0122016
14.52,0.31668704999999997,-1280870.0,0.464968,-0.320196,-0.205669,-0.777463,-1.09706,0.0209025,0.0322284,0.0588176,0.0784053,0.0876527,0.00455965,0.00862853,0.0114969,0.013354,0.0142135
14.540000000000001,-0.44077464,-1470980.0,-0.0707684,-0.0702351,-0.456006,-1.01313,-1.33928,0.0248445,0.0283241,0.0522009,0.0604994,0.0632893,0.00501712,0.00923405,0.0126071,0.014743,0.0157229
14.56,-0.35792462999999997,-1600050.0,-0.657431,-0.123549,-1.0299,-1.39353,-1.62639,0.0175625,0.0263862,0.0373419,0.0364328,0.0336326,0.00544119,0.00978116,0.0135025,0.0157123,0.0166921
14.58,-0.023987901,-1599920.0,-0.836797,-0.668695,-1.53855,-1.78157,-1.83984,0.00262019,0.0184638,0.0116574,0.00468181,-0.00102976,0.00564302,0.0102297,0.0139925,0.0161235,0.0170181
14.6,0.3845094,-1526040.0,-0.411682,-1.17301,-1.46803,-1.73213,-1.66568,-0.0098646,4.67028e-05,-0.0184084,-0.0304552,-0.036085,0.00557057,0.0104148,0.013925,0.0158658,0.016647
14.620000000000001,0.44244284999999994,-1436130.0,-0.629672,-1.92716,-1.72742,-1.95187,-1.94261,-0.0202781,-0.030955,-0.0503629,-0.0672952,-0.0721679,0.00526914,0.0101057,0.0132373,0.0148883,0.0155644
14.64,0.9095901,-1319770.0,-0.249954,-1.24372,-1.12488,-1.09239,-1.23417,-0.0290744,-0.0626637,-0.0788859,-0.0977377,-0.103936,0.00477562,0.00916949,0.0119448,0.0132379,0.0138034
14.66,0.38128925999999996,-1179650.0,-0.0905109,-0.36893,-0.720192,-0.392371,-0.511961,-0.0324791,-0.0787903,-0.0973366,-0.112585,-0.121397,0.00416008,0.00775495,0.0101825,0.0111347,0.0115501
14.68,-0.08154186,-1029540.0,-0.0123535,0.269941,-0.331202,-0.000657277,0.157311,-0.0335077,-0.0797802,-0.107851,-0.116516,-0.124944,0.00350022,0.00616925,0.00813067,0.00884369,0.00908668
14.700000000000001,-0.42765693,-824113.0,-0.767095,-0.309049,-0.61088,-0.610012,-0.228355,-0.0413022,-0.0801712,-0.117271,-0.122622,-0.125654,0.00275212,0.00456973,0.00587945,0.00645231,0.0065807
14.72,0.17284716,-516070.0,-0.581739,-0.388145,-0.10077,-0.417828,-0.228319,-0.0547905,-0.0871432,-0.124388,-0.132901,-0.130221,0.00179119,0.00289659,0.00346286,0.00389708,0.00402196
14.74,0.14478797999999998,-153580.0,-0.112929,-0.417444,0.235659,-0.063929,-0.374662,-0.0617372,-0.0951991,-0.123039,-0.137718,-0.136251,0.000625913,0.00107317,0.000988595,0.00119089,0.00135724
14.76,0.15345746999999998,189184.0,0.296477,-0.191387,0.326252,0.314485,-0.249806,-0.0599017,-0.101287,-0.11742,-0.135213,-0.142495,-0.000590477,-0.000891699,-0.00141599,-0.00153842,-0.00143021
14.780000000000001,0.10714488,495010.0,0.368138,0.27659,0.291098,0.515702,0.300632,-0.0532556,-0.100435,-0.111246,-0.126911,-0.141987,-0.00172205,-0.00290893,-0.00370266,-0.00415965,-0.00427503
14.8,-0.0045360471,785710.0,-0.0198305,0.402892,-0.0591394,0.174574,0.587411,-0.0497725,-0.0936405,-0.108927,-0.120008,-0.133106,-0.00275233,-0.00484969,-0.00590439,-0.00662884,-0.00702597
14.82,0.25804520999999997,1098120.0,-0.228023,0.229175,-0.316178,-0.199929,0.44829,-0.052251,-0.0873199,-0.11268,-0.120262,-0.122749,-0.00377257,-0.00665929,-0.00812045,-0.00903154,-0.00958453
14.84,0.6526776,1432530.0,0.111108,0.133109,-0.0412263,-0.021501,0.221912,-0.0534202,-0.083697,-0.116254,-0.122476,-0.116047,-0.00482928,-0.00836946,-0.0104098,-0.0114589,-0.0119725
14.86,0.7181565,1691790.0,1.33391,1.04239,1.37097,1.32161,0.964148,-0.03897,-0.071942,-0.102957,-0.109475,-0.104187,-0.00575318,-0.00992585,-0.0126019,-0.0137784,-0.0141748
14.88,-0.31594754999999997,1789710.0,0.983143,1.03817,1.57127,1.43883,0.888846,-0.0157994,-0.0511364,-0.0735341,-0.0818704,-0.0856569,-0.00630087,-0.0111566,-0.0143668,-0.0156919,-0.0160733
14.9,-0.27646539,1808670.0,0.129265,0.968312,1.30716,1.1346,0.913497,-0.00467536,-0.0310715,-0.0447499,-0.0561361,-0.0676335,-0.00650562,-0.0119787,-0.0155496,-0.0170719,-0.0176062
14.92,0.017310675,1855830.0,-0.0325924,1.14791,1.23652,1.16182,1.38303,-0.00370863,-0.00990932,-0.0193131,-0.033172,-0.0446681,-0.00658946,-0.0123885,-0.0161903,-0.017965,-0.0187292
14.94,-0.023255183999999998,1869810.0,0.964728,1.69572,1.85658,1.99956,2.36421,0.00561272,0.018527,0.0116179,-0.00155818,-0.0071957,-0.00657042,-0.0123023,-0.0162672,-0.0183123,-0.0192478
14.96,-0.7529741999999999,1733050.0,1.37022,1.61879,2.12353,2.48358,2.67959,0.0289622,0.0516721,0.0514189,0.0432733,0.0432424,-0.00622467,-0.0116004,-0.0156369,-0.0178952,-0.0188874
14.98,-1.0607694,1468100.0,0.677353,1.06994,1.79569,2.289,2.2971,0.049438,0.0785594,0.0906111,0.0909992,0.0930093,-0.00544067,-0.010298,-0.0142166,-0.0165524,-0.0175249
15.0,-0.7821257999999999,1192670.0,-0.161189,0.517597,1.13724,1.67543,1.71097,0.0545996,0.0944347,0.11994,0.130643,0.13309,-0.00440029,-0.0085681,-0.012111,-0.014336,-0.0152639
15.02,-0.29333517,953272.0,-0.305956,0.0951772,0.502301,0.991559,1.22761,0.0499281,0.100562,0.136336,0.157313,0.162476,-0.00335502,-0.00661812,-0.00954828,-0.0114565,-0.0123082
15.040000000000001,0.0665703,674163.0,0.704826,0.585808,0.930439,1.25877,1.62873,0.0539168,0.107372,0.150663,0.179817,0.191039,-0.00231657,-0.00453878,-0.00667829,-0.00808515,-0.00877305
15.06,-0.6211289999999999,256392.0,1.09836,1.05146,1.3793,1.48951,1.73836,0.0719487,0.123745,0.173761,0.207299,0.22471,-0.00105791,-0.0022276,-0.00343405,-0.00421399,-0.00461556
15.08,-1.2576243,-240089.0,-0.119463,0.451846,0.565412,0.51648,0.448374,0.0817377,0.138778,0.193208,0.227359,0.246577,0.000478953,0.000397627,0.000235634,0.000132592,9.73196e-05
15.1,-0.6332823,-605705.0,-1.5696,-0.895561,-1.1071,-1.22977,-1.54047,0.0648471,0.134341,0.187791,0.220226,0.235656,0.0019448,0.00312882,0.00404562,0.00460845,0.00491966
15.120000000000001,0.7703244,-799348.0,-0.373525,-0.687329,-1.0085,-1.2232,-1.49522,0.0454159,0.118512,0.166635,0.195697,0.2053,0.00304743,0.00565735,0.00758988,0.00876767,0.00932922
15.14,0.35946126,-1063060.0,1.18899,-0.134076,-0.34388,-0.711953,-0.763795,0.0535705,0.110298,0.153111,0.176345,0.182709,0.0040373,0.00794544,0.0107873,0.0124881,0.0132093
15.16,-0.5701698,-1527180.0,0.63207,-0.297687,-0.583186,-1.02048,-0.970849,0.0717811,0.10598,0.14384,0.159021,0.165363,0.00529081,0.0101082,0.0137568,0.0158417,0.01669
15.18,-0.5379632999999999,-1984610.0,-1.14486,-0.79777,-1.50688,-1.80085,-1.8896,0.0666532,0.0950257,0.12294,0.130807,0.136758,0.00667515,0.0121183,0.0164246,0.01874,0.0197112
15.200000000000001,0.17798081999999998,-2225350.0,-1.48687,-0.919348,-1.89594,-1.987,-2.23277,0.040336,0.0778546,0.0889115,0.0929287,0.0955347,0.00774505,0.0138471,0.0185432,0.0209774,0.0220342
15.22,0.38777798999999996,-2345690.0,0.0703758,-0.553588,-1.11217,-1.22254,-1.39636,0.026171,0.0631252,0.0588305,0.0608333,0.0592434,0.00841012,0.0152569,0.0200206,0.022515,0.023582
15.24,-0.41892165,-2547830.0,0.430044,-0.956322,-0.73281,-1.05754,-1.03055,0.0311752,0.0480261,0.0403807,0.0380325,0.0349743,0.00898358,0.0163684,0.0210127,0.0235037,0.0245241
15.26,-0.6476949,-2790810.0,-0.880495,-1.52471,-1.03916,-1.39027,-1.34034,0.0266707,0.0232157,0.022661,0.0135545,0.0112655,0.00956204,0.0170808,0.0216431,0.0240195,0.0249865
15.280000000000001,-0.22456268999999998,-2860930.0,-1.96095,-1.68474,-1.70781,-1.6915,-1.81681,-0.00174375,-0.00887882,-0.00480865,-0.0172631,-0.020306,0.00981131,0.0172242,0.0218216,0.0239824,0.0248961
15.3,0.32938554,-2685460.0,-1.31651,-1.39429,-1.95366,-1.52487,-1.67275,-0.0345184,-0.0396691,-0.0414234,-0.0494269,-0.0552017,0.00944869,0.0167387,0.0213593,0.0233155,0.024141
15.32,0.34277456999999995,-2404400.0,-0.0967283,-1.16553,-1.62205,-1.22747,-1.06272,-0.0486507,-0.0652673,-0.0771805,-0.0769503,-0.0825564,0.008617,0.0156893,0.0201733,0.0220518,0.0227635
15.34,-0.017825061,-2141050.0,-0.270818,-1.49707,-1.54392,-1.58258,-1.13836,-0.0523262,-0.0918933,-0.10884,-0.105051,-0.104567,0.00760723,0.0141177,0.0183131,0.0202318,0.0208922
15.36,0.19592976,-1838470.0,-0.946783,-1.4522,-1.52644,-1.86807,-1.64875,-0.0645022,-0.121386,-0.139544,-0.139557,-0.132438,0.00643894,0.0119849,0.0158292,0.0177857,0.0185222
15.38,0.5586641999999999,-1402200.0,-0.795309,-0.814105,-1.36206,-1.62581,-1.98744,-0.0819231,-0.144049,-0.168429,-0.174496,-0.1688,0.00497469,0.0093306,0.0127495,0.0146451,0.0155098
15.4,0.6215828999999999,-862864.0,-0.22909,-0.441102,-1.22312,-1.39301,-2.02396,-0.0921671,-0.156601,-0.194281,-0.204684,-0.208914,0.00323379,0.0063241,0.00912241,0.0108533,0.0117326
15.42,0.6395808,-321995.0,0.146748,-0.329643,-0.794282,-1.2176,-1.51339,-0.0929905,-0.164308,-0.214455,-0.23079,-0.244288,0.00138221,0.003115,0.00503506,0.0064986,0.00720063
15.44,0.5303235,149613.0,0.570347,0.314621,0.241959,-0.5086,-0.37311,-0.0858196,-0.164459,-0.219978,-0.248052,-0.263153,-0.00040589,-0.000172669,0.000690732,0.00171017,0.00212623
15.46,-0.037806707999999994,569192.0,0.177761,0.475667,0.396172,-0.201576,-0.130714,-0.0783385,-0.156556,-0.213597,-0.255154,-0.268191,-0.00204747,-0.00338281,-0.00364501,-0.0033219,-0.00318721
15.48,0.17197863,1004600.0,0.245796,0.882365,0.63339,0.656566,0.350642,-0.0741029,-0.142975,-0.203301,-0.250604,-0.265992,-0.00357189,-0.00637813,-0.00781399,-0.00837949,-0.00852904
15.5,0.08388071999999999,1422530.0,0.790192,1.27626,1.23008,1.72271,1.41577,-0.063743,-0.121389,-0.184666,-0.226812,-0.248328,-0.00495034,-0.00902177,-0.0116937,-0.0131536,-0.0136722
15.52,-0.38850627,1729170.0,0.697708,0.927188,1.46766,1.91274,2.14127,-0.048864,-0.0993547,-0.157689,-0.190457,-0.212757,-0.00607642,-0.0112292,-0.0151172,-0.0173263,-0.0182831
15.540000000000001,-0.32983077,1971570.0,-0.265509,0.0743387,1.05986,1.31425,1.97835,-0.0445421,-0.0893395,-0.132414,-0.158187,-0.171561,-0.00701048,-0.0131162,-0.0180182,-0.0208128,-0.0221263
15.56,0.44434923,2256380.0,-0.110338,0.4649,1.41856,1.84217,2.31541,-0.0483005,-0.0839471,-0.10763,-0.126623,-0.128623,-0.0079389,-0.014849,-0.0204187,-0.0236609,-0.0251281
15.58,0.26138826,2542840.0,0.557425,1.03292,1.70279,2.51306,2.50521,-0.0438296,-0.0689689,-0.0764161,-0.0830709,-0.0804171,-0.0088602,-0.0163782,-0.0222591,-0.0257578,-0.0272185
15.6,-0.0820488,2726910.0,1.06827,1.37747,1.86634,2.70768,2.62197,-0.0275727,-0.044865,-0.0407247,-0.0308636,-0.0291452,-0.00957423,-0.0175165,-0.0234305,-0.0268972,-0.0283141
15.620000000000001,-0.32368119,2795390.0,0.961352,1.53312,1.94938,2.31336,2.59677,-0.00727643,-0.0157591,-0.0025675,0.0193468,0.0230421,-0.00992272,-0.0181228,-0.0238635,-0.0270123,-0.0283752
15.64,-0.35632884,2781620.0,0.869138,1.87568,2.14686,2.00392,2.46243,0.0110285,0.0183289,0.0383949,0.0625197,0.0736341,-0.0098852,-0.0180971,-0.0235052,-0.0261937,-0.0274084
15.66,-0.47741303999999996,2685970.0,0.845026,1.87572,1.97622,1.71817,1.78487,0.0281701,0.055843,0.0796257,0.0997406,0.116107,-0.00949321,-0.0173553,-0.022325,-0.0245711,-0.025511
15.68,-0.35851928999999993,2487200.0,0.98764,1.65632,1.77491,1.63781,1.17598,0.0464968,0.0911634,0.117137,0.133301,0.145715,-0.00874654,-0.0158853,-0.0203573,-0.0222407,-0.0228928
15.700000000000001,-0.32386631999999993,2173580.0,0.854847,1.2227,1.52687,1.3855,0.878473,0.0649216,0.119954,0.150155,0.163534,0.16626,-0.00763236,-0.0137741,-0.0176844,-0.0192723,-0.019773
15.72,-0.26557842,1744630.0,0.850565,1.16356,1.52586,1.2887,1.20746,0.0819758,0.143816,0.180682,0.190276,0.187119,-0.00616339,-0.0111364,-0.0143761,-0.0157342,-0.0162392
15.74,-0.50548191,1242990.0,0.0593351,0.408207,0.556312,0.455508,0.733959,0.0910748,0.159534,0.201504,0.207718,0.206533,-0.00443288,-0.00810291,-0.0105542,-0.0117543,-0.0123027
15.76,0.07804122,758472.0,-0.41995,-0.202901,-0.304426,-0.00973759,0.262051,0.0874686,0.161587,0.204023,0.212176,0.216494,-0.00264745,-0.0048917,-0.00649894,-0.00755535,-0.00807241
15.780000000000001,0.45889545,303652.0,-0.0278647,-0.218533,-0.308234,0.253295,0.376516,0.0829905,0.157373,0.197896,0.214611,0.222879,-0.000942855,-0.0017021,-0.00247975,-0.00328748,-0.00367868
15.8,0.08481044999999998,-190240.0,0.1563,-0.390485,-0.263327,0.162104,0.273356,0.0842748,0.151283,0.19218,0.218765,0.229378,0.000729798,0.00138445,0.00142101,0.00104628,0.000843888
15.82,-0.13076807999999998,-686883.0,-0.717205,-1.16457,-0.948375,-0.863693,-0.704958,0.0786658,0.135732,0.180063,0.211749,0.225062,0.0023592,0.0042546,0.00514345,0.00535142,0.00538829
15.84,0.47117318999999996,-1067100.0,-1.05442,-1.22344,-1.2097,-1.32285,-1.26834,0.0609495,0.111852,0.158483,0.189884,0.205329,0.00375536,0.00673044,0.00852891,0.00936775,0.0096922
15.860000000000001,0.5584347,-1345400.0,-0.336573,-0.598986,-0.884905,-1.02995,-1.18478,0.0470396,0.0936278,0.137537,0.166356,0.180798,0.00483525,0.00878524,0.0114891,0.0129302,0.0135535
15.88,-0.033481143,-1613750.0,-0.25591,-0.780164,-1.2166,-1.45725,-1.69946,0.0411147,0.0798363,0.116522,0.141484,0.151956,0.00571679,0.0105199,0.0140297,0.0160085,0.016881
15.9,0.09031130999999999,-1830610.0,-0.91563,-1.39009,-1.85296,-2.30366,-2.47165,0.0293993,0.0581337,0.0858261,0.103875,0.110244,0.00642193,0.0118996,0.0160532,0.0184621,0.019503
15.92,0.6490361999999998,-1914120.0,-0.905384,-1.31257,-1.85235,-2.40806,-2.52942,0.0111892,0.0311071,0.048773,0.0567574,0.0602337,0.00682782,0.012792,0.0173992,0.0200685,0.0212078
15.94,0.604197,-1937590.0,0.184819,-0.511475,-1.18554,-1.60978,-1.80355,0.00398354,0.0128666,0.0183942,0.0165791,0.0169041,0.00697954,0.0132317,0.0180708,0.0208018,0.0219792
15.96,-0.15932042999999999,-2001860.0,0.0684368,-0.749228,-1.45586,-1.68404,-1.91883,0.0065161,0.000259542,-0.00801983,-0.0163591,-0.0203197,0.00708454,0.013363,0.0181746,0.020804,0.021945
15.98,0.039872208,-2076720.0,-0.107082,-0.435144,-0.999689,-1.18437,-1.30061,0.00612965,-0.0115842,-0.0325753,-0.0450432,-0.0525141,0.007211,0.0132497,0.0177686,0.02019,0.0212167
16.0,-0.33954117,-2110490.0,-0.52307,-0.342395,-0.658123,-0.901443,-0.863476,-0.000171866,-0.0193596,-0.0491534,-0.0659013,-0.074155,0.00727058,0.0129403,0.0169513,0.0190805,0.01995
16.02,-0.47083709999999995,-2100120.0,-0.276937,-0.145894,-0.160429,-0.350308,-0.316094,-0.00817194,-0.0242425,-0.0573389,-0.0784188,-0.0859507,0.00718714,0.0125043,0.0158864,0.0176373,0.0183489
16.04,-0.7525611,-2022170.0,-0.79677,-0.957955,-0.648394,-0.620008,-0.703005,-0.018909,-0.0352809,-0.0654272,-0.088122,-0.0961417,0.00691633,0.011909,0.0146587,0.0159719,0.016528
16.06,-0.12772338,-1840270.0,-0.786205,-1.10089,-0.575363,-0.319938,-0.402157,-0.0347388,-0.0558693,-0.0776647,-0.0975215,-0.107193,0.00637985,0.0109975,0.0132278,0.0141155,0.0144946
16.080000000000002,-0.13280502,-1579340.0,-0.675135,-1.10071,-0.643146,-0.270763,-0.151438,-0.0493522,-0.0778853,-0.0898498,-0.103428,-0.112729,0.00553894,0.00966,0.0115527,0.012106,0.0122954
16.1,-0.038704563,-1287740.0,-0.0726716,-0.534506,-0.423158,-0.0116753,0.321763,-0.0568302,-0.0942375,-0.100513,-0.106253,-0.111026,0.00447712,0.00793877,0.00964906,0.0100092,0.0100579
16.12,-0.26147444999999997,-978864.0,0.0876489,-0.109738,-0.383075,0.0105107,0.357853,-0.0566805,-0.10068,-0.108575,-0.106265,-0.10423,0.00334201,0.00598959,0.00755818,0.00788402,0.0079053
16.14,-0.27892767,-645041.0,-0.143424,0.0185114,-0.414968,-0.193076,-0.0319533,-0.0572382,-0.101592,-0.116556,-0.10809,-0.100971,0.00220282,0.00396687,0.00530687,0.00574047,0.0058533
16.16,-0.08832996,-287446.0,-0.132748,0.0430496,-0.258709,-0.41031,-0.492341,-0.0599999,-0.100977,-0.123292,-0.114124,-0.106214,0.00103044,0.00194118,0.00290839,0.00351833,0.00378145
16.18,0.09552656999999999,57874.6,0.417203,0.361739,0.323496,-0.22719,-0.512902,-0.0571554,-0.0969287,-0.122645,-0.120499,-0.116266,-0.00014111,-3.78692e-05,0.000449017,0.0011721,0.00155665
16.2,-0.08390315999999999,323278.0,1.05413,1.05113,1.16113,0.460552,0.0455561,-0.042442,-0.0828,-0.107798,-0.118165,-0.12094,-0.00113708,-0.00183516,-0.00185541,-0.00121455,-0.00081541
16.22,-0.6548298,491972.0,0.406573,0.84634,0.873337,0.35941,-0.0419102,-0.0278349,-0.0638253,-0.0874536,-0.109966,-0.120903,-0.00183985,-0.00330141,-0.00380793,-0.00349586,-0.00323384
16.240000000000002,-0.31946706,645290.0,-0.157367,0.566966,0.427664,0.267681,0.0843651,-0.0253429,-0.0496922,-0.0744436,-0.103695,-0.120479,-0.00237163,-0.00443658,-0.0054269,-0.00563246,-0.00564766
16.26,0.05207508,830134.0,0.050524,0.461703,0.347129,0.496358,0.644417,-0.0264113,-0.0394055,-0.0666957,-0.0960545,-0.113191,-0.00288917,-0.00532756,-0.0068383,-0.00762996,-0.00798435
16.28,0.09076521,977791.0,0.689751,0.541968,0.715977,1.07056,1.43747,-0.0190086,-0.0293688,-0.0560646,-0.0803853,-0.092372,-0.00334337,-0.00601531,-0.0080659,-0.00939436,-0.01004
16.3,-0.22346006999999998,1034050.0,0.376815,0.11269,0.592385,1.09762,1.43848,-0.00834289,-0.0228223,-0.042981,-0.0587035,-0.0636124,-0.00361689,-0.00653722,-0.00905636,-0.0107852,-0.0115998
16.32,0.0028098704999999996,1079050.0,-0.626476,-0.550441,-0.0170202,0.580467,0.762004,-0.0108395,-0.0271998,-0.0372274,-0.0419226,-0.0416075,-0.00380871,-0.00703744,-0.00985844,-0.0117915,-0.012652
16.34,0.6937224,1184690.0,-0.101742,0.160674,0.537793,1.08062,1.1805,-0.0181217,-0.0310974,-0.0320197,-0.0253117,-0.0221825,-0.00409832,-0.00762041,-0.0105509,-0.0124638,-0.0132899
16.36,0.18280185,1270220.0,0.659063,0.825843,1.08369,1.38384,1.5262,-0.0125485,-0.0212323,-0.0158048,-0.00066705,0.00488443,-0.00440502,-0.00814371,-0.0110292,-0.0127236,-0.0134629
16.38,-0.32055080999999996,1267420.0,0.569978,0.868008,1.12128,1.10148,1.25063,-0.000258063,-0.00429376,0.00624488,0.0241862,0.0326527,-0.00453309,-0.00839897,-0.0111248,-0.0124884,-0.0130875
16.4,-0.29532875999999997,1243190.0,-0.101227,0.56308,0.773333,0.540761,0.52843,0.00442944,0.0100171,0.025191,0.0406085,0.0504433,-0.00449137,-0.00834173,-0.0108104,-0.0118405,-0.0122566
16.42,0.08967738,1241940.0,0.337863,0.963897,1.01904,0.759638,0.516644,0.0067958,0.0252869,0.0431147,0.0536125,0.0608941,-0.00437912,-0.00798869,-0.0101273,-0.0108983,-0.0111432
16.44,-0.21399804,1169840.0,1.27668,1.44302,1.36975,1.18307,0.874111,0.0229413,0.0493561,0.0670026,0.0730396,0.0748016,-0.00408175,-0.00724226,-0.00902617,-0.00963177,-0.00978624
16.46,-0.7244090999999999,951964.0,0.922192,0.965165,0.893169,0.764273,0.635528,0.04493,0.0734379,0.0896318,0.0925129,0.089898,-0.00340304,-0.00601432,-0.00745982,-0.00797624,-0.00813925
16.48,-0.44139989999999996,653092.0,0.133622,0.519528,0.491843,0.410616,0.524495,0.0554882,0.0882849,0.103482,0.104262,0.101498,-0.00239886,-0.0043971,-0.00552869,-0.0060085,-0.00622529
16.5,-0.21113591999999998,345776.0,-0.051856,0.41427,0.406594,0.439705,0.625389,0.0563058,0.0976228,0.112466,0.112765,0.112997,-0.00128092,-0.00253802,-0.0033692,-0.00383823,-0.00408033
16.52,-0.27764807999999996,25849.2,0.179677,0.245971,0.332659,0.532956,0.611179,0.057584,0.104225,0.119859,0.122492,0.125363,-0.000142016,-0.000519538,-0.00104595,-0.00148566,-0.00169673
16.54,-0.35253444,-318222.0,0.107383,-0.108565,0.190855,0.489146,0.478024,0.0604546,0.105599,0.125094,0.132713,0.136255,0.00103837,0.00157871,0.00140358,0.00106638,0.000919442
16.56,-0.35236716,-659133.0,-0.425582,-0.54635,-0.108313,0.155295,0.201997,0.0572726,0.0990502,0.125919,0.139157,0.143055,0.00221564,0.0036252,0.00391371,0.00378508,0.00371254
16.580000000000002,-0.19417892999999997,-962558.0,-0.447841,-0.474385,-0.167096,0.0139207,0.172863,0.0485384,0.0888428,0.123165,0.140849,0.146804,0.00327375,0.00550413,0.00640456,0.00658514,0.00661113
16.6,-0.31412277,-1208610.0,-0.513642,-0.64127,-0.639178,-0.494969,-0.328687,0.0389236,0.0776863,0.115103,0.136039,0.145245,0.00414837,0.00716942,0.00878723,0.00935402,0.00953162
16.62,-0.06839967,-1359830.0,-0.965288,-1.25884,-1.47929,-1.37493,-1.31784,0.0241343,0.0586851,0.0939179,0.11734,0.12878,0.00477895,0.00853314,0.0108774,0.0118878,0.0122719
16.64,0.5669822999999999,-1405010.0,-0.737517,-1.28614,-1.57507,-1.62098,-1.67833,0.00710622,0.0332353,0.0633744,0.0873806,0.0988185,0.00509136,0.00945234,0.0124504,0.013935,0.0145479
16.66,0.5562518999999999,-1406670.0,-0.234429,-1.08117,-1.45051,-1.7325,-1.85442,-0.00261324,0.00956217,0.0331186,0.0538457,0.063491,0.00513629,0.00988032,0.0134153,0.0153473,0.016171
16.68,0.4138741799999999,-1416780.0,0.175286,-0.611736,-1.20004,-1.65762,-1.83713,-0.00320467,-0.00736688,0.00661307,0.0199445,0.0265755,0.00507811,0.00990227,0.0138126,0.0160852,0.0170716
16.7,0.16238553,-1420930.0,-0.129311,-0.403297,-1.23483,-1.73923,-1.98639,-0.00274493,-0.0175172,-0.0177357,-0.014024,-0.0116597,0.00501861,0.00965343,0.0137014,0.0161444,0.0172208
16.72,0.19368831,-1381010.0,-0.541684,-0.443803,-1.29606,-1.80132,-2.06888,-0.00945488,-0.0259882,-0.0430446,-0.0494294,-0.0522125,0.00489661,0.00921837,0.0130936,0.0155098,0.0165821
16.740000000000002,0.32183142,-1274100.0,-0.727765,-0.844978,-1.38956,-1.91414,-2.13095,-0.0221494,-0.038876,-0.0699009,-0.0865841,-0.0942107,0.00458057,0.00856973,0.0119641,0.0141497,0.0151178
16.76,0.6085779,-1097860.0,-0.531006,-1.10557,-1.19909,-1.66697,-1.82728,-0.0347371,-0.0583816,-0.0957874,-0.122395,-0.133793,0.00401171,0.00759715,0.0103072,0.0120599,0.0128378
16.78,0.6683804999999999,-904108.0,0.301111,-0.379947,-0.210974,-0.417839,-0.552299,-0.037036,-0.0732368,-0.109888,-0.143243,-0.157589,0.00329397,0.00628097,0.00825049,0.00940353,0.00992396
16.8,-0.15760223999999998,-747983.0,0.0314968,-0.256544,-0.161317,0.0358121,-0.0170497,-0.03371,-0.0796017,-0.113611,-0.147064,-0.163282,0.00258651,0.00475259,0.0060155,0.00650047,0.00671525
16.82,-0.17928132,-572502.0,-0.50309,-0.267502,-0.370427,0.128174,0.293184,-0.0384259,-0.0848421,-0.118928,-0.145424,-0.160521,0.00186516,0.00310815,0.00369011,0.00357559,0.00347722
16.84,0.04360581599999999,-293270.0,-0.744456,-0.385849,-0.457463,0.0611642,0.465415,-0.0509014,-0.0913756,-0.127207,-0.14353,-0.152935,0.000971883,0.00134597,0.00122875,0.000686051,0.000342666
16.86,0.28651289999999996,59954.6,-0.177081,-0.197127,0.0771413,0.404483,0.824178,-0.0601167,-0.0972054,-0.13101,-0.138874,-0.140039,-0.000138298,-0.000539839,-0.00135342,-0.00213799,-0.00258707
16.88,0.07355067,420827.0,-0.270158,-0.645664,-0.0283122,0.11269,0.248589,-0.0645891,-0.105633,-0.130522,-0.133702,-0.129311,-0.00138536,-0.00256823,-0.00396875,-0.00486375,-0.00528057
16.9,0.530859,781803.0,0.191295,-0.0560378,0.515967,0.593168,0.39044,-0.0653777,-0.11265,-0.125646,-0.126644,-0.122921,-0.00268502,-0.00475106,-0.00653042,-0.00746721,-0.0078029
16.92,0.20078189999999999,1125800.0,0.476172,0.675427,0.798737,0.859985,0.588868,-0.0587031,-0.106456,-0.112499,-0.112112,-0.113128,-0.00392583,-0.00694213,-0.00891187,-0.00985476,-0.0101634
16.94,-0.045578547,1433430.0,0.325726,0.869054,0.526878,0.492376,0.45607,-0.0506841,-0.0910116,-0.0992424,-0.0985884,-0.102679,-0.0050197,-0.00891681,-0.0110293,-0.0119618,-0.0123215
16.96,0.21153423,1713810.0,0.463303,1.04657,0.601173,0.390363,0.581281,-0.0427938,-0.0718554,-0.0879619,-0.089761,-0.0923051,-0.00595448,-0.0105455,-0.0129013,-0.0138453,-0.0142713
16.98,0.22252472999999998,1918970.0,1.14161,1.54614,1.36875,1.03621,1.14743,-0.0267446,-0.0459283,-0.0682627,-0.0754953,-0.075018,-0.00664987,-0.0117233,-0.0144636,-0.0154978,-0.0159445
17.0,-0.3403536,1948470.0,1.79139,2.14653,2.31857,2.03597,1.82896,0.00258541,-0.00900162,-0.0313895,-0.0447734,-0.045254,-0.00689146,-0.0122726,-0.0154601,-0.0167005,-0.0171472
17.02,-1.0894824,1802200.0,0.953029,1.64843,2.01941,1.93333,1.54139,0.0300296,0.0289479,0.0119902,-0.00508038,-0.0115505,-0.00656531,-0.0120732,-0.0156541,-0.0171991,-0.0177153
17.04,-0.7251078,1610560.0,-0.0469449,0.991863,1.44744,1.58391,1.39506,0.0390905,0.0553508,0.0466587,0.030092,0.017814,-0.00587411,-0.0112302,-0.0150676,-0.0169489,-0.0176526
17.06,-0.24607142999999998,1444490.0,-0.18094,0.57129,1.15957,1.4746,1.72128,0.0368116,0.0709824,0.0727288,0.0606771,0.0489774,-0.00511509,-0.00996683,-0.0138737,-0.0160412,-0.0169847
17.080000000000002,-0.13752354,1236930.0,0.543421,0.603549,1.37447,1.85918,2.38196,0.0404364,0.0827308,0.0980692,0.0940148,0.0900098,-0.00434261,-0.0084297,-0.0121657,-0.0144943,-0.0155949
17.1,-0.5531715,978066.0,-0.345374,-0.550256,0.239758,0.91785,1.36435,0.0424169,0.0832637,0.114211,0.121785,0.127473,-0.00351408,-0.00676976,-0.0100429,-0.0123363,-0.01342
17.12,0.36362132999999996,795512.0,-0.929988,-0.979231,-0.484829,0.314625,0.523146,0.0296633,0.0679688,0.111761,0.13411,0.146348,-0.00279327,-0.00525743,-0.0077832,-0.00977737,-0.0106818
17.14,0.8349209999999999,693391.0,0.222787,0.0490629,0.0854059,0.75441,0.863208,0.0225912,0.0586671,0.107767,0.1448,0.160211,-0.00227073,-0.00399107,-0.00558793,-0.00698827,-0.00761624
17.16,0.0060767009999999995,501475.0,1.20882,0.825829,0.533403,0.756037,0.926641,0.0369073,0.0674161,0.113955,0.159905,0.17811,-0.00167574,-0.00273024,-0.00337072,-0.00394122,-0.00423302
17.18,-0.6122499,200057.0,0.0861537,0.154522,-0.245451,-0.607925,-0.48208,0.0498571,0.0772196,0.116834,0.161386,0.182555,-0.000808099,-0.00128388,-0.00106283,-0.000728318,-0.000626371
17.2,0.14421116999999997,-41752.2,-0.938024,-0.274568,-0.674256,-1.46538,-1.67191,0.0413384,0.0760191,0.107637,0.140653,0.161016,0.000103855,0.000248503,0.00118188,0.00229207,0.00280934
17.22,0.6288096,-197199.0,0.0298681,0.32037,-0.0321334,-0.933515,-1.56046,0.0322568,0.0764771,0.100573,0.116664,0.128692,0.000839807,0.00177346,0.00326399,0.00486524,0.00570642
17.240000000000002,-0.027793164,-409490.0,0.792888,0.217774,-0.0349385,-0.788539,-1.52396,0.0404844,0.0818586,0.0999025,0.0994434,0.0978478,0.00156722,0.00335682,0.00526874,0.00702631,0.00797181
17.26,-0.19043654999999998,-701893.0,0.140529,-0.478447,-0.698566,-1.17683,-1.56354,0.0498185,0.0792518,0.0925674,0.0797897,0.0669729,0.00247025,0.00496793,0.00719344,0.00881864,0.00962002
17.28,0.19316658,-960132.0,-0.866469,-0.934314,-1.31839,-1.44818,-1.31511,0.0425591,0.0651242,0.0723979,0.0535397,0.0381864,0.00339402,0.00641169,0.0088431,0.0101519,0.0106716
17.3,0.5116167,-1143510.0,-0.511734,-0.607347,-1.1682,-0.920538,-0.500659,0.0287771,0.0497076,0.0475319,0.0298525,0.0200287,0.00410739,0.00756,0.0100424,0.0109859,0.0112538
17.32,0.14270054999999998,-1317220.0,0.212665,-0.371232,-0.761615,-0.258406,0.101045,0.0257864,0.0399218,0.0282338,0.0180631,0.0160325,0.00465302,0.0084563,0.0108001,0.011465,0.0116144
17.34,-0.30431037,-1514650.0,0.0405595,-0.492955,-0.366075,0.112779,0.265426,0.0283187,0.03128,0.0169569,0.0166068,0.0196973,0.00519407,0.00916832,0.011252,0.0118117,0.0119717
17.36,-0.5393658,-1677050.0,-0.898644,-0.882989,-0.33268,-0.105204,-0.0950676,0.0197378,0.0175205,0.00996932,0.0166825,0.0214008,0.00567464,0.00965632,0.0115212,0.0121446,0.0123827
17.38,-0.32865164999999996,-1724450.0,-1.12288,-0.914155,-0.351515,-0.35557,-0.397572,-0.000477376,-0.000450928,0.00312737,0.0120748,0.0164744,0.00586724,0.00982702,0.0116522,0.0124322,0.0127614
17.400000000000002,-0.17117538,-1646490.0,-0.597811,-0.691481,-0.379205,-0.434708,-0.494377,-0.0176842,-0.0165073,-0.00417983,0.00417202,0.00755495,0.00568563,0.00965743,0.0116417,0.0125946,0.0130017
17.42,-0.19491027,-1488260.0,-0.527146,-0.87768,-0.812364,-0.821731,-0.864025,-0.0289338,-0.0321989,-0.0160955,-0.00839237,-0.00602908,0.00521945,0.00917037,0.0114389,0.0125524,0.013017
17.44,0.0908718,-1284950.0,-0.355937,-0.749797,-0.930596,-0.947097,-0.928933,-0.0377646,-0.0484737,-0.0335251,-0.0260806,-0.0239587,0.00455246,0.00836365,0.0109427,0.0122077,0.0127171
17.46,0.10393646999999999,-1065960.0,0.154783,-0.25761,-0.78286,-0.872654,-0.8213,-0.0397762,-0.0585477,-0.0506597,-0.0442782,-0.041461,0.00377705,0.00729343,0.0101009,0.0115041,0.0120629
17.48,-0.06487862999999999,-854676.0,0.356416,0.000163325,-0.829377,-0.998624,-1.01368,-0.0346642,-0.0611222,-0.0667821,-0.0629909,-0.0598108,0.00303265,0.00609673,0.00892644,0.0104314,0.0110502
17.5,0.033249756,-655322.0,0.126504,-0.0251788,-0.84582,-1.12615,-1.26633,-0.029835,-0.0613724,-0.083534,-0.0842387,-0.0826109,0.00238766,0.00487179,0.00742327,0.00895913,0.00962595
17.52,0.20717117999999998,-492559.0,0.260549,0.261803,-0.196075,-0.662757,-0.891311,-0.0259645,-0.0590061,-0.093953,-0.102128,-0.104187,0.00182966,0.003668,0.0056484,0.00709547,0.00775797
17.54,-0.14598086999999998,-399581.0,0.355633,0.425921,0.421635,-0.18734,-0.450997,-0.0198026,-0.0521289,-0.0916974,-0.110629,-0.11761,0.00137199,0.00255665,0.0037919,0.00496791,0.00554
17.56,-0.41150930999999996,-323197.0,-0.280151,-0.0256186,0.242538,-0.246183,-0.521009,-0.0190478,-0.0481258,-0.0850556,-0.114964,-0.12733,0.000983488,0.00155411,0.00202437,0.00271198,0.00309059
17.580000000000002,0.00044883773999999997,-172779.0,-0.498572,-0.130939,0.196454,0.124594,-0.078654,-0.026835,-0.0496914,-0.0806657,-0.11618,-0.133327,0.00052466,0.000575933,0.000367157,0.000400544,0.000484012
17.6,0.06332210999999999,49889.5,-0.518999,-0.479832,-0.167093,0.234585,0.28411,-0.0370107,-0.0557991,-0.0803721,-0.112588,-0.131273,-0.000113798,-0.000478973,-0.00124322,-0.00188713,-0.00216198
17.62,0.31738371,284149.0,0.053271,-0.391394,-0.0885137,0.584931,0.992829,-0.041668,-0.0645114,-0.0829282,-0.104393,-0.118503,-0.000900586,-0.00168208,-0.00287622,-0.00405694,-0.00465974
17.64,0.1729308,481990.0,0.508365,0.0949456,0.336145,1.04339,1.64358,-0.0360517,-0.0674759,-0.0804519,-0.0881097,-0.092139,-0.00167778,-0.00300195,-0.00451003,-0.00598197,-0.00676616
17.66,-0.19881789,628017.0,0.451943,0.61278,0.713716,1.31435,1.7622,-0.0264486,-0.0603986,-0.0699533,-0.0645323,-0.0580812,-0.00230278,-0.0042807,-0.00601408,-0.00750839,-0.00826836
17.68,-0.43625859,780932.0,-0.559789,0.0445187,0.066039,0.435447,0.526843,-0.027527,-0.0538256,-0.0621557,-0.0470344,-0.0351907,-0.00284254,-0.00542294,-0.00733517,-0.00862406,-0.00920108
17.7,0.41047706999999994,1008660.0,-0.333234,0.10156,0.255281,0.231931,0.0533807,-0.0364573,-0.0523649,-0.0589425,-0.0403606,-0.0293885,-0.00348238,-0.00648484,-0.00854615,-0.00949801,-0.00984687
17.72,0.47171685,1259820.0,0.203543,0.146611,0.527624,0.0745333,-0.181789,-0.0377542,-0.0498831,-0.0511135,-0.037296,-0.0306725,-0.0042245,-0.00750732,-0.00964671,-0.0102746,-0.0104475
17.740000000000002,0.43265085,1432840.0,0.79582,0.605672,0.960979,0.327849,0.0682255,-0.0277606,-0.0423603,-0.0362274,-0.0332722,-0.0318082,-0.00487965,-0.00842976,-0.0105201,-0.0109803,-0.0110723
17.76,0.07481088,1508630.0,0.697315,0.927745,0.845486,0.421971,0.159419,-0.0128292,-0.0270261,-0.0181628,-0.025774,-0.0295317,-0.00528554,-0.00912362,-0.011064,-0.0115707,-0.0116857
17.78,0.031634024999999996,1532240.0,0.600869,1.26484,0.660036,0.616859,0.449829,0.000152616,-0.00510026,-0.00310758,-0.0153857,-0.0234393,-0.00541231,-0.00944489,-0.0112767,-0.0119823,-0.0122154
17.8,-0.0522546,1508400.0,0.773019,1.36553,0.683448,0.835035,0.916276,0.0138915,0.0212035,0.0103273,-0.000866721,-0.0097782,-0.00527187,-0.00928385,-0.0112045,-0.0121448,-0.0125476
17.82,-0.21454323,1381240.0,0.971254,1.19763,1.02945,1.10455,1.39531,0.0313342,0.046835,0.0274563,0.0185291,0.0133377,-0.00481961,-0.00860347,-0.0108267,-0.0119682,-0.012512
17.84,-0.45337112999999996,1133950.0,0.505853,0.627549,1.15259,1.13496,1.34976,0.0461053,0.0650868,0.0492766,0.0409242,0.0407884,-0.00404522,-0.00748425,-0.0100594,-0.0113737,-0.0119707
17.86,-0.36166700999999996,840800.0,-0.200908,0.132086,1.02092,1.13626,1.05718,0.0491548,0.0726831,0.0710117,0.0636364,0.0648577,-0.00309262,-0.00610655,-0.00885648,-0.0103281,-0.0109143
17.88,-0.15614466,572737.0,-0.19017,0.245947,1.06881,1.46663,1.25609,0.045244,0.0764634,0.091909,0.0896653,0.0879904,-0.00214863,-0.00461509,-0.00722727,-0.00879505,-0.00938578
17.900000000000002,-0.38392289999999996,350081.0,-0.58048,-0.335829,0.249886,0.814508,0.870693,0.0375375,0.0755646,0.105096,0.112477,0.109258,-0.00132081,-0.00309481,-0.00525722,-0.00677363,-0.00741329
17.92,0.10793180999999999,175469.0,-0.189884,-0.222262,0.150795,0.660943,1.13476,0.0298338,0.0699837,0.109103,0.127231,0.129313,-0.000647101,-0.00163933,-0.00311524,-0.00437655,-0.00502758
17.94,-0.10060566,23378.9,-0.132968,-0.335349,-0.192415,0.175704,0.748733,0.0266053,0.0644076,0.108687,0.135598,0.148148,-8.27091e-05,-0.000295413,-0.000937345,-0.00174826,-0.00225298
17.96,0.019232508,-126756.0,0.0959205,-0.14847,-0.310182,-0.0604616,0.163097,0.0262349,0.0595694,0.103661,0.13675,0.157266,0.000445693,0.000944356,0.00118613,0.000975214,0.000801156
17.98,-0.023129519999999997,-278437.0,0.18409,-0.0147698,-0.441991,-0.38111,-0.602876,0.029035,0.057937,0.0961388,0.132334,0.152868,0.000998391,0.00211942,0.00318412,0.00366606,0.0039025
18.0,0.0028242167999999995,-468241.0,0.65639,0.56712,0.0628915,-0.254146,-0.632907,0.0374398,0.0634605,0.0923478,0.125982,0.14051,0.00166314,0.00333339,0.00506899,0.00624922,0.00683628
18.02,-0.5322309,-719548.0,0.057576,0.141686,-0.27132,-1.02499,-1.30102,0.0445794,0.0705485,0.0902636,0.113191,0.121171,0.00248333,0.00467348,0.0068951,0.00864095,0.0094531
18.04,-0.17014058999999998,-952743.0,-0.748636,-0.566814,-0.866105,-1.79672,-2.02053,0.0376688,0.0662973,0.0788893,0.0849734,0.0879556,0.00330581,0.00604194,0.00858663,0.0106226,0.0115444
18.06,0.42449492999999994,-1095230.0,-0.582148,-0.652929,-0.89568,-1.58721,-1.92025,0.024361,0.0540998,0.0612715,0.0511341,0.0485478,0.00392611,0.00724591,0.00998824,0.0119837,0.0129094
18.080000000000002,0.34088909999999994,-1221170.0,0.398146,-0.156974,-0.378157,-0.59823,-0.962181,0.022521,0.0460008,0.0485331,0.0292798,0.0197235,0.00439493,0.00824692,0.0110863,0.0127878,0.0135921
18.1,-0.39259595999999997,-1410060.0,0.211516,-0.447823,-0.673061,-0.496853,-0.5908,0.0286176,0.0399528,0.0380209,0.0183289,0.00419371,0.00490631,0.00910646,0.0119518,0.0132639,0.0138313
18.12,-0.31593173999999996,-1567100.0,-1.07466,-1.34149,-1.60189,-1.2356,-0.90895,0.0199862,0.0220597,0.0152714,0.00100441,-0.0108038,0.00539235,0.00972658,0.0124847,0.0134572,0.0137652
18.14,0.4951131,-1591110.0,-0.81937,-0.926301,-1.15837,-0.749441,-0.227938,0.00104591,-0.000618156,-0.0123312,-0.018846,-0.0221727,0.00560267,0.009941,0.0125141,0.0132788,0.0134354
18.16,0.07350222,-1561390.0,-0.119742,-0.562371,-0.574736,-0.217211,0.112683,-0.00834521,-0.0155049,-0.0296623,-0.0285125,-0.0233252,0.00552968,0.00977977,0.0120942,0.0128052,0.0129804
18.18,-0.35571735,-1540330.0,-0.359624,-0.893264,-0.584568,-0.389179,-0.420383,-0.0131389,-0.0300612,-0.0412554,-0.0345764,-0.0264022,0.00531484,0.00932411,0.011385,0.0121743,0.0124832
18.2,-0.10481417999999998,-1440590.0,-0.98481,-1.08262,-0.660313,-0.701483,-0.945288,-0.0265832,-0.0498201,-0.0537042,-0.0454831,-0.040059,0.00491762,0.00852529,0.0104354,0.0113737,0.0118186
18.22,0.18831341999999998,-1214560.0,-0.60963,-0.480337,-0.307631,-0.525267,-0.735956,-0.0425276,-0.0654498,-0.0633836,-0.0577506,-0.0568714,0.00422651,0.00737259,0.00926456,0.0103414,0.0108492
18.240000000000002,-0.08660463,-941083.0,0.102388,-0.0372591,-0.263171,-0.509893,-0.576686,-0.0476,-0.0706257,-0.0690916,-0.0681022,-0.0699978,0.00332523,0.00601184,0.00793981,0.00908287,0.00958056
18.26,-0.18849702,-690984.0,0.399622,0.137796,-0.331263,-0.527073,-0.502103,-0.0425799,-0.0696204,-0.075036,-0.0784718,-0.0807857,0.00242344,0.00460938,0.00649853,0.00761713,0.00807272
18.28,-0.17488562999999996,-464862.0,0.115665,0.115863,-0.382258,-0.561373,-0.5543,-0.037427,-0.0670838,-0.0821712,-0.0893563,-0.0913497,0.00162337,0.00324234,0.00492646,0.00593885,0.00635137
18.3,-0.049684811999999995,-254722.0,0.185211,0.308442,-0.110288,-0.315145,-0.399139,-0.0344183,-0.0628407,-0.0870966,-0.0981215,-0.100884,0.000904912,0.00194309,0.00323378,0.00406408,0.00442903
18.32,-0.12893207999999998,-73112.7,0.370648,0.322684,0.0651534,-0.137952,-0.304215,-0.0288597,-0.0565294,-0.087548,-0.102652,-0.107918,0.000272132,0.00074939,0.00148734,0.00205634,0.00234101
18.34,-0.09046124999999999,63524.2,0.478728,0.410123,0.413981,0.26424,0.105547,-0.0203659,-0.0492014,-0.0827566,-0.10139,-0.109904,-0.000220124,-0.000307918,-0.000215708,1.5917e-05,0.000162789
18.36,-0.26371845,169454.0,-0.315943,-0.139198,0.127116,0.0578943,0.00846018,-0.0187381,-0.0464921,-0.0773457,-0.0981682,-0.108764,-0.000611164,-0.00126485,-0.00181673,-0.00197966,-0.0020239
18.38,0.16694901,321204.0,-0.961708,-0.708173,-0.324847,-0.273149,-0.194112,-0.0315146,-0.0549658,-0.079323,-0.100321,-0.110621,-0.00111369,-0.00227943,-0.00338342,-0.00396455,-0.00421775
18.400000000000002,0.7320080999999999,576695.0,-0.616756,-0.690318,-0.346991,-0.104123,0.0375479,-0.0472992,-0.0689507,-0.0860413,-0.104093,-0.112186,-0.00190183,-0.0035186,-0.00503706,-0.00600869,-0.00644582
18.42,0.803709,861674.0,0.588997,0.166264,0.400583,0.839257,0.995019,-0.0475768,-0.0741913,-0.0855054,-0.0967421,-0.101861,-0.00285059,-0.00495002,-0.00675253,-0.00801705,-0.00858629
18.44,0.042568169999999995,1072410.0,0.508597,0.229483,0.315172,0.803572,0.995551,-0.0366009,-0.0702338,-0.0783479,-0.0803138,-0.0819551,-0.00369236,-0.00639427,-0.00839106,-0.00978761,-0.0104245
18.46,0.12930948,1227970.0,0.272667,0.554322,0.458602,0.776573,1.00681,-0.0287882,-0.0623958,-0.0706101,-0.0645124,-0.0619315,-0.00434626,-0.00772057,-0.00988064,-0.0112359,-0.0118633
18.48,0.08432441999999998,1381180.0,0.225381,0.886619,0.707121,0.725549,0.87987,-0.0238078,-0.0479864,-0.0589529,-0.0494912,-0.0430647,-0.00487222,-0.00882439,-0.0111763,-0.0123759,-0.0129133
18.5,0.034137156,1493150.0,0.886321,1.47462,1.46864,1.21609,1.1409,-0.0126907,-0.024374,-0.0371952,-0.0300747,-0.022857,-0.0052372,-0.00954799,-0.0121378,-0.0131716,-0.0135725
18.52,-0.49756416,1492940.0,0.941517,1.39243,1.73357,1.34097,1.02571,0.00558766,0.00429656,-0.00517305,-0.00450412,-0.00119094,-0.00530823,-0.00974876,-0.0125614,-0.0135174,-0.013813
18.54,-0.5936655,1395100.0,0.489935,1.06065,1.60458,1.24841,0.880588,0.0199022,0.0288275,0.0282085,0.0213896,0.017872,-0.00505333,-0.00941752,-0.0123311,-0.0133485,-0.0136462
18.56,-0.44460423,1283680.0,-0.13862,0.513443,0.938631,0.810422,0.630869,0.0234153,0.0445684,0.0536406,0.0419779,0.0329866,-0.00462016,-0.00868357,-0.0115126,-0.0127148,-0.0131376
18.580000000000002,0.044955224999999994,1166110.0,0.645427,1.00577,1.17636,1.40042,1.52548,0.0284834,0.0597606,0.0747905,0.0640863,0.05455,-0.00410117,-0.00764028,-0.0102283,-0.0116542,-0.0122622
18.6,-0.5181549,946693.0,1.03663,1.0601,1.12652,1.65307,2.02257,0.0453039,0.0804193,0.0978193,0.0946212,0.0900305,-0.0033633,-0.00623848,-0.00850218,-0.0100671,-0.0108164
18.62,-0.794886,607185.0,0.457711,0.584027,0.73432,1.35289,1.79122,0.0602473,0.0968605,0.116428,0.124681,0.128168,-0.00230778,-0.00446568,-0.00635971,-0.00787409,-0.00863442
18.64,-0.5907941999999999,254015.0,-0.334778,0.0780519,0.346654,0.84007,1.15345,0.0614766,0.103481,0.127237,0.14661,0.157615,-0.00109054,-0.00246226,-0.00392306,-0.00516118,-0.00577659
18.66,-0.25084299,-19923.8,-0.866693,-0.61718,-0.265321,0.00265163,0.0819682,0.0494619,0.09809,0.128051,0.155037,0.169969,1.88404e-05,-0.000446547,-0.00137018,-0.0021447,-0.00250074
18.68,0.34337586,-240580.0,0.0592525,-0.239777,0.172256,0.214258,0.100918,0.0413875,0.0895205,0.12712,0.157207,0.171798,0.000927335,0.00142956,0.00118153,0.000977741,0.000916928
18.7,-0.1869456,-504983.0,0.287839,-0.203934,0.131697,-0.01311,-0.17443,0.0448584,0.0850834,0.13016,0.159218,0.171063,0.00178979,0.0031756,0.00375433,0.00414199,0.00434554
18.72,-0.34103954999999997,-788673.0,-0.540334,-0.622617,-0.660359,-0.914043,-1.01533,0.0423335,0.0768179,0.124873,0.149947,0.159165,0.00266171,0.00479461,0.00630466,0.00723363,0.00764782
18.740000000000002,0.18408654,-943609.0,-1.38528,-1.22168,-1.80218,-2.06079,-2.11156,0.0230773,0.0583749,0.100248,0.120198,0.127897,0.00331582,0.00614654,0.00855587,0.00993508,0.0105184
18.76,1.0392219,-950790.0,-0.315847,-0.715676,-1.60345,-1.83119,-1.89618,0.006066,0.0390014,0.0661915,0.0812784,0.0878192,0.00360725,0.0071203,0.0102203,0.0119498,0.0126756
18.78,0.6175946999999999,-989178.0,0.845735,-0.273828,-1.04433,-1.32449,-1.432,0.0113649,0.0291063,0.0397137,0.0497215,0.0545374,0.00378156,0.00780138,0.0112793,0.0132598,0.0140992
18.8,-0.01212372,-1161400.0,0.50134,-0.393183,-0.912618,-1.32784,-1.47726,0.0248356,0.0224362,0.0201443,0.0231982,0.0254448,0.00414357,0.0083168,0.0118779,0.013989,0.014899
18.82,-0.05661560999999999,-1346770.0,-0.688995,-0.63496,-1.10071,-1.58369,-1.78933,0.0229591,0.0121548,1.10493e-05,-0.005917,-0.00722106,0.00462151,0.00866271,0.0120794,0.0141619,0.0150812
18.84,0.27062283,-1427570.0,-0.601641,-0.136908,-0.607274,-0.993798,-1.24371,0.0100527,0.00443612,-0.0170687,-0.0316919,-0.0375515,0.00495163,0.00882862,0.0119089,0.0137858,0.0146335
18.86,-0.13000257,-1446340.0,-0.213563,-0.213327,-0.382875,-0.594942,-0.790169,0.00190068,0.000933772,-0.0269702,-0.0475793,-0.0578903,0.00507117,0.00888232,0.0114685,0.0129931,0.0136791
18.88,-0.28796283,-1443930.0,-0.600816,-1.05581,-0.687882,-0.752325,-0.777254,-0.00624312,-0.0117576,-0.0376778,-0.0610519,-0.0735646,0.00502774,0.00877408,0.010822,0.0119067,0.0123645
18.900000000000002,0.11447255999999999,-1341540.0,-1.45294,-1.91749,-1.29589,-1.17659,-1.03551,-0.0267807,-0.0414907,-0.0575155,-0.0803411,-0.0916922,0.0046975,0.0082416,0.00987006,0.0104928,0.010712
18.92,0.7994555999999999,-1081060.0,-1.03411,-1.55615,-1.24052,-0.8136,-0.610789,-0.0516512,-0.076227,-0.0828796,-0.100243,-0.108155,0.00391318,0.00706442,0.00846611,0.00868697,0.00871349
18.94,0.6969047999999999,-735955.0,-0.0881445,-0.847288,-1.06196,-0.364314,-0.137988,-0.0628737,-0.100261,-0.105904,-0.112022,-0.115643,0.00276794,0.00529954,0.00657827,0.00656432,0.00647551
18.96,0.39819014999999996,-415360.0,0.551058,-0.0479229,-0.540106,0.0705546,0.372158,-0.0582446,-0.109213,-0.121925,-0.11496,-0.113301,0.00155675,0.00320479,0.00429998,0.0042945,0.00418606
18.98,-0.09105999,-132302.0,-0.0909808,-0.0181925,-0.453691,-0.352413,-0.0427931,-0.0536438,-0.109875,-0.131863,-0.117778,-0.110008,0.000437869,0.00101391,0.00176209,0.00196712,0.00195297
19.0,0.15956217,166749.0,0.000870113,0.569396,0.325805,-0.162597,-0.131332,-0.0545449,-0.104363,-0.133142,-0.122928,-0.111749,-0.000644018,-0.00112846,-0.000887957,-0.00043995,-0.000264591
19.02,-0.09838358999999999,480155.0,0.321783,0.815352,0.795078,0.0204474,-0.448659,-0.0513184,-0.0905151,-0.121933,-0.12435,-0.117549,-0.00170265,-0.00307724,-0.00343871,-0.00291273,-0.00255757
19.04,-0.12877908,759245.0,0.538007,0.78168,0.995998,0.289166,-0.478465,-0.0427205,-0.0745448,-0.104022,-0.121254,-0.12682,-0.00264304,-0.00472784,-0.00569826,-0.00536877,-0.00500126
19.06,-0.12502292999999998,978099.0,0.36537,0.577243,0.89625,0.433753,-0.101807,-0.0336867,-0.0609556,-0.0850999,-0.114025,-0.132623,-0.00340711,-0.00608284,-0.00758948,-0.00772156,-0.00759568
19.080000000000002,-0.029292564,1142160.0,0.337442,0.629259,0.784308,0.660373,0.704276,-0.0266586,-0.0488905,-0.0682943,-0.103083,-0.126598,-0.00401057,-0.00718131,-0.00912343,-0.00989264,-0.0101879
19.1,-0.044474958,1267850.0,0.436254,0.725541,0.601976,0.926338,1.40466,-0.0189216,-0.0353425,-0.0544315,-0.0872162,-0.105509,-0.00446637,-0.00802364,-0.0103507,-0.0117956,-0.012509
19.12,-0.028654094999999997,1368530.0,0.238243,0.433038,0.274147,1.01789,1.5387,-0.0121767,-0.0237568,-0.0456702,-0.0677739,-0.076075,-0.00477735,-0.00861463,-0.0113517,-0.0133455,-0.0143248
19.14,0.21460085999999998,1456080.0,-0.108735,-0.090405,0.0925931,0.944704,1.289,-0.0108816,-0.0203304,-0.0420028,-0.048148,-0.0477981,-0.00500793,-0.0090555,-0.0122284,-0.0145048,-0.0155635
19.16,0.5116727999999999,1503820.0,0.517775,0.388754,1.01623,1.58284,1.77576,-0.0067912,-0.0173469,-0.0309146,-0.0228725,-0.0171504,-0.00518466,-0.00943228,-0.0129576,-0.015215,-0.016213
19.18,-0.12979857,1483830.0,0.259282,0.327132,1.11951,1.27602,1.36195,0.000979376,-0.0101881,-0.00955718,0.00571607,0.0142267,-0.00524278,-0.00970763,-0.0133623,-0.0153865,-0.0162422
19.2,0.016843668,1462930.0,-0.284612,0.295493,0.878689,0.813598,0.761709,0.000726083,-0.00396182,0.0104248,0.0266122,0.0354634,-0.00522572,-0.00984912,-0.0133536,-0.0150632,-0.0157453
19.22,0.29980656,1514860.0,-0.50688,0.250074,0.482714,0.398748,0.237977,-0.00718884,0.00149384,0.0240388,0.0387357,0.0454602,-0.00529035,-0.0098738,-0.013009,-0.0144098,-0.0149361
19.240000000000002,0.5461130999999999,1566940.0,0.926959,1.23372,1.228,1.13445,1.00897,-0.00298805,0.0163318,0.041146,0.0540677,0.0579297,-0.00539212,-0.00969555,-0.0123572,-0.0134817,-0.0139022
19.26,-0.3947369399999999,1489900.0,1.2907,1.24246,1.12427,0.963066,0.965508,0.0191886,0.0410936,0.0646687,0.0750429,0.0776744,-0.00523012,-0.00912129,-0.011299,-0.0121906,-0.0125462
19.28,-0.44246273999999997,1304140.0,0.557137,0.789354,0.554775,0.387384,0.434304,0.037667,0.0614118,0.0814591,0.0885474,0.0916725,-0.00466156,-0.00809624,-0.00983774,-0.0105547,-0.0108527
19.3,-0.006323388,1093780.0,0.236707,0.754201,0.420073,0.359364,0.324133,0.0456054,0.0768473,0.0912076,0.0960148,0.0992569,-0.00382884,-0.00671365,-0.00811107,-0.0087091,-0.00894341
19.32,-0.023174043,847251.0,0.209746,0.40476,0.183218,0.204001,0.106777,0.0500699,0.0884369,0.0972405,0.101648,0.103566,-0.00287208,-0.00506081,-0.00622659,-0.00673246,-0.00691518
19.34,0.09569435999999998,569412.0,-0.388242,-0.654769,-0.51772,-0.549069,-0.587965,0.048285,0.0859368,0.0938955,0.0981978,0.0987541,-0.00188853,-0.00331707,-0.00431523,-0.004734,-0.00489198
19.36,0.7685087999999999,318936.0,-0.372961,-0.701374,-0.266695,-0.360134,-0.316349,0.0406729,0.0723754,0.0860513,0.0891058,0.089711,-0.000998955,-0.00173395,-0.00251576,-0.00286096,-0.00300733
19.38,0.50269884,75388.8,0.15179,-0.0286063,0.325739,0.351185,0.384826,0.0384612,0.0650756,0.0866418,0.0890163,0.0903958,-0.000207613,-0.000359438,-0.000788833,-0.00107974,-0.00120626
19.400000000000002,-0.23608614,-207352.0,0.311629,0.311592,0.293897,0.566063,0.566362,0.0430954,0.0679055,0.0928381,0.0981888,0.0999076,0.000607954,0.000970373,0.00100597,0.000792306,0.000696776
19.42,-0.48975350999999995,-474205.0,-0.284492,-0.0204071,-0.302878,0.0658499,0.151349,0.0433668,0.0708173,0.0927483,0.104508,0.107085,0.00147258,0.0023576,0.00286183,0.00281927,0.0027667
19.44,-0.14557388999999998,-671679.0,-0.324772,-0.01952,-0.210418,-0.0393027,0.18968,0.0372741,0.070418,0.0876154,0.104773,0.110495,0.00227898,0.00376995,0.00466547,0.00491209,0.0049425
19.46,-0.30533648999999996,-853904.0,-0.0454414,-0.146454,-0.0329455,-0.161572,0.0293639,0.033572,0.0687583,0.0851817,0.102765,0.112685,0.00298745,0.00516172,0.00639344,0.00698747,0.0071743
19.48,-0.41239976999999994,-1080000.0,0.366766,-0.045227,0.246162,0.00340983,-0.0947933,0.0367852,0.0668415,0.0873139,0.101183,0.112031,0.00369102,0.00651772,0.00811839,0.00902694,0.00942147
19.5,-0.6726492,-1337650.0,0.218493,0.0949364,0.252916,0.116113,-0.244922,0.0426378,0.0673386,0.0923047,0.102378,0.108634,0.00448525,0.00785952,0.00991458,0.0110626,0.0116281
19.52,-0.8318099999999999,-1552340.0,-0.935661,-0.655586,-0.810365,-0.833103,-1.11591,0.0354662,0.0617321,0.0867302,0.0952083,0.0950257,0.00526629,0.00915022,0.0117049,0.0130384,0.0136647
19.54,-0.022910321999999997,-1671540.0,-0.55009,-0.482997,-0.833836,-0.881221,-0.812359,0.0206086,0.0503463,0.0702882,0.0780651,0.075743,0.00582704,0.010271,0.0132751,0.0147712,0.0153724
19.56,-0.20824983,-1753090.0,-0.0260624,-0.555352,-0.851416,-0.974858,-0.681611,0.0148471,0.0399628,0.0534357,0.0595043,0.0608033,0.0061816,0.0111741,0.0145124,0.0161468,0.0167379
19.580000000000002,-0.28382876999999995,-1840810.0,-0.260328,-0.985603,-1.14831,-1.24903,-1.10591,0.0119832,0.0245532,0.0334384,0.0372654,0.0429281,0.0064499,0.0118193,0.0153811,0.0171145,0.0177752
19.6,0.0009988758,-1877420.0,-0.817913,-1.29809,-1.4863,-1.48522,-1.66168,0.0012008,0.00171634,0.00709229,0.00992289,0.0152522,0.00658174,0.012082,0.0157864,0.0175864,0.018357
19.62,0.34230486,-1837450.0,-0.332776,-0.701523,-1.05393,-1.03557,-1.31564,-0.0103061,-0.0182798,-0.01831,-0.0152849,-0.014521,0.00649069,0.0119163,0.0156742,0.0175328,0.0183643
19.64,-0.0862308,-1778850.0,0.03072,-0.3922,-0.821828,-0.951464,-1.03522,-0.0133266,-0.029217,-0.0370675,-0.0351553,-0.0380296,0.00625436,0.0114414,0.0151204,0.0170284,0.0178388
19.66,-0.26906478,-1699170.0,-0.6813,-0.933873,-1.25711,-1.57928,-1.4634,-0.0198324,-0.0424777,-0.0578569,-0.0604627,-0.0630157,0.00592277,0.0107244,0.0141712,0.0160722,0.0168283
19.68,0.30140744999999997,-1506590.0,-1.30457,-1.38275,-1.55276,-1.9245,-1.88433,-0.0396911,-0.0656439,-0.0859556,-0.0955006,-0.096493,0.00532753,0.00964319,0.0127331,0.0145126,0.0152333
19.7,0.7882968,-1196380.0,-0.449423,-0.823224,-0.934552,-1.17095,-1.38847,-0.057231,-0.0877036,-0.110829,-0.126455,-0.129221,0.00435831,0.00810971,0.0107652,0.012293,0.0129761
19.72,0.33868589999999993,-868256.0,0.189135,-0.563434,-0.710334,-0.763585,-1.08128,-0.0598339,-0.10157,-0.127278,-0.145801,-0.153919,0.00318766,0.00621698,0.00838417,0.00957048,0.0101447
19.740000000000002,0.22420211999999998,-576083.0,0.435987,-0.0534371,-0.287438,-0.256096,-0.359337,-0.0535827,-0.107739,-0.137255,-0.155997,-0.168325,0.00205349,0.00412389,0.00573884,0.0065525,0.00692228
19.76,-0.10701942,-326065.0,0.424867,0.653593,0.322694,0.334868,0.540419,-0.0449742,-0.101737,-0.136903,-0.15521,-0.166514,0.00106793,0.00202912,0.00299726,0.00344043,0.0035739
19.78,-0.5742651,-74670.2,-0.625849,-0.010574,-0.30894,-0.328299,-0.0521314,-0.046984,-0.0953071,-0.136765,-0.155144,-0.161631,0.000148344,5.86785e-05,0.00026058,0.000336892,0.00029245
19.8,0.30326028,259443.0,-0.466171,-0.111623,-0.0911047,-0.10687,-0.0559046,-0.0579042,-0.0965291,-0.140766,-0.159496,-0.162711,-0.000900538,-0.00185968,-0.00251473,-0.0028095,-0.00295097
19.82,0.42015533999999993,630713.0,0.319655,0.145941,0.65402,0.657631,0.452243,-0.0593694,-0.0961859,-0.135137,-0.153988,-0.158748,-0.00207327,-0.00378683,-0.00527375,-0.00594434,-0.00616557
19.84,0.0036327963,914928.0,0.722336,0.403193,1.14801,1.19639,0.976672,-0.0489494,-0.0906946,-0.117116,-0.135448,-0.144459,-0.00315646,-0.00565564,-0.00779628,-0.0088387,-0.00919764
19.86,-0.29318472,1108930.0,0.438337,0.630736,1.0932,1.26288,1.27581,-0.0373427,-0.0803553,-0.0947041,-0.110855,-0.121934,-0.00401938,-0.00736614,-0.00991448,-0.0113017,-0.0118616
19.88,-0.23600147999999999,1300180.0,0.108938,0.939129,0.881839,1.21823,1.4947,-0.03187,-0.0646567,-0.0749537,-0.0860441,-0.0942289,-0.00471151,-0.00881626,-0.0116111,-0.0132707,-0.0140232
19.900000000000002,-0.13068137999999999,1510620.0,0.185979,1.02558,0.78898,1.18271,1.55176,-0.0289208,-0.0450096,-0.0582455,-0.0620348,-0.0637642,-0.00531942,-0.00991292,-0.0129431,-0.0147515,-0.0156031
19.92,-0.05753003999999999,1662500.0,0.885075,1.18414,1.3109,1.55194,1.79364,-0.0182103,-0.0229124,-0.0372467,-0.0346883,-0.0303102,-0.00579073,-0.0105921,-0.013898,-0.0157187,-0.0165439
19.94,-0.40408574999999997,1695280.0,0.819078,0.832509,1.44373,1.44769,1.43092,-0.00116873,-0.00274583,-0.00970045,-0.00469189,0.00193548,-0.00598452,-0.0108487,-0.0143674,-0.0161125,-0.0168276
19.96,-0.28399911,1652390.0,0.354797,0.654977,1.34064,1.25548,1.02172,0.01057,0.012129,0.0181432,0.0223399,0.0264619,-0.0058905,-0.0107549,-0.014283,-0.0159361,-0.0165436
19.98,-0.08904804,1580350.0,0.434968,1.06189,1.39472,1.41885,1.18608,0.0184677,0.0292977,0.0454968,0.0490832,0.0485399,-0.00560013,-0.0103406,-0.0136466,-0.0152218,-0.0157936
20.0,-0.31617858,1448490.0,0.631434,1.22895,1.22517,1.37158,1.38468,0.0291317,0.0522062,0.0716957,0.0769876,0.0742475,-0.00512413,-0.00952558,-0.0124747,-0.0139611,-0.0145657
20.02,-0.43972250999999996,1235860.0,0.530602,0.978905,0.967234,1.0968,1.38292,0.0407521,0.0742848,0.0936198,0.101671,0.101923,-0.0044253,-0.00826067,-0.0108215,-0.0121745,-0.012804
20.04,-0.38315994,976475.0,0.24117,0.614233,0.792799,0.851116,1.15002,0.0484698,0.0902162,0.11122,0.12115,0.127253,-0.00353308,-0.00661566,-0.00877314,-0.00994632,-0.0105123
20.06,-0.28371096,678604.0,0.630448,0.859219,1.14448,1.23943,1.26987,0.057186,0.104951,0.130593,0.142056,0.151452,-0.00247652,-0.004664,-0.00635501,-0.00731426,-0.00772523
20.080000000000002,-0.7261686,297135.0,0.85471,0.940365,1.18658,1.39458,1.19001,0.0720376,0.122947,0.153904,0.168396,0.176051,-0.00118428,-0.00238502,-0.00351004,-0.00420974,-0.00445021
20.1,-0.9794243999999999,-151221.0,-0.0219575,0.173103,0.357245,0.568946,0.447208,0.0803651,0.134081,0.169342,0.188031,0.192423,0.000339742,0.000185254,-0.000277589,-0.000645462,-0.000765473
20.12,-0.42504572999999995,-557337.0,-0.974576,-0.667511,-0.500843,-0.442131,-0.278021,0.0703997,0.129137,0.167906,0.1893,0.194115,0.00184739,0.00281744,0.00309489,0.00312785,0.0030999
20.14,0.19627656,-879211.0,-0.516031,-0.559473,-0.414822,-0.483261,-0.208151,0.0554937,0.116867,0.158749,0.180046,0.189253,0.00310632,0.00527748,0.00636143,0.0068213,0.00693358
20.16,-0.09064791,-1174040.0,-0.155666,-0.744414,-0.698477,-0.7177,-0.65475,0.0487767,0.103828,0.147616,0.168036,0.180624,0.00414903,0.00748444,0.00942509,0.0103021,0.0106323
20.18,-0.040688972999999996,-1434050.0,-0.636068,-1.34802,-1.51468,-1.4177,-1.61664,0.0408594,0.0829041,0.125485,0.146682,0.15791,0.00504539,0.00935176,0.0121561,0.0134493,0.0140177
20.2,0.50366478,-1600930.0,-0.755688,-1.30636,-1.76974,-1.71658,-1.90576,0.0269418,0.0563602,0.0926403,0.115339,0.122686,0.0057234,0.0107444,0.0143373,0.0160695,0.0168236
20.22,0.5257743,-1709650.0,-0.217338,-0.801115,-1.51825,-1.71196,-1.68206,0.0172116,0.0352854,0.0597604,0.0810538,0.0868076,0.00616494,0.0116609,0.0158614,0.0180334,0.0189186
20.240000000000002,0.1590639,-1815360.0,-0.227994,-0.853949,-1.63652,-2.09826,-1.99388,0.0127582,0.0187348,0.0282126,0.0429517,0.0500482,0.00646463,0.0122011,0.0167411,0.0192735,0.0202871
20.26,0.30096477,-1865680.0,-0.90368,-1.2961,-1.94291,-2.52374,-2.65841,0.0014415,-0.00276572,-0.00758181,-0.00326836,0.00352526,0.00660663,0.0123608,0.0169474,0.0196703,0.0208229
20.28,0.7350578999999999,-1792310.0,-1.0761,-1.38315,-1.8215,-2.37548,-2.82549,-0.0183563,-0.0295582,-0.0452259,-0.0522606,-0.0513137,0.00643748,0.0120375,0.0164193,0.019115,0.020345
20.3,0.7804376999999999,-1642160.0,-0.178692,-0.817485,-1.10542,-1.56937,-2.0652,-0.0309043,-0.0515646,-0.0744951,-0.0917092,-0.100221,0.00594488,0.0112263,0.0152221,0.0176753,0.0188296
20.32,0.20084054999999998,-1493750.0,0.0548632,-0.704827,-0.953351,-1.27928,-1.49883,-0.0321426,-0.0667877,-0.0950828,-0.120196,-0.135861,0.00531441,0.0100428,0.0135263,0.0155563,0.0164688
20.34,0.12210827999999999,-1334980.0,-0.247107,-0.508928,-0.808561,-0.917665,-0.799477,-0.034065,-0.0789252,-0.112702,-0.142165,-0.158844,0.00465233,0.00858564,0.0114485,0.0129327,0.0135218
20.36,0.021565503,-1119260.0,-0.636847,-0.426158,-0.749298,-0.606672,-0.345971,-0.0429045,-0.0882761,-0.12828,-0.157408,-0.170298,0.00388264,0.00691362,0.00903865,0.00993694,0.0102304
20.38,0.06393410999999999,-835494.0,-0.47717,-0.410238,-0.55592,-0.253697,-0.0621673,-0.0540447,-0.0966401,-0.141333,-0.166012,-0.17438,0.00291314,0.00506446,0.00634252,0.00670274,0.00678357
20.400000000000002,0.10135332,-503312.0,-0.106865,-0.410111,-0.166647,0.127798,0.1936,-0.0598851,-0.104844,-0.148558,-0.167271,-0.173065,0.00177385,0.00304962,0.00344361,0.0033699,0.00330912
20.42,0.049682823,-156585.0,-0.0302867,-0.336779,0.231599,0.423072,0.429508,-0.0612566,-0.112312,-0.147909,-0.161762,-0.166834,0.00056243,0.000878064,0.000478939,7.95685e-05,-8.98766e-05
20.44,-0.020439116999999996,192802.0,-0.240686,-0.232633,0.297975,0.428162,0.448455,-0.0639663,-0.118007,-0.142613,-0.15325,-0.158055,-0.000689799,-0.00142513,-0.00242628,-0.00307056,-0.00333877
20.46,0.11937977999999999,571071.0,-0.259016,0.00624216,0.188657,0.335805,0.397402,-0.0689633,-0.12027,-0.137747,-0.14561,-0.149596,-0.0020191,-0.0038079,-0.00522988,-0.00605916,-0.00641528
20.48,0.31084652999999995,985723.0,0.131717,0.436114,0.314885,0.459312,0.554452,-0.0702363,-0.115847,-0.132711,-0.137659,-0.140078,-0.00341109,-0.00616907,-0.00793446,-0.00889186,-0.00931202
20.5,0.250461,1366320.0,0.878231,1.10573,0.957607,0.992472,1.0801,-0.0601368,-0.100428,-0.119986,-0.123141,-0.123732,-0.00471482,-0.00833182,-0.0104614,-0.0114999,-0.0119501
20.52,-0.24277173,1656850.0,0.500162,0.724438,0.712576,0.585737,0.590722,-0.0463529,-0.0821268,-0.103285,-0.107359,-0.107024,-0.00577972,-0.0101574,-0.0126941,-0.0138049,-0.0142577
20.54,0.22788482999999998,1897970.0,0.398269,0.72185,0.788251,0.581227,0.451859,-0.0373686,-0.0676639,-0.0882763,-0.0956897,-0.096598,-0.00661693,-0.0116553,-0.0146098,-0.0158354,-0.0162939
20.56,0.35504313,2114790.0,0.392788,0.737801,0.798744,0.638573,0.432119,-0.029458,-0.0530674,-0.0724063,-0.0834917,-0.0877582,-0.0072852,-0.0128626,-0.0162166,-0.0176272,-0.0181375
20.580000000000002,0.45076962,2265400.0,0.598841,0.84465,0.939676,0.876244,0.745503,-0.0195417,-0.0372429,-0.0550222,-0.0683435,-0.075982,-0.0077752,-0.0137657,-0.0174909,-0.0191455,-0.0197749
20.6,0.34354722,2348380.0,0.0458988,0.257691,0.453391,0.471342,0.520813,-0.0130943,-0.0262195,-0.0410915,-0.0548677,-0.0633188,-0.00810156,-0.0144003,-0.018452,-0.0203776,-0.0211679
20.62,0.8527199999999999,2422310.0,0.0184739,0.268644,0.5241,0.640633,0.814929,-0.0124506,-0.0209561,-0.0313166,-0.0437479,-0.0499614,-0.00835701,-0.0148721,-0.0191761,-0.0213638,-0.0223007
20.64,0.8022248999999999,2478250.0,0.63306,0.829966,1.05126,1.31694,1.47706,-0.00593526,-0.00997005,-0.015563,-0.0241722,-0.0270415,-0.00854087,-0.0151813,-0.0196449,-0.022043,-0.0230707
20.66,0.25755407999999996,2446820.0,0.865086,1.04421,1.22293,1.60716,1.70235,0.0090462,0.00877167,0.00717883,0.00506879,0.00475255,-0.00850976,-0.0151933,-0.0197287,-0.022234,-0.0232936
20.68,0.039207269999999995,2333710.0,0.412018,0.823276,1.04125,1.39087,1.49048,0.0218172,0.0274465,0.0298206,0.0350491,0.0366808,-0.00820112,-0.0148311,-0.0193587,-0.0218329,-0.0228793
20.7,0.20051109,2189710.0,0.254235,0.90532,1.22832,1.40071,1.54629,0.0284798,0.0447325,0.0525163,0.062965,0.0670486,-0.00769815,-0.0141094,-0.0185354,-0.0208527,-0.021842
20.72,0.034055811,2024670.0,0.125401,0.675843,1.09879,1.1094,1.21452,0.0322761,0.0605441,0.0757874,0.0880661,0.0946567,-0.00709059,-0.0130566,-0.0172523,-0.0193424,-0.0202249
20.740000000000002,0.16270071,1837640.0,0.188819,0.442849,0.902224,0.891435,0.852835,0.0354183,0.071731,0.0957976,0.108074,0.11533,-0.00641365,-0.0117338,-0.0155365,-0.017381,-0.018125
20.76,0.25844658,1618740.0,0.502379,0.608138,0.985771,1.05649,0.924219,0.0423303,0.0822409,0.114678,0.127554,0.133101,-0.00563616,-0.0101941,-0.0134317,-0.0150247,-0.0156407
20.78,-0.048111920999999995,1342450.0,0.402413,0.55143,0.704865,0.840481,0.792363,0.0513782,0.0938366,0.131584,0.146523,0.150267,-0.00469908,-0.00843335,-0.0109691,-0.012284,-0.012807
20.8,-0.06332924999999999,1042780.0,-0.207631,-0.0166143,-0.139397,-0.0109966,0.122693,0.053326,0.0991847,0.137239,0.154818,0.159417,-0.00365204,-0.00650313,-0.00828088,-0.00927054,-0.00971021
20.82,0.49044404999999996,761619.0,0.170195,0.237584,-0.0342888,0.0383807,0.247989,0.0529517,0.101394,0.135502,0.155092,0.163124,-0.00258926,-0.00449734,-0.00555347,-0.00617143,-0.0064848
20.84,0.15782511,463818.0,0.0988915,-0.069846,-0.278239,-0.287222,-0.1972,0.0556425,0.103072,0.132376,0.152604,0.163632,-0.00150332,-0.00245268,-0.00287469,-0.00309448,-0.00321724
20.86,0.26197322999999995,136904.0,-0.133644,-0.42234,-0.476688,-0.59057,-0.703601,0.055295,0.0981499,0.124827,0.143826,0.154624,-0.000393941,-0.000440464,-0.000302657,-0.000130183,-3.46814e-05
20.88,0.38710632,-181187.0,-0.156712,-0.370336,-0.376286,-0.586578,-0.813424,0.0523914,0.0902232,0.116297,0.132054,0.139454,0.000682923,0.00144327,0.00210859,0.00262862,0.00290609
20.900000000000002,0.20565036,-492373.0,0.144641,0.0632732,-0.0466933,-0.287201,-0.475169,0.0522707,0.0871525,0.112068,0.123316,0.126568,0.00172955,0.00321702,0.00439224,0.00518232,0.00556631
20.92,-0.27669437999999996,-819267.0,0.0549088,0.0879988,-0.143959,-0.334061,-0.398894,0.0542662,0.0886653,0.110161,0.117104,0.117827,0.00279491,0.0049752,0.00661453,0.00758652,0.00801026
20.94,-0.38618984999999995,-1127910.0,-0.468278,-0.369088,-0.600089,-0.707547,-0.673017,0.0501325,0.0858544,0.102721,0.106688,0.107108,0.0038389,0.0067204,0.00874335,0.00982444,0.0102596
20.96,-0.10970915999999999,-1374400.0,-0.433571,-0.470186,-0.573912,-0.610121,-0.55959,0.0411141,0.0774616,0.0909806,0.093511,0.0947819,0.00475137,0.00835356,0.0106804,0.0118264,0.0122785
20.98,-0.24347604,-1581050.0,-0.214824,-0.579543,-0.540608,-0.509841,-0.506011,0.0346301,0.0669643,0.0798354,0.0823114,0.0841259,0.00550881,0.00979782,0.0123885,0.0135847,0.0140676
21.0,-0.34906490999999995,-1779300.0,-0.133679,-0.663748,-0.584216,-0.478596,-0.507009,0.0311451,0.0545314,0.0685872,0.072427,0.0739957,0.00616656,0.0110128,0.0138727,0.015132,0.0156488
21.02,-0.40200903,-1938020.0,-0.718127,-1.0821,-1.09997,-0.948751,-0.934917,0.022627,0.037073,0.0517453,0.0581536,0.0595764,0.00670428,0.0119288,0.0150761,0.0164378,0.0169845
21.04,-0.008292243,-2004270.0,-0.889209,-1.10778,-1.28394,-1.17074,-1.07181,0.00655367,0.0151742,0.0279062,0.0369586,0.0395091,0.00699609,0.0124513,0.0158726,0.017389,0.0179754
21.06,0.08699426999999998,-1989580.0,-0.442795,-0.804068,-1.07422,-1.08169,-0.962441,-0.00676638,-0.00394422,0.00432462,0.0144343,0.0191666,0.00699396,0.0125636,0.0161949,0.0179029,0.0185621
21.080000000000002,-0.12856539,-1948000.0,-0.0558462,-0.551141,-0.814641,-0.962748,-0.953791,-0.0117528,-0.0174963,-0.014564,-0.00601013,4.2459e-06,0.00680877,0.0123492,0.0160925,0.0179871,0.0187538
21.1,-0.31808598,-1872120.0,-0.589138,-0.932407,-1.18127,-1.43078,-1.59522,-0.0182026,-0.0323318,-0.0345231,-0.0299454,-0.0254859,0.00650922,0.0118509,0.0156016,0.0176276,0.018499
21.12,0.14894192999999997,-1713500.0,-0.634756,-0.83309,-1.13984,-1.44139,-1.69939,-0.0304416,-0.0499868,-0.0577342,-0.0586671,-0.0584321,0.00602278,0.0110277,0.0146791,0.0167415,0.0176598
21.14,0.19866285,-1488160.0,-0.328461,-0.678335,-1.06215,-1.38273,-1.5877,-0.0400737,-0.065101,-0.0797541,-0.0869082,-0.091303,0.00531762,0.00987684,0.0133042,0.0152857,0.0161625
21.16,0.20198448,-1250360.0,-0.00842215,-0.509707,-0.895872,-1.20113,-1.28278,-0.0434426,-0.0769814,-0.0993343,-0.112747,-0.120008,0.00448246,0.00845602,0.0115133,0.0132892,0.0140494
21.18,0.13706300999999999,-1015160.0,-0.0903624,-0.410988,-0.737133,-0.972652,-0.98506,-0.0444304,-0.0861884,-0.115664,-0.134485,-0.142686,0.00360373,0.00682432,0.0093633,0.0108168,0.0114225
21.2,0.12145139999999999,-769738.0,-0.103482,-0.12796,-0.396202,-0.510697,-0.54125,-0.0463689,-0.0915779,-0.126998,-0.149318,-0.157949,0.00269574,0.00504666,0.00693668,0.00797881,0.0084161
21.22,-0.039666983999999995,-494371.0,-0.331004,-0.286047,-0.468991,-0.461626,-0.519891,-0.0507137,-0.0957179,-0.13565,-0.159041,-0.168561,0.00172491,0.0031737,0.00431021,0.00489522,0.005151
21.240000000000002,0.23983361999999997,-178964.0,-0.107407,-0.177757,-0.17028,-0.097435,-0.11558,-0.0550978,-0.100356,-0.142042,-0.164632,-0.174915,0.000666795,0.00121296,0.00153329,0.00165849,0.00171624
21.26,0.17187408,145248.0,0.0285314,-0.0984124,0.151801,0.238177,0.305827,-0.0558866,-0.103118,-0.142227,-0.163224,-0.173013,-0.000443049,-0.000821777,-0.00130941,-0.00162007,-0.00176304
21.28,0.09008487,432354.0,0.34852,0.360971,0.730245,0.845481,0.958633,-0.0521161,-0.100492,-0.133407,-0.152388,-0.160368,-0.00152308,-0.00285788,-0.00406575,-0.0047762,-0.00509685
21.3,-0.27868746,679260.0,0.277627,0.600355,0.892775,1.09104,1.17932,-0.0458546,-0.0908788,-0.117176,-0.133023,-0.138989,-0.00250278,-0.00477158,-0.00657158,-0.0076303,-0.00809042
21.32,-0.29750799,926396.0,0.0986992,0.684172,0.853376,1.12827,1.18698,-0.0420913,-0.0780336,-0.0997149,-0.110829,-0.115326,-0.00338224,-0.00646071,-0.00874049,-0.0100688,-0.0106336
21.34,-0.16237634999999997,1191840.0,0.0558805,0.575038,0.766179,1.01656,1.10222,-0.0405455,-0.0654415,-0.0835194,-0.0893812,-0.0924337,-0.00420861,-0.00789546,-0.0105728,-0.0120709,-0.0127112
21.36,0.028826678999999997,1416660.0,0.778005,0.983507,1.32748,1.45819,1.58361,-0.0322067,-0.049856,-0.0625828,-0.0646337,-0.0655754,-0.00493613,-0.00904843,-0.0120339,-0.0136111,-0.0142913
21.38,-0.40341305999999993,1518770.0,1.13572,1.28526,1.70713,1.74421,1.83028,-0.0130694,-0.0271683,-0.0322367,-0.0326097,-0.0314365,-0.00538889,-0.00981868,-0.012982,-0.0145835,-0.0152614
21.400000000000002,-0.6869240999999999,1515780.0,0.494633,1.04452,1.34332,1.39994,1.37636,0.0032341,-0.00387053,-0.00173228,-0.00116807,0.000629833,-0.00548725,-0.0101291,-0.0133217,-0.0149213,-0.0155694
21.42,-0.32342414999999997,1508120.0,-0.158103,0.67277,0.785685,0.911567,0.835825,0.0065994,0.0133024,0.0195577,0.021947,0.0227517,-0.00538891,-0.0100347,-0.0131435,-0.0147135,-0.0153356
21.44,0.15060555,1510040.0,0.353571,0.82247,0.921656,1.0424,1.04974,0.00855408,0.0282548,0.0366312,0.0414867,0.0416073,-0.00523738,-0.00961917,-0.0125816,-0.0140792,-0.014692
21.46,-0.07767402,1430630.0,0.853631,0.777268,1.0367,1.07539,1.20108,0.0206261,0.0442521,0.0562148,0.0626647,0.0641155,-0.00494558,-0.00889411,-0.0116531,-0.0130376,-0.0136348
21.48,-0.25307985,1260940.0,0.149509,0.0790214,0.409656,0.419705,0.539938,0.0306575,0.052815,0.0706784,0.0776156,0.0815257,-0.00443274,-0.00792343,-0.0103842,-0.0116348,-0.0121784
21.5,0.3021291,1101610.0,-0.361982,-0.117839,0.0269449,0.130907,0.127522,0.0285328,0.0524269,0.0750444,0.0831218,0.0882003,-0.00384084,-0.00687102,-0.00892698,-0.0100275,-0.0104811
21.52,0.5371625999999999,971865.0,0.157919,0.317574,0.199625,0.400215,0.332138,0.0264921,0.0544242,0.0773101,0.088433,0.0927969,-0.00329059,-0.0058025,-0.00740343,-0.00831192,-0.00867116
21.54,0.16197702,783511.0,0.772666,0.622685,0.444915,0.578776,0.604452,0.035798,0.0638268,0.0837555,0.0982229,0.102163,-0.00266769,-0.00461999,-0.00579278,-0.00644537,-0.00672156
21.56,-0.23711073,517185.0,0.20952,0.182462,0.13913,0.0656325,0.202446,0.0456199,0.0718783,0.0895959,0.104667,0.110232,-0.00185351,-0.00326294,-0.00405926,-0.00441647,-0.00459761
21.580000000000002,0.021656487,262420.0,-0.500505,-0.173715,-0.122007,-0.340498,-0.277478,0.04271,0.0719657,0.0897671,0.101918,0.109481,-0.000970209,-0.0018245,-0.00226563,-0.00235062,-0.00240048
21.6,0.27444987,50922.1,0.0234303,0.247304,0.272681,0.0962847,-0.0642321,0.0379393,0.0727016,0.0912739,0.0994762,0.106064,-0.000163717,-0.00037783,-0.000455223,-0.000336671,-0.000245022
21.62,-0.20142143999999998,-205640.0,0.865536,0.725016,0.735217,0.685655,0.416135,0.0468289,0.0824248,0.101353,0.107296,0.109583,0.000683965,0.00117343,0.00147104,0.00173105,0.00191146
21.64,-0.8381492999999999,-537840.0,0.129902,0.0786391,0.13747,0.140557,0.0316187,0.0567833,0.0904614,0.11008,0.115558,0.114061,0.00172009,0.0029023,0.00358537,0.00395958,0.0041479
21.66,-0.4340987399999999,-815897.0,-1.29586,-1.04066,-0.982372,-0.987948,-0.836997,0.0451238,0.0808412,0.101631,0.107084,0.106007,0.00273916,0.00461532,0.00570247,0.00618599,0.00634858
21.68,0.5245962,-936630.0,-1.19383,-1.28564,-1.31124,-1.25939,-1.03134,0.0202269,0.0575782,0.0786946,0.0846104,0.0873238,0.00339267,0.00599951,0.00750573,0.00810293,0.00828189
21.7,0.7058859,-991530.0,0.198093,-0.703178,-0.789155,-0.611997,-0.526525,0.0102696,0.03769,0.0576907,0.0658966,0.0717451,0.00369763,0.0069522,0.00886958,0.009608,0.00987258
21.72,0.034437546,-1145150.0,1.16477,0.19805,0.0744737,0.283924,0.229491,0.0238982,0.0326387,0.0505439,0.0626158,0.0687747,0.00403931,0.00765548,0.00995193,0.0108931,0.0112778
21.740000000000002,-0.9433010999999999,-1386180.0,-0.224801,-0.222451,-0.494816,-0.444928,-0.481816,0.033298,0.0323947,0.0463405,0.0610058,0.0662515,0.00461127,0.00830582,0.0109208,0.0121293,0.012628
21.76,-0.40788320999999994,-1539470.0,-1.01728,-0.261066,-0.722657,-0.923661,-0.893433,0.0208771,0.0275595,0.0341658,0.0473199,0.052499,0.00515302,0.00890536,0.0117258,0.0132126,0.0138155
21.78,-0.13877967,-1541830.0,-0.759961,-0.444112,-0.810521,-1.19042,-1.22597,0.00310469,0.0205078,0.018834,0.026179,0.0313049,0.00539284,0.00938603,0.0122558,0.0139476,0.0146536
21.8,0.033428510999999994,-1497920.0,-0.0273312,-0.665926,-0.588282,-1.01153,-1.23137,-0.00476824,0.00940738,0.00484596,0.00415946,0.00673145,0.0053762,0.00968519,0.0124926,0.014251,0.0150339
21.82,-0.09235028999999999,-1497930.0,0.113227,-0.77493,-0.389564,-0.720861,-1.04802,-0.00390929,-0.00500118,-0.00493251,-0.0131645,-0.0160625,0.00528943,0.00972925,0.0124918,0.0141609,0.0149406
21.84,-0.25520502,-1506910.0,-0.439313,-0.790561,-0.703031,-0.80199,-1.0177,-0.00717015,-0.0206561,-0.0158585,-0.028393,-0.0367197,0.00517863,0.00947268,0.0122839,0.0137453,0.0144128
21.86,-0.05325878999999999,-1419990.0,-0.841508,-0.763224,-1.32666,-1.13247,-1.06796,-0.0199784,-0.0361939,-0.0361553,-0.0477376,-0.0575764,0.00490715,0.00890418,0.0117637,0.012984,0.0134699
21.88,0.35272212000000003,-1223020.0,-0.320473,-0.450603,-1.28164,-0.954851,-0.62911,-0.0315982,-0.0483322,-0.0622384,-0.0686108,-0.074547,0.00439138,0.00805891,0.0107798,0.0118206,0.0121486
21.900000000000002,0.20520308999999998,-1023030.0,0.159026,-0.398605,-0.823391,-0.674873,-0.311087,-0.0332126,-0.0568243,-0.0832887,-0.084908,-0.083949,0.00374328,0.00700735,0.00932451,0.0102854,0.0105637
21.92,-0.040319835,-874015.0,-0.107225,-0.642983,-0.483831,-0.661895,-0.568868,-0.0326946,-0.0672402,-0.0963609,-0.0982757,-0.0927486,0.0030842,0.0057667,0.00752801,0.00845354,0.00879668
21.94,0.07078493999999999,-699787.0,-0.470869,-0.546281,-0.224256,-0.550433,-0.871443,-0.0384756,-0.0791328,-0.103442,-0.110399,-0.107152,0.0023725,0.00430297,0.00552999,0.00636679,0.00679768
21.96,0.19004690999999999,-417200.0,-0.81566,-0.615124,-0.539497,-0.750109,-1.26037,-0.0513409,-0.0907469,-0.111079,-0.123404,-0.12847,0.00147434,0.00260418,0.00338478,0.00402876,0.00444147
21.98,0.6163451999999999,-25721.6,-0.727907,-0.785443,-0.927616,-0.994078,-1.24571,-0.0667765,-0.104753,-0.12575,-0.140846,-0.153531,0.000293163,0.000649184,0.00101648,0.00138625,0.00162146
22.0,0.9665264999999998,403206.0,-0.0869139,-0.568305,-0.711167,-0.781202,-0.564751,-0.0749247,-0.11829,-0.142138,-0.158599,-0.171635,-0.00112385,-0.00158124,-0.00166241,-0.0016082,-0.0016302
22.02,0.7946055,773922.0,0.854897,0.388061,0.237704,0.152551,0.548183,-0.0672449,-0.120092,-0.146873,-0.164886,-0.171801,-0.00254555,-0.00396507,-0.00455252,-0.00484305,-0.00506456
22.04,0.023499014999999995,1047810.0,0.89494,1.00175,0.684155,0.746479,0.865312,-0.0497465,-0.106194,-0.137654,-0.155895,-0.157666,-0.00371546,-0.00622793,-0.00739779,-0.00805086,-0.00835923
22.06,-0.22235387999999998,1285050.0,0.21594,0.907734,0.511182,0.737424,0.509269,-0.0386377,-0.0870995,-0.125701,-0.141056,-0.14392,-0.0045993,-0.00816087,-0.0100313,-0.0110204,-0.0113751
22.080000000000002,0.13989248999999998,1519250.0,0.425933,1.131,1.06674,1.18228,0.968695,-0.032219,-0.0667121,-0.109922,-0.121859,-0.129141,-0.00530787,-0.00969899,-0.0123876,-0.0136495,-0.0141057
22.1,-0.1490985,1655760.0,1.12361,1.50404,2.07135,1.8597,1.92581,-0.0167235,-0.0403616,-0.0785408,-0.0914395,-0.100195,-0.0057973,-0.0107697,-0.0142722,-0.0157825,-0.0163991
22.12,-0.8034131999999999,1632090.0,0.895046,1.38151,2.37702,2.06586,2.2265,0.00346308,-0.0115062,-0.0340571,-0.052184,-0.0586723,-0.0059299,-0.0112884,-0.0153982,-0.0172188,-0.0179877
22.14,-0.8659545,1577070.0,-0.54365,0.435075,1.34367,1.42602,1.38,0.00697704,0.0066596,0.00314978,-0.0172653,-0.0226072,-0.0058255,-0.0113369,-0.0157072,-0.0179132,-0.0188005
22.16,0.10496667,1622090.0,-0.333956,0.54253,1.08549,1.74605,1.6062,-0.00179901,0.0164356,0.0274413,0.0144554,0.00725478,-0.00577372,-0.0111059,-0.0154013,-0.0179413,-0.0189541
22.18,0.035773593,1678540.0,0.664923,0.654363,0.981929,1.87907,2.08556,0.00151066,0.0284046,0.0481155,0.0507065,0.0441724,-0.0057766,-0.0106575,-0.0146458,-0.0172897,-0.0184398
22.2,-0.20048253,1621050.0,0.751463,0.221219,0.532151,1.20922,1.89137,0.0156745,0.0371604,0.0632563,0.0815895,0.0839417,-0.00560475,-0.0100019,-0.013532,-0.0159668,-0.0171586
22.22,0.08926887,1515320.0,-0.459616,-0.571474,-0.378465,-0.036549,0.646088,0.018593,0.0336579,0.0647932,0.0933162,0.109316,-0.00526207,-0.00929368,-0.0122516,-0.0142177,-0.0152261
22.240000000000002,0.9833105999999999,1476970.0,-0.585105,-0.312189,-0.430652,-0.287117,-0.174192,0.00814577,0.0248212,0.056702,0.0900796,0.114035,-0.00499469,-0.00870889,-0.0110366,-0.0123837,-0.0129925
22.26,1.0311078,1479180.0,0.0673768,-0.0131886,-0.346085,-0.413422,-0.877027,0.00296849,0.0215675,0.0489346,0.0830742,0.103523,-0.00488354,-0.008245,-0.00998024,-0.0106522,-0.010817
22.28,0.9316272,1414230.0,1.04024,0.628129,0.355122,-0.128839,-0.670276,0.0140447,0.0277169,0.049025,0.0776516,0.08805,-0.00471341,-0.00775216,-0.00900064,-0.00904495,-0.00890123
22.3,0.25793351999999997,1213230.0,1.16965,1.2322,1.03476,0.131352,-0.136287,0.0361436,0.0463201,0.0629238,0.0776767,0.0799843,-0.00421153,-0.00701179,-0.00788115,-0.00749167,-0.00722089
22.32,-0.39439013999999994,885182.0,0.889331,1.76591,1.40728,0.493922,0.36223,0.0567335,0.0763012,0.0873442,0.0839294,0.0822438,-0.00328276,-0.00578558,-0.00637847,-0.00587561,-0.00559861
22.34,-0.8652761999999999,483503.0,0.742995,1.90215,1.40302,0.944516,0.693023,0.0730568,0.112982,0.115447,0.0983138,0.0927963,-0.00198486,-0.00389275,-0.00435056,-0.00405318,-0.00384821
22.36,-1.1042417999999998,50311.3,0.295682,1.051,0.887489,0.948033,0.673574,0.0834435,0.142513,0.138352,0.117239,0.106462,-0.000419853,-0.00133779,-0.00181256,-0.00189764,-0.00185562
22.38,-0.8298873,-414152.0,0.193208,0.285292,0.86945,1.19235,1.22566,0.0883324,0.155876,0.155922,0.138643,0.125455,0.00129791,0.0016461,0.00113018,0.00066118,0.000463545
22.400000000000002,-0.9497270999999999,-955826.0,0.454612,0.144133,1.26726,1.73843,2.16111,0.0948106,0.160171,0.177289,0.167951,0.159322,0.00312934,0.00480657,0.00446228,0.00372712,0.00331131
22.42,-1.4999661,-1588360.0,0.444406,0.35851,1.37378,2.15232,2.68902,0.103801,0.165197,0.203699,0.206858,0.207824,0.00511545,0.00806025,0.00827216,0.00747521,0.00698277
22.44,-1.9528817999999997,-2186170.0,-1.18441,-0.690683,-0.172618,0.94388,1.3561,0.0964008,0.161875,0.215711,0.23782,0.248275,0.00711747,0.011331,0.0124663,0.011922,0.0115438
22.46,-0.89964,-2571470.0,-2.03227,-1.58147,-1.36401,-0.312353,0.0318391,0.064234,0.139154,0.200344,0.244136,0.262154,0.00872382,0.0143413,0.0166268,0.0167416,0.016648
22.48,-0.09305052,-2744060.0,-1.31975,-1.93365,-1.65235,-1.193,-0.828658,0.0307138,0.104003,0.170181,0.229082,0.254186,0.00967329,0.0167728,0.0203321,0.0214737,0.0218114
22.5,0.0603687,-2845930.0,-0.314205,-1.92168,-1.66519,-1.90971,-1.72614,0.0143742,0.0654494,0.137006,0.198055,0.228638,0.0101242,0.0184673,0.0234039,0.0257451,0.0266397
22.52,0.037901262,-2945260.0,-0.0455385,-1.41399,-1.76052,-2.37161,-2.66352,0.0107768,0.0320927,0.102748,0.155242,0.184741,0.0103757,0.0194428,0.0258015,0.0292781,0.0307735
22.54,-0.042379164,-3011210.0,-0.344445,-0.722132,-2.08533,-2.78347,-3.47403,0.00687698,0.0107315,0.0642898,0.103691,0.123366,0.0105522,0.019871,0.0274718,0.0318674,0.0338545
22.56,-0.031616787,-2996190.0,-0.780638,-0.74097,-2.77202,-3.66552,-4.30363,-0.00437385,-0.00389957,0.0157164,0.0392011,0.0455891,0.0105773,0.0199393,0.0282719,0.0332963,0.0355441
22.580000000000002,0.47534090999999995,-2912880.0,-0.0642726,-0.480418,-2.28283,-3.57231,-3.88505,-0.012823,-0.0161134,-0.034832,-0.0331772,-0.0362977,0.0104053,0.0197392,0.0280808,0.0333566,0.035637
22.6,0.15451928999999998,-2862340.0,0.53877,-0.34449,-1.30509,-2.79278,-3.03143,-0.00807798,-0.0243625,-0.0707113,-0.0968282,-0.105462,0.0101963,0.0193344,0.0270253,0.0320565,0.0342194
22.62,-0.41686940999999994,-2874890.0,-0.31784,-1.02819,-1.29165,-2.39125,-2.92987,-0.00586868,-0.0380893,-0.0966787,-0.148669,-0.165076,0.0100568,0.0187099,0.0253514,0.0296015,0.031514
22.64,-0.09383337,-2803950.0,-1.57086,-1.86253,-1.93055,-2.19515,-2.88816,-0.0247557,-0.0669964,-0.128901,-0.194532,-0.223256,0.00975057,0.0176591,0.0230956,0.0261695,0.0276307
22.66,0.6398714999999999,-2527740.0,-1.56319,-1.94344,-2.00276,-1.51318,-1.72199,-0.0560962,-0.105056,-0.168234,-0.231616,-0.269357,0.00894205,0.0159385,0.0201243,0.021908,0.0227046
22.68,0.6824004,-2100810.0,-1.03951,-1.93995,-1.79552,-0.96489,-0.307119,-0.0821232,-0.14389,-0.206216,-0.256396,-0.289648,0.00755985,0.0134491,0.0163798,0.0170279,0.0171145
22.7,0.5620301999999999,-1603500.0,-0.839923,-1.88713,-1.45648,-0.573584,0.539728,-0.100918,-0.182161,-0.238736,-0.271781,-0.287322,0.00572945,0.0101886,0.0119303,0.0117461,0.0113448
22.72,0.5301347999999999,-1011190.0,-0.955406,-1.50072,-1.05888,-0.17674,0.574824,-0.118871,-0.216039,-0.26389,-0.279284,-0.276177,0.00353156,0.00620657,0.00690399,0.00623549,0.00570982
22.740000000000002,0.5733879,-292647.0,-0.453502,-0.449361,-0.278171,0.488612,0.510054,-0.13296,-0.23554,-0.27726,-0.276166,-0.265328,0.00101326,0.00169078,0.00149249,0.000680992,0.000294768
22.76,0.25936611,485883.0,0.297281,0.482712,0.457977,0.758031,0.407739,-0.134522,-0.235207,-0.275462,-0.263699,-0.25615,-0.00166156,-0.00301669,-0.00403474,-0.00471766,-0.00492001
22.78,0.011345868,1226180.0,0.694574,1.00695,1.03403,0.576771,0.35363,-0.124604,-0.22031,-0.260542,-0.250351,-0.248536,-0.00425282,-0.00757186,-0.00939479,-0.00985816,-0.00996688
22.8,-0.037541712,1892370.0,0.618222,1.27244,1.36183,0.33195,0.240714,-0.111476,-0.197516,-0.236584,-0.241264,-0.242593,-0.00661361,-0.0117501,-0.014366,-0.0147743,-0.0148782
22.82,0.11133911999999999,2509570.0,0.394619,1.27923,1.21541,0.212119,-0.101801,-0.101347,-0.171999,-0.210811,-0.235823,-0.241204,-0.00874184,-0.0154453,-0.01884,-0.0195452,-0.0197161
22.84,0.5422625999999999,3089570.0,0.779204,1.42314,1.14738,0.655205,0.0562356,-0.0896089,-0.144976,-0.187183,-0.22715,-0.241659,-0.0106514,-0.018615,-0.0228199,-0.0241749,-0.0245448
22.86,0.6809264999999999,3570270.0,1.33198,1.49912,1.24486,1.26812,0.840597,-0.0684971,-0.115753,-0.163261,-0.207917,-0.232691,-0.0122325,-0.0212223,-0.0263244,-0.0285256,-0.0292883
22.88,0.5805891,3856620.0,1.7689,1.81285,1.81119,2.0803,2.26871,-0.0374883,-0.0826335,-0.1327,-0.174433,-0.201598,-0.0132923,-0.0232062,-0.029284,-0.0323491,-0.0336312
22.900000000000002,0.08475332999999999,3921850.0,1.41058,1.93349,2.19061,2.58363,3.24958,-0.00569348,-0.0451701,-0.0926823,-0.127793,-0.146415,-0.0137241,-0.0244842,-0.0315378,-0.0353713,-0.0371113
22.92,-0.13371128999999998,3886090.0,-0.118671,1.0218,1.50582,2.10053,2.67883,0.00722559,-0.0156172,-0.055718,-0.0809517,-0.0871312,-0.0137088,-0.0250921,-0.0330218,-0.0374588,-0.0394468
22.94,0.7439829,3858170.0,0.418995,1.59507,2.46123,3.23503,3.39553,0.0102288,0.0105515,-0.0160474,-0.0275961,-0.0263876,-0.0135343,-0.0251428,-0.0337395,-0.0385443,-0.040582
22.96,-0.032183856,3769110.0,0.741565,1.41242,2.79805,3.51347,3.46363,0.0218344,0.0406263,0.0365454,0.0398888,0.042204,-0.0132136,-0.024631,-0.0335345,-0.0384213,-0.0404238
22.98,-0.24347756999999998,3580310.0,0.405554,0.834613,2.45639,2.94258,3.0523,0.0333056,0.0630966,0.0890899,0.104449,0.107363,-0.0126622,-0.0235937,-0.0322781,-0.036978,-0.0389281
23.0,0.06913968,3385030.0,-0.0708,0.606175,1.81413,2.20205,2.53489,0.0366532,0.0775045,0.131795,0.155896,0.163235,-0.0119626,-0.0221877,-0.0300693,-0.0343745,-0.0362221
23.02,0.40641696,3189050.0,0.820543,1.58419,1.94772,2.45317,2.79657,0.0441506,0.0994081,0.169414,0.202448,0.21655,-0.0111546,-0.0204186,-0.0270572,-0.0307911,-0.0324243
23.04,-0.27013373999999996,2858600.0,1.69621,2.20392,1.91904,2.45502,2.66463,0.0693181,0.137289,0.208081,0.25153,0.271162,-0.0100199,-0.0180516,-0.0232823,-0.0262513,-0.0275472
23.06,-0.7761740999999999,2379180.0,0.487073,0.909504,0.516664,0.711764,0.811098,0.0911509,0.168423,0.232438,0.283197,0.305919,-0.00841523,-0.0149945,-0.0188771,-0.020904,-0.0217764
23.080000000000002,0.3370018799999999,1899850.0,-0.334409,0.0674235,-0.111764,-0.475966,-0.503162,0.0926775,0.178193,0.236487,0.285555,0.308999,-0.00657694,-0.0115284,-0.0141878,-0.0152165,-0.0156272
23.1,0.8872112999999999,1416980.0,0.673233,0.595725,0.566856,-0.149702,-0.430135,0.0960658,0.184824,0.241038,0.279299,0.299666,-0.00468951,-0.00789818,-0.00941256,-0.00956797,-0.00954054
23.12,0.08408166,731816.0,2.20716,1.77543,1.69351,1.02254,0.49269,0.12487,0.208536,0.263642,0.288027,0.300291,-0.00248016,-0.00396459,-0.00436576,-0.00389471,-0.00354097
23.14,-1.3905608999999999,-167793.0,0.423656,0.685496,0.436707,0.0157057,-0.470442,0.151178,0.233145,0.284944,0.29841,0.300514,0.000280319,0.000452222,0.00112009,0.00196966,0.00246708
23.16,-0.6324713999999999,-991771.0,-1.80565,-0.720937,-1.07385,-1.27917,-1.39023,0.137358,0.232791,0.278572,0.285775,0.281907,0.00316568,0.00511158,0.00675525,0.00781151,0.00829128
23.18,0.40454373,-1580830.0,-1.42668,-1.09324,-1.29641,-1.32172,-1.05826,0.105035,0.214649,0.25487,0.259766,0.257422,0.0055896,0.00958597,0.0120897,0.0132669,0.0136846
23.2,0.24647330999999997,-2132940.0,0.817247,-0.523036,-0.334458,-0.111483,0.212619,0.0989402,0.198486,0.238561,0.245434,0.248966,0.00762935,0.0137173,0.017024,0.0183189,0.0187484
23.22,-1.0515027,-2852630.0,1.08966,-0.47322,-0.0435292,0.45075,0.597845,0.118009,0.188523,0.234781,0.248827,0.25707,0.00979884,0.0175874,0.0217574,0.0232615,0.0238088
23.240000000000002,-1.6872432,-3592930.0,-1.67949,-1.78428,-1.63822,-1.03389,-0.982163,0.112111,0.165949,0.217964,0.242995,0.253227,0.0121,0.0211321,0.0262849,0.0281798,0.0289118
23.26,-0.43301702999999997,-4035820.0,-3.07363,-2.45761,-2.84803,-2.41595,-2.25499,0.0645797,0.12353,0.173101,0.208497,0.220855,0.013867,0.0240269,0.0301955,0.0326947,0.0336526
23.28,0.5068650299999999,-4114160.0,-2.31414,-2.97766,-3.48032,-3.45036,-3.19449,0.010702,0.0691769,0.109818,0.149834,0.166361,0.0146198,0.025954,0.0330247,0.036278,0.0375248
23.3,1.0205151,-4013100.0,-0.954589,-3.21134,-3.35223,-3.7663,-3.69081,-0.0219852,0.00728692,0.0414924,0.0776672,0.0975077,0.0145069,0.0267186,0.0345378,0.038553,0.0401634
23.32,0.9369311999999999,-3906340.0,-0.0609599,-2.29514,-2.42977,-3.11121,-3.44902,-0.0321407,-0.0477779,-0.0163276,0.00889206,0.0261095,0.0139657,0.0263137,0.0347895,0.0394186,0.0413996
23.34,0.08685401999999999,-3832880.0,0.216467,-0.622864,-1.64851,-2.33948,-2.98445,-0.0305857,-0.0769579,-0.0571103,-0.0456149,-0.0382252,0.0133384,0.0250664,0.0340551,0.0390514,0.0412785
23.36,-0.7502253,-3754750.0,0.689898,1.17429,-0.909504,-1.53741,-2.09587,-0.021522,-0.0714437,-0.0826905,-0.0843838,-0.0890284,0.0128173,0.0235823,0.0326571,0.0377514,0.0400059
23.38,-1.5986766,-3622730.0,-0.457369,0.393058,-1.65944,-2.43067,-2.61614,-0.0191967,-0.0557702,-0.10838,-0.124065,-0.136148,0.0124101,0.0223102,0.0307464,0.0356669,0.0377541
23.400000000000002,-0.6906318,-3373590.0,-1.56229,-1.39675,-2.11143,-3.18171,-3.16206,-0.0393933,-0.0658071,-0.146089,-0.180188,-0.19393,0.0118242,0.0210944,0.0282017,0.0326244,0.0344534
23.42,0.36354126,-3020360.0,-0.988358,-2.02243,-1.23313,-2.27339,-2.51404,-0.0648997,-0.0999989,-0.179534,-0.234739,-0.250691,0.0107813,0.0194364,0.0249455,0.0284751,0.0300071
23.44,0.21704784,-2673210.0,0.316593,-1.26185,-0.038824,-0.346739,-0.984273,-0.0716174,-0.132842,-0.192254,-0.260941,-0.285675,0.00941615,0.017108,0.0212276,0.0235183,0.0246435
23.46,-0.6636018,-2375760.0,0.394798,-0.316742,0.170238,0.966705,0.510978,-0.0645035,-0.148628,-0.19094,-0.254741,-0.290408,0.00805494,0.0142933,0.0173956,0.0183615,0.0188827
23.48,-1.1298641999999999,-2008990.0,-1.288,-0.649234,-1.09993,0.358506,0.871681,-0.0734355,-0.158287,-0.200237,-0.241489,-0.276581,0.00667555,0.0112241,0.0134839,0.0133992,0.0132128
23.5,-0.2136339,-1432050.0,-1.79778,-0.997651,-1.59473,-0.348114,1.12177,-0.104293,-0.174756,-0.227183,-0.241385,-0.256646,0.00489826,0.00789368,0.00920968,0.00857044,0.0078805
23.52,0.43776920999999996,-661717.0,-1.17767,-1.548,-1.39322,-0.851232,0.489452,-0.134048,-0.200213,-0.257063,-0.253378,-0.240534,0.00251485,0.00414399,0.00436722,0.00362281,0.00290869
23.54,1.0094684999999999,203879.0,-0.624905,-2.00026,-1.01526,-1.01342,-0.94668,-0.152074,-0.235695,-0.281148,-0.272025,-0.245107,-0.000346361,-0.000215096,-0.00101489,-0.00163122,-0.00194772
23.56,1.5651033,1050460.0,0.985259,-0.15256,0.801819,0.611186,-0.547077,-0.14847,-0.257224,-0.283282,-0.276047,-0.260044,-0.0033518,-0.00514429,-0.00665918,-0.00711194,-0.00699922
23.580000000000002,0.31287479999999995,1736270.0,1.81732,1.93319,1.87535,1.53102,0.36482,-0.120444,-0.239417,-0.25651,-0.254625,-0.261867,-0.00604094,-0.0101107,-0.0120571,-0.0124187,-0.0122183
23.6,-0.6695994,2250540.0,1.38135,2.9632,1.77419,1.10444,0.96337,-0.0884575,-0.190453,-0.220015,-0.228271,-0.248585,-0.00812996,-0.0144094,-0.0168224,-0.0172476,-0.0173228
23.62,-0.6133565999999999,2733570.0,0.169912,2.41635,1.01889,0.0652367,0.695972,-0.0729449,-0.136658,-0.192084,-0.216574,-0.231991,-0.00974398,-0.0176805,-0.0209434,-0.0216961,-0.0221286
23.64,0.34406588999999993,3225750.0,0.524466,1.90428,1.45798,0.598625,0.887144,-0.0660011,-0.0934516,-0.167315,-0.209935,-0.21616,-0.0111334,-0.0199816,-0.0245374,-0.0259612,-0.0266101
23.66,0.41176073999999996,3591320.0,1.33174,1.06165,1.94368,1.60031,0.95973,-0.0474391,-0.0637923,-0.133299,-0.187946,-0.197691,-0.0122678,-0.021554,-0.0275435,-0.02994,-0.0307486
23.68,0.4418181,3752950.0,1.32358,0.423218,1.93727,2.27594,1.34518,-0.0208859,-0.0489436,-0.0944893,-0.149183,-0.174642,-0.0129511,-0.0226814,-0.0298214,-0.0333113,-0.034472
23.7,0.6105107999999999,3727620.0,1.76652,1.85797,2.93601,3.8485,3.75929,0.0100151,-0.0261317,-0.0457565,-0.0879388,-0.123598,-0.0130598,-0.0234322,-0.0312238,-0.0356825,-0.0374544
23.72,-0.6809417999999999,3531550.0,0.754812,2.27036,2.51583,3.75134,4.87992,0.0352284,0.0151515,0.00876187,-0.0119403,-0.0372057,-0.0126074,-0.023542,-0.0315938,-0.0366813,-0.0390624
23.740000000000002,-0.7130717999999999,3284880.0,-0.320844,1.73195,1.78682,3.03405,4.61179,0.0395681,0.0551746,0.0517884,0.0559136,0.0577114,-0.0118594,-0.0228387,-0.0309883,-0.0362415,-0.0388573
23.76,-0.14814581999999998,3126690.0,-0.448765,0.927848,1.76399,2.71819,3.6136,0.031872,0.0817727,0.0872966,0.113436,0.139965,-0.011145,-0.0214692,-0.0295974,-0.034548,-0.0368806
23.78,0.1448553,3003040.0,0.586672,0.697287,2.53067,3.03488,2.80587,0.0332511,0.098024,0.130243,0.170967,0.20416,-0.0104938,-0.0196713,-0.027422,-0.031704,-0.0334393
23.8,-0.25755407999999996,2777530.0,0.877807,0.292662,2.238,2.38302,1.57667,0.0478958,0.107923,0.17793,0.225146,0.247985,-0.0096823,-0.0176118,-0.0243403,-0.0277429,-0.0289179
23.82,-0.023804198999999998,2420440.0,1.12571,1.07424,1.90769,1.91589,1.44967,0.0679311,0.121592,0.219387,0.268135,0.278249,-0.00852403,-0.0153166,-0.0203671,-0.0228101,-0.0236555
23.84,-0.36158439,1953510.0,0.944333,1.97413,1.25366,1.22798,1.52581,0.0886315,0.152076,0.251,0.299573,0.308004,-0.0069584,-0.0125799,-0.0156633,-0.017133,-0.017793
23.86,-0.6411260999999999,1381880.0,0.900839,2.34559,0.803775,0.63216,1.29714,0.107083,0.195273,0.271575,0.318175,0.336233,-0.00500126,-0.00910644,-0.0104375,-0.0109555,-0.0113506
23.88,-0.8402454,718959.0,0.868053,1.73247,0.595941,0.130377,0.382455,0.124772,0.236054,0.285572,0.3258,0.353029,-0.0026827,-0.00479317,-0.00486603,-0.00451578,-0.00445802
23.900000000000002,-0.7665452999999999,-31803.8,0.995884,0.942854,0.876097,0.169121,-0.393841,0.143412,0.262807,0.300292,0.328795,0.352915,-8.65206e-07,0.000195442,0.000992608,0.00203018,0.00260142
23.92,-0.9405317999999999,-888379.0,0.590407,0.0337636,0.711935,0.0376357,-0.976413,0.159274,0.272573,0.316173,0.330863,0.339213,0.00302599,0.00554925,0.00715726,0.00862676,0.0095227
23.94,-0.8985078,-1814890.0,-0.416326,-0.839469,-0.228259,-0.570433,-1.23591,0.161015,0.264516,0.321009,0.325535,0.317089,0.00622889,0.0109201,0.0135291,0.0151907,0.0160857
23.96,-0.5200775999999999,-2684280.0,-1.54698,-1.6081,-1.55394,-1.42916,-1.23934,0.141382,0.240041,0.303187,0.305539,0.292337,0.00925287,0.0159657,0.019771,0.0215015,0.02218
23.98,-0.005533908,-3385850.0,-1.69925,-1.83432,-2.19246,-1.66414,-0.835386,0.10892,0.205616,0.265724,0.274606,0.27159,0.0117559,0.0204223,0.0254602,0.0273029,0.0278192
24.0,-0.07034939999999999,-3932960.0,-0.849065,-1.61913,-1.96394,-1.22647,-0.436365,0.0834368,0.171082,0.224159,0.2457,0.258872,0.0136795,0.0241893,0.030359,0.032506,0.0331239
24.02,-0.6898820999999999,-4396810.0,-0.391815,-1.68618,-1.83108,-1.15136,-0.890202,0.071028,0.138029,0.186209,0.221921,0.245606,0.0152241,0.0272804,0.0344627,0.0371822,0.0381686
24.04,-0.9478553999999999,-4785060.0,-0.665037,-1.80664,-1.93608,-1.60428,-1.81117,0.0604595,0.103101,0.148538,0.194365,0.218593,0.016539,0.0296917,0.0378101,0.0413451,0.0428106
24.060000000000002,-0.8628741,-5051110.0,-1.39816,-2.03391,-2.40257,-2.63054,-2.93063,0.0398276,0.0646953,0.105151,0.152017,0.171175,0.0175419,0.0313696,0.040347,0.0448089,0.0467083
24.080000000000002,-0.40885731000000003,-5201330.0,-0.779628,-1.1665,-1.79468,-2.58533,-2.78145,0.0180497,0.0326913,0.0631786,0.0998583,0.114054,0.0181206,0.0323435,0.0420303,0.0473276,0.0495606
24.1,-1.0206579,-5266580.0,-1.15155,-1.56453,-2.28557,-3.393,-3.63662,-0.00126204,0.00538101,0.0223762,0.0400749,0.049873,0.0182885,0.0327242,0.0428859,0.048727,0.0511999
24.12,-0.5000422499999999,-5197450.0,-1.09631,-1.60002,-2.32196,-3.37753,-3.87153,-0.0237406,-0.0262645,-0.0236991,-0.0276304,-0.0252085,0.0180385,0.0325154,0.0428726,0.0488514,0.0514465
24.14,-0.42904106999999997,-5006440.0,-0.10759,-0.842249,-1.63305,-2.35941,-2.99964,-0.0357796,-0.0506871,-0.0632492,-0.0849999,-0.0939202,0.0174433,0.0317459,0.0420032,0.0477251,0.0502552
24.16,-1.1392584,-4797220.0,-0.052252,-1.02968,-1.93905,-2.28209,-2.69048,-0.037378,-0.0694065,-0.0989703,-0.131415,-0.150821,0.0167117,0.0305449,0.040381,0.045561,0.0478078
24.18,-0.8818868999999999,-4575470.0,-0.465053,-1.31004,-2.20911,-2.29011,-2.20996,-0.042551,-0.0928037,-0.140452,-0.177137,-0.199826,0.0159124,0.0289228,0.0379867,0.0424754,0.0443013
24.2,-0.5560428,-4221940.0,-2.23523,-2.79394,-3.43238,-3.39202,-2.9843,-0.0695538,-0.133843,-0.196867,-0.233958,-0.251768,0.0147914,0.0266564,0.0346136,0.0383645,0.0397854
24.22,0.9521853,-3601650.0,-2.855,-3.70327,-3.89823,-3.79519,-3.48667,-0.120456,-0.198815,-0.270173,-0.30583,-0.316478,0.0128913,0.0233298,0.0299432,0.0329666,0.0341029
24.240000000000002,1.9267340999999998,-2721520.0,-1.7337,-3.39082,-3.20506,-3.04746,-3.09439,-0.166343,-0.269756,-0.341206,-0.374257,-0.382289,0.0100233,0.0186441,0.0238294,0.0261657,0.0271152
24.26,1.8209601,-1704150.0,-0.812277,-2.73518,-2.54641,-2.37751,-2.62956,-0.191803,-0.331016,-0.39872,-0.428506,-0.439528,0.00644181,0.0126363,0.0164301,0.0181381,0.0188971
24.28,1.6846676999999999,-586263.0,-1.01391,-2.13147,-2.44509,-2.3683,-2.48373,-0.210065,-0.379683,-0.448635,-0.475965,-0.490661,0.00242313,0.00552935,0.00795656,0.00909339,0.00959518
24.3,2.0303712,691254.0,-1.25133,-1.37465,-2.37853,-2.51265,-2.3676,-0.232717,-0.414744,-0.496872,-0.524774,-0.539174,-0.00200469,-0.00241492,-0.00149852,-0.000914003,-0.000703168
24.32,2.4684969,2106890.0,-0.235997,-0.160478,-1.44169,-1.86942,-1.70591,-0.24759,-0.430095,-0.535074,-0.568595,-0.579909,-0.00680776,-0.0108633,-0.011818,-0.0118477,-0.011894
24.34,2.2545314999999997,3503870.0,1.13002,0.934719,0.0663945,-0.656453,-0.826222,-0.23865,-0.422353,-0.548827,-0.593854,-0.605231,-0.0116702,-0.0193878,-0.022657,-0.0234722,-0.0237454
24.36,1.7177259,4704430.0,2.40059,2.47722,2.32904,1.44831,0.855143,-0.203344,-0.388233,-0.524873,-0.585935,-0.604941,-0.0160901,-0.0274937,-0.033394,-0.0352701,-0.0358471
24.38,0.4972908,5591840.0,3.15437,4.33573,4.64663,3.8942,3.16724,-0.147794,-0.320104,-0.455116,-0.53251,-0.564718,-0.0196015,-0.034577,-0.0431939,-0.0464545,-0.0475437
24.400000000000002,-0.9807861,6191500.0,2.03438,4.47976,4.96341,4.65453,4.24421,-0.0959068,-0.231949,-0.359016,-0.447023,-0.490603,-0.0220385,-0.0400976,-0.0513352,-0.0562498,-0.0580969
24.42,-0.7877612999999999,6673810.0,0.629668,3.50873,4.3835,4.68971,4.86633,-0.0692664,-0.152064,-0.265546,-0.35358,-0.399498,-0.0236902,-0.0439377,-0.0575808,-0.0642559,-0.0669979
24.44,0.07978694999999998,7127750.0,0.455123,2.46842,4.21239,5.13137,5.80511,-0.0584185,-0.0922926,-0.179587,-0.25537,-0.292783,-0.0249671,-0.0463813,-0.0620321,-0.0703454,-0.0739207
24.46,0.47017563,7446650.0,1.46733,2.0903,4.68766,6.17089,7.01488,-0.0391939,-0.0467054,-0.0905868,-0.142347,-0.164583,-0.0259432,-0.0477712,-0.0647339,-0.0743225,-0.0784944
24.48,0.11780592,7525760.0,1.89252,2.06898,4.72476,6.71774,7.49001,-0.00559542,-0.00511263,0.00353739,-0.0134605,-0.0195345,-0.0263911,-0.0482894,-0.0656044,-0.0758806,-0.0803356
24.5,-0.06594759,7412310.0,1.49578,2.52467,4.2992,6.55487,7.30168,0.0282876,0.0408239,0.093777,0.119266,0.128382,-0.0261642,-0.0479323,-0.0646312,-0.0748226,-0.0792471
24.52,-0.092769,7158120.0,1.75849,3.74376,4.44318,6.37332,7.25166,0.0608303,0.103508,0.181201,0.248547,0.273916,-0.025273,-0.046489,-0.0618814,-0.0711444,-0.0752241
24.54,-0.7424579999999998,6703410.0,2.05125,4.16423,4.4669,5.389,6.26136,0.0989277,0.182588,0.270302,0.366171,0.409046,-0.0236754,-0.043628,-0.0573664,-0.0649973,-0.0683945
24.560000000000002,-1.0055619,6011650.0,1.91535,3.70094,4.36515,4.02971,4.36031,0.138594,0.26124,0.358622,0.460358,0.515263,-0.0213002,-0.0391898,-0.0510772,-0.056732,-0.0591514
24.580000000000002,-0.8759097,5075840.0,2.64223,4.22753,5.29645,4.13454,3.4794,0.184169,0.340524,0.455238,0.542,0.59366,-0.0180726,-0.0331721,-0.0429386,-0.0467084,-0.0480622
24.6,-1.9187832,3865440.0,2.13678,3.62729,4.50242,3.2785,1.91341,0.23196,0.419073,0.553227,0.616131,0.647588,-0.0139113,-0.0255761,-0.0328539,-0.0351271,-0.0356497
24.62,-1.7978163,2484700.0,0.434715,1.65759,1.83505,1.07419,-0.0403837,0.257675,0.471921,0.616601,0.659657,0.666318,-0.00901494,-0.0166662,-0.0211557,-0.0223692,-0.0225107
24.64,-0.37533806999999997,1091970.0,-0.0728991,0.424333,-0.0202828,-0.230877,-0.285036,0.261293,0.492741,0.634749,0.668091,0.663064,-0.00382527,-0.00701958,-0.00864215,-0.00909173,-0.00921685
24.66,0.037411968,-390184.0,1.2163,0.653409,0.024992,0.264349,1.14861,0.272727,0.503518,0.634796,0.668425,0.671699,0.00151492,0.002943,0.00405331,0.00427343,0.00413078
24.68,-1.2584046,-2083240.0,0.621164,-0.464469,-0.963258,-0.340034,0.600983,0.291101,0.505407,0.625413,0.667668,0.689195,0.0071532,0.0130323,0.0166554,0.0176344,0.0177397
24.7,-1.1850614999999998,-3758970.0,-2.14137,-2.87455,-3.1952,-2.33832,-2.03743,0.275899,0.472017,0.583829,0.640885,0.674831,0.0128232,0.0228065,0.0287478,0.0307199,0.03138
24.72,0.40560096,-5088050.0,-3.31897,-4.03868,-4.17603,-3.49026,-3.71772,0.221296,0.402885,0.510117,0.582599,0.617279,0.0177952,0.0315555,0.0396873,0.0429547,0.0443011
24.740000000000002,0.9145268999999999,-6084890.0,-2.50156,-4.31391,-4.23917,-4.18492,-4.38703,0.16309,0.319359,0.425965,0.505847,0.536232,0.021639,0.038778,0.0490481,0.0538392,0.0558362
24.76,0.6045183,-6910050.0,-2.01271,-4.64726,-4.60812,-5.26333,-5.23819,0.117948,0.229747,0.337492,0.411365,0.43998,0.0244494,0.044269,0.0566827,0.0630113,0.0655983
24.78,0.6161156999999999,-7558270.0,-1.72383,-3.64697,-4.29106,-5.25096,-5.33747,0.0805823,0.146805,0.2485,0.306222,0.334223,0.0264347,0.0480345,0.0625426,0.0701872,0.0733403
24.8,-0.14592731999999997,-7972580.0,-1.56226,-2.2908,-4.1037,-4.93987,-5.44188,0.0477214,0.0874271,0.164552,0.204314,0.22643,0.0277177,0.0503769,0.0666731,0.0752925,0.0789469
24.82,-0.8408981999999999,-8141840.0,-1.64402,-2.26456,-4.86165,-5.61391,-6.32193,0.0156586,0.0418735,0.0748987,0.0987758,0.108792,0.0283515,0.0516699,0.0690676,0.0783234,0.0822991
24.84,-0.4068076199999999,-8075460.0,-1.43545,-2.89881,-5.21188,-6.26725,-6.75086,-0.0151361,-0.00976017,-0.0258366,-0.0200358,-0.0219363,0.0283568,0.051991,0.0695582,0.0791108,0.0831676
24.86,0.060106559999999996,-7880400.0,-0.680841,-2.79501,-4.11321,-5.58598,-5.81687,-0.036299,-0.0666984,-0.119087,-0.138568,-0.147614,0.0278424,0.0512264,0.068109,0.0775248,0.0814721
24.88,-0.5280743999999999,-7722280.0,-0.021974,-1.86687,-2.46466,-3.87711,-4.25595,-0.0433272,-0.113317,-0.184866,-0.233199,-0.248342,0.0270461,0.0494263,0.0650694,0.0738071,0.0775126
24.900000000000002,-1.6201986,-7525050.0,-2.05937,-2.84857,-3.42466,-4.14551,-4.84462,-0.0641406,-0.160471,-0.243759,-0.313425,-0.339348,0.0259715,0.0466884,0.0607832,0.0683409,0.0716357
24.92,-0.32596701,-6988810.0,-3.06008,-3.11964,-3.83541,-3.74493,-4.29701,-0.115335,-0.220153,-0.31636,-0.39233,-0.430764,0.0241767,0.0428821,0.055182,0.0612833,0.0639346
24.94,0.28545413999999997,-6092980.0,-1.663,-2.31504,-2.68419,-2.21699,-2.01708,-0.162566,-0.2745,-0.381556,-0.451949,-0.493905,0.0213977,0.0379356,0.0482028,0.0528405,0.0546879
24.96,-0.5124582,-5115200.0,-0.268464,-1.92159,-1.61087,-1.1544,-0.278822,-0.181881,-0.316867,-0.424507,-0.485663,-0.516864,0.0179532,0.0320219,0.0401422,0.0434644,0.0445802
24.98,-0.9574892999999999,-4122910.0,-0.908149,-2.23277,-1.63488,-1.12785,-0.347549,-0.193647,-0.35841,-0.456964,-0.508485,-0.523128,0.014198,0.0252691,0.0313275,0.0335229,0.0341803
25.0,-0.19725882,-2934360.0,-1.71427,-1.7629,-1.54691,-0.816085,-0.709214,-0.219871,-0.398367,-0.488782,-0.527925,-0.533695,0.0100628,0.0177014,0.02187,0.0231588,0.023612
25.02,0.36262377,-1524090.0,-0.804636,-0.491805,-0.756976,-0.0582687,-0.366654,-0.24506,-0.420914,-0.511821,-0.536668,-0.544454,0.00541348,0.00950856,0.011864,0.0125129,0.0128306
25.04,0.18219953999999997,-76225.0,0.407618,0.11082,-0.12265,-0.031104,-0.118811,-0.24903,-0.424724,-0.520618,-0.537562,-0.549309,0.00047258,0.00105219,0.00153959,0.00177059,0.00189293
25.060000000000002,0.31598223,1264020.0,1.43054,1.18842,1.30013,0.585075,0.80511,-0.230648,-0.411731,-0.508843,-0.532022,-0.542446,-0.00432421,-0.00731236,-0.00875502,-0.00892526,-0.00902461
25.080000000000002,-0.18076746,2430940.0,1.86667,2.74367,2.87384,1.86015,1.81982,-0.197676,-0.37241,-0.467103,-0.50757,-0.516196,-0.00860745,-0.0151538,-0.0185145,-0.0193212,-0.019611
25.1,-0.9359214,3415320.0,1.6397,3.48944,3.27561,2.64416,1.9897,-0.162613,-0.310079,-0.405609,-0.462527,-0.478101,-0.0122103,-0.0219787,-0.0272416,-0.0290222,-0.029554
25.12,-0.8217884999999999,4331330.0,0.220629,2.01153,1.77274,1.66831,0.883145,-0.144009,-0.25507,-0.355125,-0.419402,-0.449373,-0.0152766,-0.0276302,-0.0348489,-0.0378414,-0.0388287
25.14,1.0186484999999998,5301090.0,-0.349875,0.430711,0.861328,0.955207,0.829664,-0.145302,-0.230647,-0.328784,-0.393167,-0.432245,-0.0181697,-0.0324873,-0.041688,-0.0459671,-0.0476449
25.16,2.3222595,6217600.0,0.918181,0.445622,1.66089,1.83956,2.48587,-0.139619,-0.221884,-0.303562,-0.365219,-0.399089,-0.0210189,-0.0370127,-0.0480115,-0.053551,-0.0559583
25.18,1.9515455999999998,6833370.0,2.78339,2.08892,3.35203,3.98271,4.74371,-0.102603,-0.196539,-0.253433,-0.306997,-0.326794,-0.0234411,-0.0411969,-0.0535814,-0.0602732,-0.0632171
25.2,0.49160634,7075210.0,3.04162,3.89595,4.44876,5.77994,6.13733,-0.0443531,-0.13669,-0.175425,-0.20937,-0.217983,-0.0249107,-0.0445292,-0.05787,-0.0654368,-0.0686649
25.22,-0.633777,7092030.0,1.78631,4.68749,4.69967,6.24416,6.43415,0.0039262,-0.0508555,-0.0839409,-0.0891292,-0.0922682,-0.0253149,-0.0464046,-0.0604637,-0.0684218,-0.0717674
25.240000000000002,-0.8851203,6991710.0,1.58012,4.95896,5.47024,6.33897,6.82092,0.0375905,0.045609,0.0177582,0.0367021,0.0402824,-0.0248998,-0.0464571,-0.0611255,-0.0689461,-0.0722872
25.26,-1.3334867999999998,6638990.0,3.3892,5.71427,7.57433,7.45707,8.05078,0.0872836,0.152341,0.148204,0.174663,0.188999,-0.023651,-0.0444776,-0.0594659,-0.0668324,-0.0699944
25.28,-2.9467748999999994,5908440.0,2.41529,4.11318,7.02969,6.60042,6.62384,0.145329,0.250616,0.294244,0.315238,0.335746,-0.0213249,-0.040448,-0.0550414,-0.0619334,-0.064747
25.3,-2.2889922,5000680.0,0.0812885,2.11428,4.85725,5.07681,4.39213,0.170294,0.31289,0.413114,0.43201,0.445905,-0.0181687,-0.0348129,-0.0479678,-0.054461,-0.0569305
25.32,-0.8056112999999999,4104590.0,0.573811,2.32848,3.87925,5.0311,4.52394,0.176845,0.357318,0.500479,0.533089,0.535066,-0.0146973,-0.0281109,-0.0388319,-0.04481,-0.0471207
25.34,-1.2210470999999998,3131920.0,0.838042,1.19871,1.53428,3.07968,3.74362,0.190964,0.39259,0.554614,0.614197,0.617742,-0.0110192,-0.0206118,-0.028281,-0.0333371,-0.0355927
25.36,-0.41980955999999997,2147180.0,-1.78697,-2.61309,-2.90282,-1.65118,0.0221033,0.181475,0.378446,0.540929,0.628482,0.655399,-0.0072948,-0.0129014,-0.0173256,-0.0209103,-0.0228613
25.38,2.8694181,1380380.0,-2.27045,-3.75994,-4.31838,-3.64144,-2.26883,0.140901,0.314716,0.468716,0.575556,0.632932,-0.00407105,-0.0059698,-0.00722911,-0.00886997,-0.00997795
25.400000000000002,3.661545,716191.0,0.0839337,-2.19764,-3.11933,-3.0392,-3.07469,0.119035,0.25514,0.394339,0.508749,0.579496,-0.00147169,-0.000271244,0.00140145,0.00197308,0.00214633
25.42,2.1467022,-95571.0,0.843035,-1.49963,-2.93986,-3.62705,-4.87801,0.128305,0.218167,0.333747,0.442087,0.499969,0.00100171,0.00446183,0.00868232,0.0114814,0.012941
25.44,1.7570775,-904838.0,-1.50303,-2.32388,-4.2191,-5.93048,-7.31272,0.121705,0.179932,0.262158,0.346511,0.378062,0.00350182,0.00844282,0.0146414,0.0193674,0.0217213
25.46,2.8966368,-1441710.0,-2.25774,-1.80545,-3.88203,-6.46463,-7.2986,0.0840975,0.138639,0.181146,0.22256,0.231949,0.00555984,0.0116285,0.0190744,0.0250581,0.0278214
25.48,2.4954096,-1834140.0,0.108988,-0.148535,-1.98954,-4.67366,-5.2495,0.06261,0.119099,0.122431,0.111177,0.106468,0.00702692,0.0142059,0.0221102,0.0283955,0.0312056
25.5,0.550698,-2408000.0,2.51749,1.29845,0.064185,-1.79184,-2.63909,0.0888747,0.130598,0.103177,0.0465222,0.0275821,0.00854176,0.0167029,0.0243663,0.0299725,0.0325461
25.52,-1.6308576,-3203820.0,1.21357,0.912295,0.329227,-0.242136,-1.18943,0.126185,0.152706,0.107111,0.0261825,-0.0107031,0.0106924,0.0195359,0.0264691,0.0306995,0.0327149
25.54,-2.1247059,-3914730.0,-2.511,-1.47618,-1.58736,-1.03289,-1.2942,0.113211,0.147067,0.0945299,0.0134322,-0.0355394,0.0130863,0.0225336,0.0284856,0.0310957,0.0322524
25.560000000000002,-0.46932494999999996,-4243030.0,-3.79336,-3.58144,-3.14754,-1.88474,-1.01096,0.0501675,0.0964905,0.047181,-0.015744,-0.058591,0.0147201,0.0249692,0.0299027,0.0310726,0.0313111
25.580000000000002,0.9172859999999999,-4218300.0,-2.39654,-4.47115,-3.1937,-1.55419,-0.0235747,-0.0117315,0.0159647,-0.0162314,-0.0501333,-0.0689364,0.0151045,0.0260938,0.0302122,0.0304138,0.0300359
25.6,0.9661797,-4040230.0,-1.70798,-4.70097,-2.84037,-1.04559,0.200369,-0.0527767,-0.0757565,-0.0765721,-0.0761311,-0.0671684,0.0144594,0.0254958,0.0292841,0.0291512,0.0286748
25.62,0.7607210999999999,-3721640.0,-2.23713,-4.01302,-2.72095,-1.04893,-0.577997,-0.0922278,-0.162896,-0.132185,-0.0970763,-0.0709447,0.0130093,0.0231093,0.0271966,0.0274191,0.0272937
25.64,0.7882254,-3138230.0,-1.44298,-1.66381,-1.98926,-0.892128,-0.920943,-0.129029,-0.219665,-0.179287,-0.116487,-0.0859341,0.0107968,0.0192837,0.0240818,0.0252835,0.0257249
25.66,0.12942882,-2337410.0,0.311811,0.635223,-1.06773,-1.094,-1.13714,-0.140341,-0.229951,-0.209857,-0.136348,-0.106515,0.00810308,0.0147876,0.0201904,0.0227551,0.0238004
25.68,-0.6108321,-1512060.0,0.613801,0.870043,-0.952332,-2.41806,-2.49572,-0.131085,-0.214898,-0.230058,-0.171469,-0.142844,0.00538883,0.0103391,0.0157912,0.0196769,0.0213068
25.7,-0.16110746999999997,-781632.0,0.702195,0.922457,-0.148219,-2.73569,-3.39822,-0.117925,-0.196973,-0.241063,-0.223006,-0.201783,0.00289874,0.00622036,0.01108,0.0157322,0.0178606
25.72,-0.07618277999999999,-160314.0,0.695784,0.875598,0.329208,-2.41126,-3.98982,-0.103945,-0.178992,-0.239254,-0.274476,-0.275663,0.000680047,0.00246071,0.00627685,0.0107574,0.0130861
25.740000000000002,0.17907783,392723.0,0.817201,0.861141,0.20038,-1.66081,-3.56993,-0.0888149,-0.161625,-0.233958,-0.315197,-0.351261,-0.00124755,-0.000945468,0.00154474,0.00486063,0.00681686
25.76,0.46831668,901227.0,0.550958,0.458969,-0.437148,-1.00995,-2.01758,-0.0751333,-0.148424,-0.236325,-0.341904,-0.407136,-0.00288703,-0.00404596,-0.00315809,-0.00171037,-0.000767108
25.78,0.8193506999999999,1310280.0,0.685094,0.485491,-0.204297,0.248461,0.873334,-0.0627728,-0.138979,-0.24274,-0.349519,-0.418579,-0.00426609,-0.00691999,-0.00794874,-0.00862461,-0.00902425
25.8,0.38322317999999994,1580250.0,0.299962,0.161853,0.129652,1.22241,2.9005,-0.0529222,-0.132506,-0.243486,-0.33481,-0.38084,-0.00542304,-0.00963484,-0.012811,-0.0154679,-0.0170184
25.82,0.30129474,1780270.0,0.362061,0.643266,1.43088,2.99955,4.38929,-0.046302,-0.124455,-0.227881,-0.292591,-0.307942,-0.00641529,-0.0122044,-0.0175247,-0.0217419,-0.0239063
25.84,-0.3808374,2035780.0,-0.885909,-0.138595,1.43758,3.27985,3.64959,-0.0515405,-0.119408,-0.199196,-0.229797,-0.227553,-0.00739371,-0.0146431,-0.0217954,-0.0269658,-0.0292612
25.86,0.28901496,2461740.0,-1.70182,-1.06073,1.11672,2.71502,2.5497,-0.0774178,-0.131401,-0.173653,-0.169848,-0.16556,-0.00868329,-0.0171512,-0.0255239,-0.0309622,-0.0331924
25.88,1.1442767999999999,3066390.0,-1.19557,-1.18081,1.08887,1.93527,2.10532,-0.106392,-0.153817,-0.151597,-0.123345,-0.11901,-0.0105214,-0.0200033,-0.0287764,-0.0338942,-0.0360381
25.900000000000002,1.4848242,3716530.0,0.429867,0.182237,1.71798,1.85731,2.47994,-0.114049,-0.163802,-0.123529,-0.0854192,-0.0731576,-0.0127258,-0.0231795,-0.0315277,-0.0359818,-0.0379597
25.92,0.8744561999999999,4279910.0,1.24893,1.62455,1.73702,1.67462,2.10061,-0.0972607,-0.145734,-0.0889786,-0.0500999,-0.0273521,-0.0148389,-0.0262749,-0.0336528,-0.037337,-0.0389648
25.94,0.5864438999999999,4771490.0,0.729077,1.86812,0.597516,0.58554,0.364561,-0.0774807,-0.110808,-0.0656332,-0.0274983,-0.00270044,-0.0165863,-0.0288403,-0.0351989,-0.038113,-0.0392654
25.96,1.4050805999999998,5273340.0,0.453427,1.33842,-0.458459,-0.790231,-1.37006,-0.0656557,-0.0787424,-0.0642426,-0.0295452,-0.0127554,-0.0180177,-0.0307358,-0.0364976,-0.0386834,-0.0394199
25.98,2.434026,5668250.0,2.37434,2.13435,0.827004,-0.285675,-0.740384,-0.037378,-0.0440147,-0.0605572,-0.0403043,-0.0338598,-0.019048,-0.0319634,-0.0377456,-0.0393819,-0.0398861
26.0,1.5139656,5621140.0,4.48549,3.93683,3.47601,1.78212,1.42368,0.0312204,0.0166971,-0.017527,-0.0253398,-0.0270269,-0.0191096,-0.0322366,-0.0385265,-0.0400384,-0.0404949
26.02,-0.6684671999999999,5016980.0,3.04057,4.08655,4.09207,2.64777,2.03079,0.106481,0.0969309,0.0581537,0.0189591,0.00751776,-0.0177326,-0.0311003,-0.0381202,-0.0401022,-0.04069
26.04,-1.0964388,4171090.0,0.561186,3.62825,3.77679,3.26947,2.47129,0.142499,0.174079,0.136842,0.0781315,0.0525385,-0.0152428,-0.0283902,-0.0361703,-0.0391313,-0.0400895
26.060000000000002,-0.9691121999999999,3375860.0,-0.0729897,2.99452,3.68599,4.13381,3.81573,0.147381,0.240307,0.21147,0.152164,0.115409,-0.012344,-0.0242463,-0.0326871,-0.0368283,-0.03841
26.080000000000002,-1.2461084999999998,2585530.0,0.59515,1.65851,3.56296,4.63354,5.29087,0.152602,0.286837,0.28396,0.239838,0.206475,-0.00934415,-0.0189749,-0.0277328,-0.0329083,-0.0351912
26.1,-1.4996753999999999,1674820.0,0.534572,0.00815905,2.95522,4.56794,5.8957,0.163899,0.303504,0.349141,0.331853,0.318341,-0.00617914,-0.0130715,-0.0214018,-0.0271914,-0.029943
26.12,-1.3760922,737464.0,-1.3152,-1.75828,0.981726,3.29082,4.54912,0.156093,0.286002,0.388511,0.41044,0.422789,-0.00297921,-0.00717644,-0.0140253,-0.0197684,-0.0225317
26.14,-0.19256937,31449.6,-2.93541,-2.96803,-1.62605,1.13626,2.01228,0.113587,0.238739,0.382067,0.454711,0.488403,-0.000282409,-0.00192902,-0.00631953,-0.0111169,-0.0134198
26.16,1.3952886,-337785.0,-2.07441,-2.77931,-2.86215,-0.609843,0.160201,0.063489,0.181266,0.337185,0.459975,0.510127,0.00148835,0.00227103,0.000872998,-0.00197006,-0.0034345
26.18,1.7880702,-499892.0,-1.37862,-3.20293,-3.93922,-3.29108,-2.50909,0.0289587,0.121444,0.269172,0.420966,0.486639,0.00241283,0.00529813,0.00693657,0.00683935,0.00653316
26.2,2.5585373999999996,-589003.0,-0.581526,-2.61219,-3.66831,-4.93421,-4.72635,0.00935725,0.0632923,0.193096,0.338713,0.414284,0.00279599,0.00714549,0.0115593,0.0144361,0.0155424
26.22,2.4341228999999998,-622881.0,-0.736671,-2.02749,-3.84657,-6.38374,-7.47778,-0.00382472,0.0168955,0.117948,0.225534,0.292243,0.00285131,0.00794736,0.0146697,0.0200786,0.0226077
26.240000000000002,2.7912401999999994,-539403.0,-0.799633,-1.46512,-4.34328,-7.29303,-9.52073,-0.0191878,-0.0180306,0.036049,0.0887659,0.122258,0.00262119,0.00793601,0.0162097,0.0232216,0.0267527
26.26,3.2421770999999997,-405759.0,1.13846,0.419945,-2.92774,-5.8788,-8.08043,-0.0157995,-0.0284824,-0.0366613,-0.0429524,-0.0537539,0.00227132,0.00747088,0.0162035,0.0236797,0.0274377
26.28,1.6945922999999998,-521630.0,3.14518,2.39055,-0.421836,-3.21098,-4.35368,0.0270369,-0.000377429,-0.070157,-0.13385,-0.178095,0.00238369,0.00718228,0.0151353,0.0219117,0.0251192
26.3,-0.7660302,-1007910.0,1.62701,1.75316,0.0316282,-2.09529,-2.25073,0.0747587,0.0410597,-0.0740591,-0.186913,-0.244139,0.00340165,0.00758911,0.0136932,0.0187041,0.0208969
26.32,-0.9627728999999999,-1548320.0,-1.16121,0.0939201,-0.452837,-1.13429,-1.08622,0.0794167,0.0595304,-0.0782712,-0.219209,-0.277508,0.0049434,0.00859501,0.0121699,0.0146429,0.0156804
26.34,-0.19876383,-1827860.0,-2.3532,-1.45496,-0.649669,0.441311,0.392856,0.0442727,0.04592,-0.0892963,-0.226138,-0.284442,0.0061803,0.00964951,0.0104942,0.0101894,0.0100609
26.36,0.18045738,-1920090.0,-0.966273,-1.85124,0.512112,2.85692,3.27673,0.011078,0.0128581,-0.0906718,-0.193156,-0.247746,0.0067338,0.0102373,0.00869453,0.00599645,0.004739
26.38,-0.848028,-2042770.0,-0.132531,-1.82638,1.54944,4.32669,5.74376,8.99782e-05,-0.0239181,-0.0700563,-0.12132,-0.157541,0.00684548,0.0101267,0.00708725,0.00285169,0.000686122
26.400000000000002,-1.7948634,-2101230.0,-2.22184,-2.51406,0.446212,3.22977,5.24702,-0.0234537,-0.0673224,-0.0500998,-0.0457553,-0.0476337,0.00661185,0.00921429,0.00588569,0.00118094,-0.00136563
26.42,-0.7592676,-1738770.0,-3.99785,-2.7983,-1.39028,1.23078,2.85637,-0.0856506,-0.120446,-0.0595404,-0.00114975,0.0334002,0.0055208,0.0073366,0.00478928,0.00071189,-0.00150797
26.44,0.8567387999999999,-880071.0,-2.11617,-1.69893,-1.61961,0.279736,0.949077,-0.146791,-0.165418,-0.0896393,0.0139554,0.0714547,0.00319639,0.00447796,0.00329749,0.000839947,-0.000459416
26.46,1.0015431,90423.1,1.37873,-0.113485,-0.404407,-0.140957,-0.258652,-0.154165,-0.183543,-0.109879,0.0153432,0.0783589,0.000186824,0.000988348,0.0013023,0.00113293,0.00103872
26.48,0.11359535999999999,845834.0,1.61417,-0.0203233,-0.530597,-2.25695,-2.89483,-0.124236,-0.184881,-0.119229,-0.00863581,0.0468241,-0.0025972,-0.00269588,-0.000988788,0.00120001,0.00229055
26.5,0.8237519999999999,1472440.0,0.376942,0.481504,-1.10806,-4.06385,-5.28631,-0.104325,-0.180269,-0.135616,-0.0718438,-0.0349873,-0.00488281,-0.00634738,-0.00353724,0.000395211,0.00240892
26.52,1.7635239,2139200.0,0.0762391,1.17911,-1.85057,-4.84847,-6.61173,-0.0997936,-0.163663,-0.165202,-0.160967,-0.153968,-0.006924,-0.00978669,-0.00654542,-0.0019329,0.000519367
26.54,2.4596943,2730100.0,2.09054,2.33033,-1.00317,-3.47994,-5.16901,-0.0781258,-0.128568,-0.19374,-0.244251,-0.271775,-0.0087032,-0.012709,-0.0101348,-0.00598508,-0.00373806
26.560000000000002,1.5354416999999998,3008430.0,2.38062,1.64871,-0.408833,-2.42687,-3.31207,-0.0334142,-0.0887778,-0.20786,-0.303319,-0.356586,-0.0098186,-0.0148825,-0.0141508,-0.0114608,-0.0100217
26.580000000000002,1.2652335,2973170.0,1.32901,1.00087,0.61965,-0.741315,-0.791349,0.00368201,-0.0622819,-0.205752,-0.335001,-0.39762,-0.0101159,-0.0163931,-0.0182869,-0.017844,-0.0175637
26.6,0.8400771,2860730.0,-0.723169,-0.12249,0.446409,0.468451,0.688397,0.00974039,-0.0534981,-0.195091,-0.33773,-0.39865,-0.00998169,-0.0175509,-0.0222954,-0.0245713,-0.0255264
26.62,1.4054886,2843270.0,-0.469472,0.223299,1.28214,3.05577,3.33261,-0.00218602,-0.05249,-0.177806,-0.302487,-0.35844,-0.00990615,-0.0186107,-0.0260243,-0.0309735,-0.0330973
26.64,0.5948741999999999,2785940.0,1.46442,1.76987,3.65445,6.47148,7.29045,0.00776347,-0.0325583,-0.12844,-0.207215,-0.252209,-0.00985038,-0.0194612,-0.0290868,-0.0360705,-0.0392038
26.66,-1.7681546999999997,2473650.0,1.7659,2.61361,5.50667,8.19987,9.86803,0.0400666,0.0112765,-0.0368284,-0.0605015,-0.0806243,-0.00937208,-0.019674,-0.0307395,-0.0387477,-0.0425321
26.68,-3.3373430999999996,2001960.0,0.533019,2.96289,6.18067,8.26644,10.1069,0.0630558,0.0670416,0.080045,0.104162,0.119125,-0.00834085,-0.0188909,-0.0303073,-0.0383111,-0.0421471
26.7,-3.6895796999999995,1641120.0,-0.453285,2.89102,5.57412,7.3237,8.27104,0.0638531,0.125581,0.197593,0.260063,0.302905,-0.00707176,-0.0169646,-0.0275309,-0.0346688,-0.0379268
26.72,-3.1539369,1417720.0,0.622639,2.97695,5.01717,6.50406,6.37778,0.0655467,0.18426,0.303506,0.398341,0.449393,-0.00577776,-0.0138662,-0.0225199,-0.0280848,-0.0304039
26.740000000000002,-3.1104951,1158590.0,0.217076,0.666246,2.35656,3.0597,2.70483,0.0739438,0.220692,0.377243,0.493978,0.540219,-0.00438286,-0.0098167,-0.0157125,-0.0191616,-0.0205077
26.76,-1.1095662,830372.0,-0.0817703,-0.771069,0.228417,-0.186138,-0.103974,0.0752969,0.219644,0.403093,0.522714,0.566228,-0.00289045,-0.00541333,-0.00790909,-0.00899466,-0.00944326
26.78,0.32275452,493307.0,-0.0710479,-0.960583,-1.60385,-2.62872,-2.44219,0.0737687,0.202328,0.389338,0.494565,0.540766,-0.0013998,-0.00119362,1.52218e-05,0.00117813,0.00162668
26.8,1.240881,136332.0,0.411521,-0.580491,-3.21135,-4.12309,-4.49259,0.0771734,0.186917,0.341186,0.427047,0.471418,0.000109626,0.00269883,0.00732047,0.0103943,0.0117485
26.82,1.7612951999999997,-263939.0,0.0876208,-1.20533,-4.85051,-5.73997,-6.61744,0.0821648,0.169059,0.260568,0.328417,0.360318,0.00170301,0.00625858,0.013338,0.0179489,0.0200659
26.84,2.6541368999999997,-739248.0,0.650057,-0.842895,-4.01361,-5.61763,-6.41381,0.0895416,0.148576,0.171927,0.214841,0.230006,0.00342007,0.00943493,0.017663,0.0233815,0.0259691
26.86,1.8517895999999998,-1423190.0,1.98222,0.802737,-1.14156,-3.62718,-4.2058,0.115864,0.148175,0.120375,0.122393,0.12381,0.00547413,0.0124024,0.020586,0.0267538,0.0295073
26.88,-0.43691444999999995,-2432530.0,2.51651,2.55549,1.65444,-0.780731,-1.62134,0.160852,0.181757,0.125504,0.0783134,0.0655382,0.00824129,0.0157018,0.0230448,0.0287609,0.0314008
26.900000000000002,-2.7786380999999998,-3602860.0,-0.165564,1.56504,1.41185,0.151255,-1.07026,0.184361,0.222962,0.156167,0.0720186,0.0386222,0.0116934,0.019749,0.0258615,0.0302642,0.0324424
26.92,-2.5804674,-4468170.0,-4.86325,-2.8088,-2.03204,-1.85117,-2.64112,0.134073,0.210525,0.149965,0.0550195,0.00150849,0.0148778,0.0240838,0.0289228,0.0315346,0.0328437
26.94,0.5335518,-4736990.0,-4.63525,-4.935,-2.97882,-1.77569,-1.23417,0.039088,0.133087,0.0998561,0.0187508,-0.0372444,0.0166094,0.0275199,0.031421,0.0322723,0.0324863
26.96,1.1527224,-4794800.0,1.16238,-2.11441,0.481825,2.47398,4.19275,0.00435928,0.0625926,0.0748862,0.0257336,-0.0076586,0.0170438,0.0294767,0.0331684,0.0327171,0.0320373
26.98,-2.7185397,-5212340.0,3.30863,0.384169,2.20555,5.03993,6.89329,0.0490694,0.0452903,0.10176,0.100873,0.103202,0.0175781,0.0305556,0.0349349,0.0339832,0.0329927
27.0,-5.1,-5879060.0,0.30592,1.31828,1.27836,4.46643,5.71897,0.085215,0.0623148,0.136599,0.195936,0.229324,0.018921,0.0316316,0.0373185,0.0369513,0.036318
27.02,-4.8200508,-6233520.0,-3.29516,0.463098,-0.79791,1.34435,2.08183,0.0553225,0.0801286,0.141403,0.254044,0.307332,0.0203264,0.033056,0.0400985,0.0414511,0.0416846
27.04,-2.7961005,-6013590.0,-4.31373,-2.54704,-2.98213,-3.21554,-2.85376,-0.0207664,0.0592892,0.103603,0.235332,0.299613,0.0206719,0.0344502,0.0425486,0.0463448,0.047754
27.060000000000002,0.17682414,-5422020.0,-2.1713,-4.72301,-3.19977,-5.6965,-6.2022,-0.0856168,-0.0134113,0.0417841,0.146212,0.209054,0.0196081,0.034909,0.0440024,0.0501603,0.0528407
27.080000000000002,1.4340486,-4824740.0,0.0765759,-4.36291,-2.4958,-5.59902,-7.43962,-0.106564,-0.104271,-0.0151716,0.0332565,0.0726355,0.0176863,0.0337322,0.0442686,0.0519549,0.0556576
27.1,0.9761654999999999,-4352990.0,0.230538,-2.45028,-3.33883,-5.31064,-7.75011,-0.103493,-0.172402,-0.0735178,-0.0758401,-0.0792618,0.0155857,0.0309655,0.0433817,0.0515291,0.0555913
27.12,0.8170353,-3817960.0,-0.475581,-0.544115,-5.37813,-5.93955,-7.22112,-0.105943,-0.202346,-0.160687,-0.188342,-0.228974,0.0134913,0.027218,0.0410396,0.0488873,0.052509
27.14,1.3751079,-3067270.0,-0.689309,-0.221708,-6.63875,-6.9701,-6.13023,-0.117592,-0.210005,-0.280856,-0.317438,-0.362488,0.011256,0.0230945,0.0366242,0.0438295,0.0465943
27.16,2.1188765999999997,-2211500.0,-0.730624,-1.93013,-6.158,-7.41559,-5.67041,-0.131792,-0.231523,-0.408824,-0.461295,-0.480494,0.00876215,0.0186792,0.0297274,0.0360421,0.0381645
27.18,2.8797354,-1439930.0,-0.148251,-2.9672,-3.32343,-5.33498,-5.0719,-0.14058,-0.280496,-0.503638,-0.588801,-0.587917,0.00603843,0.013559,0.0206028,0.0255412,0.0274804
27.2,2.3886716999999997,-812913.0,0.490451,-1.83335,0.233318,-1.29937,-3.44628,-0.137158,-0.328502,-0.534539,-0.655145,-0.673099,0.00326105,0.007469,0.010221,0.0131017,0.0148702
27.22,0.7817943,-273795.0,0.839206,1.01643,3.01528,2.87138,0.13794,-0.123862,-0.336671,-0.502053,-0.639424,-0.706182,0.000650849,0.000817276,-0.000144941,0.000156033,0.00107744
27.240000000000002,-1.3602158999999998,204848.0,1.36734,4.19153,5.09108,6.12629,5.60841,-0.101796,-0.284591,-0.42099,-0.549448,-0.648719,-0.00160573,-0.00539535,-0.00937537,-0.0117327,-0.0124716
27.26,-3.7287426,669043.0,-0.315581,3.61471,4.2646,5.76533,8.20796,-0.0912787,-0.206529,-0.327433,-0.430532,-0.510555,-0.00353648,-0.0103066,-0.0168596,-0.0215325,-0.0240643
27.28,-3.0888201,1306080.0,-1.58653,1.38921,3.09148,4.84875,8.1049,-0.1103,-0.15649,-0.253872,-0.324391,-0.347426,-0.00555227,-0.0139367,-0.0226726,-0.0290817,-0.0326441
27.3,-1.4612315999999999,2158500.0,-0.167419,0.399277,3.47254,5.77767,7.20354,-0.127839,-0.138605,-0.188232,-0.218126,-0.194342,-0.00793366,-0.0168877,-0.0270937,-0.0345069,-0.0380618
27.32,-1.1282016,2980490.0,1.21107,-0.338094,3.14265,5.89216,5.19653,-0.117403,-0.137993,-0.12208,-0.101428,-0.0703412,-0.0103861,-0.0196537,-0.0301968,-0.0377024,-0.0407086
27.34,-0.48498705,3630950.0,0.618112,-0.963557,1.37072,3.6646,2.89958,-0.099111,-0.15101,-0.0769461,-0.00586058,0.0106199,-0.0125512,-0.0225437,-0.0321871,-0.0387753,-0.0413059
27.36,1.0124979,4128980.0,1.61855,1.91705,2.0365,2.90259,3.75098,-0.0767444,-0.141475,-0.0428739,0.0598113,0.0771255,-0.0143098,-0.0254685,-0.0333853,-0.0382358,-0.0404284
27.38,-0.15563364,4324350.0,3.79676,6.15437,4.31083,3.58257,5.30181,-0.0225913,-0.0607606,0.0205994,0.124663,0.167653,-0.0153031,-0.0274909,-0.033608,-0.0363911,-0.0379806
27.400000000000002,-2.6663666999999998,4146460.0,2.45184,5.87489,3.58641,1.82663,2.22863,0.0398946,0.0595321,0.0995718,0.178755,0.242958,-0.0151301,-0.0275032,-0.0324063,-0.0333569,-0.0338745
27.42,-1.6624979999999998,3911320.0,-0.130733,2.78876,1.74001,-0.475276,-2.39201,0.0631057,0.146169,0.152836,0.192269,0.241324,-0.0141001,-0.0254462,-0.0298822,-0.0296466,-0.0290317
27.44,0.7885518,3752680.0,1.09797,1.67282,2.38772,0.0704793,-2.86577,0.072778,0.190784,0.194113,0.188221,0.188746,-0.0127413,-0.0220766,-0.0264127,-0.0258418,-0.024731
27.46,0.48998862,3251410.0,4.08423,2.29951,3.75185,1.8958,0.0929711,0.1246,0.230508,0.255509,0.207883,0.161018,-0.0107675,-0.0178637,-0.0219165,-0.0218807,-0.0212333
27.48,-1.3518468000000001,2187980.0,1.97055,0.764458,1.33038,0.841872,1.13331,0.185148,0.261147,0.306331,0.23526,0.173281,-0.00767,-0.0129472,-0.0162981,-0.0174493,-0.0178903
27.5,-0.25868831999999997,1067470.0,-2.92589,-1.48334,-2.44987,-1.04215,0.659605,0.175594,0.253959,0.295136,0.233257,0.19121,-0.00406257,-0.00779611,-0.0102834,-0.0127641,-0.0142454
27.52,2.016336,370501.0,-3.27536,-1.58955,-2.9611,-0.268244,1.60237,0.113582,0.22323,0.241026,0.220154,0.21383,-0.00117081,-0.00302422,-0.0049218,-0.00822999,-0.010195
27.54,1.7214998999999997,-97000.3,0.101663,-1.26846,-1.16379,1.36858,2.63865,0.0818449,0.19465,0.199778,0.231157,0.25624,0.000783458,0.00115457,-0.000513762,-0.00371688,-0.00549432
27.560000000000002,0.15471258,-728610.0,1.98546,-1.16794,0.94282,2.23178,2.70499,0.102716,0.170286,0.197568,0.26716,0.309677,0.00262907,0.00480392,0.00345969,0.00126629,0.000164845
27.580000000000002,-1.2020495999999998,-1524140.0,-0.197108,-1.14142,1.35037,1.43329,1.18984,0.1206,0.147192,0.2205,0.303811,0.348625,0.00486223,0.0079787,0.00764037,0.00697601,0.00674786
27.6,-1.2340316999999998,-2182080.0,-2.49973,-0.394026,0.453097,0.00552728,-0.651164,0.0936313,0.131838,0.238534,0.318199,0.354011,0.00700454,0.010769,0.0122307,0.0131961,0.0137742
27.62,-0.7500977999999999,-2514650.0,-2.00318,0.273341,-0.682187,-1.31974,-1.88769,0.0486022,0.130631,0.236243,0.305057,0.328623,0.00842687,0.0133937,0.0169785,0.0194287,0.0206006
27.64,-0.42393749999999997,-2649000.0,0.366496,0.547377,-0.670889,-1.67226,-1.84374,0.0322353,0.138838,0.222713,0.275137,0.291309,0.00923525,0.0160884,0.021568,0.0252306,0.0267999
27.66,-1.0019867999999998,-2830680.0,0.801043,-0.66833,-1.1831,-2.52699,-2.5702,0.0439107,0.137628,0.204173,0.233145,0.247169,0.00999671,0.018853,0.0258369,0.0303134,0.0321847
27.68,-0.6948392999999999,-3099500.0,-0.139386,-1.87792,-2.44156,-3.51131,-3.94247,0.0505273,0.112166,0.167926,0.172762,0.182043,0.0109411,0.021351,0.0295579,0.0343725,0.0364768
27.7,0.29957144999999996,-3347350.0,-0.106771,-1.52991,-3.19184,-3.42992,-4.21013,0.0480657,0.0780875,0.111592,0.103349,0.100517,0.011927,0.0232535,0.0323531,0.0371336,0.0393024
27.72,0.48058473,-3598320.0,0.382615,-0.692658,-3.06936,-2.80596,-3.20158,0.0508242,0.0558618,0.0489804,0.0409905,0.0263995,0.0129159,0.024593,0.0339588,0.038577,0.0405715
27.740000000000002,-0.11647532999999999,-3936390.0,-0.473187,-1.06591,-2.71317,-2.86598,-2.3997,0.0499184,0.0382761,-0.00884498,-0.0157289,-0.0296133,0.0139233,0.0255344,0.0343602,0.0388296,0.0405394
27.76,-0.27309173999999997,-4250200.0,-1.91791,-2.00375,-2.11269,-3.00771,-2.30324,0.0260075,0.00757955,-0.0571036,-0.0744658,-0.0766427,0.0146826,0.0259929,0.0337007,0.0379277,0.0394768
27.78,-0.043792986,-4305750.0,-2.39197,-2.44994,-1.50706,-2.41293,-2.58541,-0.0170913,-0.0369573,-0.0933011,-0.128672,-0.125529,0.0147718,0.0256991,0.0321966,0.0358963,0.0374551
27.8,0.11365605,-4009570.0,-2.14292,-2.82814,-1.76461,-1.8119,-2.96821,-0.0624401,-0.089738,-0.126018,-0.170921,-0.181065,0.0139765,0.0244322,0.0300034,0.0329004,0.0343892
27.82,0.5128508999999999,-3468670.0,-1.41359,-2.84986,-2.20694,-1.42946,-2.29192,-0.0980052,-0.146518,-0.165733,-0.203334,-0.233667,0.012372,0.0220696,0.0270859,0.0291578,0.0302418
27.84,0.6169011,-2768230.0,-2.30363,-3.96106,-3.96617,-3.08754,-2.46472,-0.135177,-0.214627,-0.227464,-0.248504,-0.281233,0.0100402,0.0184582,0.023154,0.0246394,0.0250928
27.86,2.0971506,-1857620.0,-1.77698,-3.14721,-3.97545,-3.42309,-1.73968,-0.175983,-0.28571,-0.30688,-0.313611,-0.323277,0.00692856,0.0134548,0.0178105,0.0190183,0.0190477
27.88,2.2081418999999998,-812998.0,0.547387,-0.457629,-1.99294,-1.64924,-0.524398,-0.188279,-0.321758,-0.366564,-0.364334,-0.345918,0.00328594,0.00738013,0.0110761,0.0122388,0.0123558
27.900000000000002,0.6913866,137584.0,1.72422,1.22943,-0.372113,-0.27964,-0.679639,-0.165563,-0.31404,-0.390215,-0.383623,-0.357958,-0.000252489,0.00102215,0.00350826,0.00475928,0.00531703
27.92,-0.14126234999999998,937765.0,0.923001,1.34165,0.434448,-0.26678,-1.59477,-0.139091,-0.288329,-0.389592,-0.389087,-0.380702,-0.00329903,-0.00500155,-0.0042898,-0.00296781,-0.00206957
27.94,0.14965388999999998,1694550.0,0.253176,1.49631,1.53097,-0.262838,-1.37173,-0.127329,-0.25995,-0.369937,-0.394383,-0.410367,-0.00596324,-0.0104843,-0.0118851,-0.0108025,-0.00998027
27.96,0.22053522,2381890.0,1.42089,2.80438,3.44506,1.28149,0.732832,-0.110589,-0.216943,-0.320177,-0.384197,-0.416756,-0.00834242,-0.0152533,-0.0187862,-0.0185883,-0.0182515
27.98,-0.9182346,2814580.0,2.89846,4.23315,5.02897,3.81589,3.42957,-0.0673951,-0.146568,-0.235437,-0.333223,-0.375132,-0.0101223,-0.0188884,-0.0243424,-0.0257625,-0.0261704
28.0,-2.388585,2947890.0,2.00366,3.79881,4.5707,5.03117,4.72712,-0.0183739,-0.0662479,-0.13944,-0.244752,-0.293565,-0.0109799,-0.0210165,-0.0280911,-0.0315423,-0.0328574
28.02,-2.2675212,2995810.0,-0.052731,2.02426,2.90789,4.66639,5.00499,0.00113532,-0.00801727,-0.064654,-0.147777,-0.196244,-0.0111523,-0.0217592,-0.0301321,-0.0354675,-0.0377555
28.04,-0.9477176999999999,3082100.0,0.59972,1.7297,3.02055,5.24161,6.57667,0.00660521,0.0295224,-0.00536962,-0.0486966,-0.0804275,-0.0110749,-0.0215441,-0.0308323,-0.0374323,-0.0405222
28.060000000000002,-1.1825523,3056830.0,1.18748,0.93393,2.79528,4.96111,6.73944,0.0244772,0.0561587,0.0527886,0.0533307,0.0527335,-0.0107641,-0.0206873,-0.0303581,-0.0373859,-0.0407991
28.080000000000002,-0.9330552,2853760.0,0.213139,-0.144528,1.99988,3.93694,5.17519,0.0384834,0.0640527,0.10074,0.142311,0.17188,-0.0101345,-0.0194852,-0.0288228,-0.0354295,-0.038553
28.1,-0.11227343999999999,2678850.0,-1.78931,-1.19079,0.555104,2.02025,2.30456,0.0227217,0.0506996,0.12629,0.201883,0.246677,-0.00952244,-0.0183377,-0.0265525,-0.0319876,-0.0343674
28.12,1.288668,2742030.0,-1.953,-1.17832,-0.373517,0.225429,-0.0428676,-0.0147015,0.0270085,0.128106,0.22434,0.269294,-0.00944224,-0.0175606,-0.0240086,-0.0277253,-0.0292077
28.14,2.0795352,2979540.0,0.171909,-0.0846282,-0.253105,-0.724761,-1.00546,-0.0325124,0.014379,0.12184,0.219347,0.258811,-0.00991438,-0.0171467,-0.0215091,-0.0232885,-0.0239267
28.16,1.7073984,3092520.0,2.64583,1.75861,0.812734,-0.506932,-0.753282,-0.00433503,0.0311188,0.127436,0.20703,0.241223,-0.0102829,-0.0166917,-0.0190164,-0.0190247,-0.0189263
28.18,0.29929553999999997,2853630.0,3.01793,3.00984,1.32989,-0.358967,-0.890171,0.0523026,0.0788034,0.148862,0.198371,0.224789,-0.00980318,-0.0155925,-0.0162534,-0.0149707,-0.0142662
28.2,-0.5614895999999999,2321590.0,1.8072,3.22519,0.979377,-0.688359,-1.6259,0.100554,0.141154,0.171955,0.187897,0.199628,-0.00827461,-0.0133929,-0.0130452,-0.011108,-0.010022
28.22,-0.45064977,1733170.0,-0.151974,1.50112,-0.503642,-1.99169,-3.01701,0.117106,0.188417,0.176712,0.161097,0.153199,-0.00609801,-0.0100972,-0.00955854,-0.00761807,-0.00649375
28.240000000000002,0.9588866999999999,1269670.0,-1.77139,-1.61399,-2.26873,-3.48171,-4.14861,0.0978725,0.187288,0.148989,0.106363,0.0815428,-0.00394823,-0.00634019,-0.00630153,-0.00494347,-0.00414634
28.26,2.7852578999999995,898012.0,-1.03606,-2.91548,-1.94503,-2.59214,-2.74072,0.0697981,0.141994,0.106851,0.0456243,0.0126495,-0.00227152,-0.00304737,-0.00374314,-0.0034236,-0.00320442
28.28,2.4730307999999996,378536.0,1.54247,-0.904372,0.614117,0.998221,1.23425,0.0748622,0.103795,0.0935418,0.0296851,-0.00241526,-0.000824917,-0.000589475,-0.00173921,-0.00267051,-0.00310207
28.3,-0.38342564999999995,-424102.0,1.94112,1.39681,2.03586,3.64803,4.18236,0.109698,0.10872,0.120042,0.0761476,0.0517509,0.00102069,0.00153567,0.000396622,-0.00161218,-0.00260872
28.32,-2.4466943999999997,-1223200.0,-1.51934,0.649074,0.192751,2.49431,3.43268,0.113916,0.129179,0.142328,0.137571,0.127901,0.00325683,0.00391466,0.00302031,0.000525007,-0.000812194
28.34,-1.198296,-1598960.0,-3.58347,-1.08345,-1.31921,0.55979,1.84882,0.0628879,0.124835,0.131063,0.168112,0.180716,0.00502487,0.00645479,0.00575422,0.00358184,0.00227398
28.36,0.28480899,-1598620.0,-1.51861,-1.73088,-0.362405,0.273841,1.32307,0.0118671,0.0966914,0.114247,0.176448,0.212435,0.00577242,0.00867005,0.00820732,0.00702744,0.0062055
28.38,-0.09225747,-1643640.0,1.1463,-1.4282,1.22167,0.81046,0.818336,0.00814393,0.0651006,0.12284,0.187291,0.233849,0.00597253,0.010288,0.0105782,0.0106648,0.0106683
28.400000000000002,-1.1214849,-1823230.0,-0.682142,-2.36036,-0.495718,-1.04245,-2.16558,0.0127855,0.027215,0.130099,0.184971,0.220377,0.00618183,0.0112111,0.0131076,0.0143875,0.0152106
28.42,0.3915066,-1776150.0,-2.72142,-2.16104,-2.90135,-3.0262,-4.26058,-0.0212501,-0.017999,0.0961285,0.144285,0.156115,0.00609718,0.0113033,0.0153698,0.01768,0.0189755
28.44,1.7961893999999998,-1410440.0,-0.414404,0.159334,-2.86362,-2.97184,-3.11167,-0.0526084,-0.038016,0.0384789,0.0843044,0.0823928,0.00535859,0.0107431,0.0167159,0.0199659,0.0213606
28.46,0.7409892,-1149040.0,2.91401,1.80498,-1.45671,-2.32631,-1.39723,-0.0276123,-0.0183729,-0.00472441,0.0313229,0.0373038,0.00455639,0.0101792,0.0170535,0.0211222,0.0225576
28.48,-0.8488083,-1281370.0,2.55216,1.3148,-0.59519,-2.32964,-1.75582,0.0270494,0.012825,-0.0252434,-0.0152367,0.00577332,0.00455076,0.0101238,0.0167538,0.0212831,0.0229883
28.5,-0.9858096,-1553900.0,-1.2,-0.854283,-1.47097,-3.30999,-4.35719,0.040571,0.0174302,-0.045905,-0.0716329,-0.0553568,0.00522696,0.0104263,0.0160423,0.0204144,0.0224925
28.52,0.8162039999999999,-1529680.0,-3.65789,-3.04332,-3.10855,-4.27984,-6.46645,-0.00800788,-0.0215459,-0.0917002,-0.147531,-0.163593,0.00555259,0.0103852,0.0146663,0.0182227,0.020303
28.54,2.9043123,-1103400.0,-2.84188,-4.22609,-3.92805,-4.35274,-5.80327,-0.0730055,-0.09424,-0.162066,-0.233857,-0.28629,0.00474246,0.0092273,0.0121286,0.0144088,0.0158042
28.560000000000002,3.6612287999999995,-610004.0,0.833514,-2.09179,-1.41878,-1.36537,-0.833201,-0.0930892,-0.157419,-0.215534,-0.291038,-0.352655,0.00308151,0.00671071,0.00835258,0.00915989,0.00941472
28.580000000000002,0.9432246,-433891.0,2.49861,0.960683,1.32984,1.96376,3.77818,-0.0597679,-0.16873,-0.216424,-0.285054,-0.323205,0.00155294,0.00344922,0.004033,0.00339896,0.00265612
28.6,-1.9285191,-453925.0,0.171582,1.81938,1.12151,2.63466,4.03312,-0.033066,-0.140929,-0.19191,-0.23907,-0.245092,0.000624602,0.00035263,-5.03376e-05,-0.00184229,-0.00302686
28.62,-1.7014416,-188030.0,-1.91295,1.2007,0.0912071,2.05878,2.29303,-0.0504797,-0.110728,-0.179783,-0.192136,-0.181831,-0.000210856,-0.00216395,-0.00376727,-0.00615434,-0.00729608
28.64,-0.33656225999999995,442285.0,-0.907637,0.277562,0.653241,1.80594,1.56312,-0.0786856,-0.0959458,-0.172339,-0.153488,-0.143269,-0.00150251,-0.00423069,-0.00728849,-0.00961059,-0.0105471
28.66,-0.038854452,1031200.0,0.518126,-1.10284,1.59726,1.12545,1.15776,-0.0825807,-0.104199,-0.149834,-0.124175,-0.11606,-0.00311517,-0.00623214,-0.0105102,-0.0123872,-0.0131404
28.68,0.14257203,1334130.0,1.15085,-0.520725,2.75422,1.46574,1.4906,-0.065891,-0.120434,-0.106319,-0.0982627,-0.0895767,-0.00459989,-0.00847847,-0.0130717,-0.0146116,-0.0151967
28.7,-0.44919576,1480830.0,0.998933,1.99136,3.09732,2.65152,2.09578,-0.0443932,-0.105728,-0.0478034,-0.0570901,-0.0537129,-0.00570273,-0.0107401,-0.014613,-0.0161651,-0.0166296
28.72,-1.3690490999999998,1612990.0,1.66667,4.69415,2.93612,3.8657,3.17925,-0.0177371,-0.0388729,0.012531,0.00808214,-0.000962522,-0.00632404,-0.0121861,-0.0149657,-0.0166552,-0.0171764
28.740000000000002,-2.4297267,1723560.0,0.892213,3.28955,0.786446,1.85451,2.1579,0.00785175,0.0409641,0.0497567,0.0652842,0.052409,-0.00642289,-0.0121652,-0.0143428,-0.0159215,-0.0166619
28.76,-0.9369464999999999,1878540.0,-1.50042,-1.39155,-2.12299,-2.30026,-0.966946,0.00176969,0.0599441,0.0363913,0.0608267,0.0643185,-0.00632668,-0.0111561,-0.0134813,-0.0146604,-0.0154947
28.78,2.4833328,2201610.0,-2.50644,-4.63689,-3.29521,-4.47459,-3.66655,-0.0382989,-0.000340226,-0.0177907,-0.00692179,0.0179836,-0.00669197,-0.0105601,-0.0132953,-0.0141214,-0.0146716
28.8,4.6433817,2636210.0,-1.29483,-4.62032,-3.06299,-3.78887,-4.7831,-0.0763116,-0.0929123,-0.0813727,-0.0895563,-0.066513,-0.00783807,-0.0114926,-0.014287,-0.0150862,-0.0151569
28.82,4.7458407,2980160.0,1.28047,-1.40409,-1.51563,-1.08607,-2.97893,-0.0764552,-0.153156,-0.127159,-0.138306,-0.144133,-0.00936574,-0.0139533,-0.0163723,-0.0173648,-0.0172634
28.84,2.618442,3087120.0,2.52544,2.37909,0.321167,1.00855,0.434183,-0.0383961,-0.143406,-0.139103,-0.139081,-0.169581,-0.0105143,-0.0169189,-0.0190349,-0.0201386,-0.0204005
28.86,0.08777099999999999,2986490.0,1.85786,4.50288,1.76932,1.4888,2.96103,0.00543691,-0.0745868,-0.118199,-0.114107,-0.135629,-0.0108438,-0.0190988,-0.0216079,-0.0226705,-0.0234526
28.88,-1.2839249999999998,2813060.0,1.02646,4.57374,2.97346,1.69142,3.35109,0.0342801,0.0161794,-0.0707707,-0.082305,-0.0725075,-0.0104467,-0.0196829,-0.0234976,-0.0246346,-0.025534
28.900000000000002,-1.5605387999999998,2601670.0,1.26215,3.47918,4.28296,3.00762,2.59924,0.0571661,0.0967086,0.00179349,-0.0353146,-0.0130042,-0.00953221,-0.018554,-0.0241874,-0.0258108,-0.0263891
28.92,-1.7453525999999997,2282480.0,0.563747,0.88214,3.98594,3.52448,1.18299,0.075425,0.140322,0.0844825,0.0300064,0.0248181,-0.0082063,-0.0161837,-0.0233246,-0.0258639,-0.026271
28.94,-0.8792399999999999,1871480.0,-0.440715,-0.962557,2.81961,3.27716,1.44921,0.0766553,0.139518,0.152538,0.0980228,0.0511401,-0.0066855,-0.0133853,-0.0209544,-0.0245836,-0.0255114
28.96,-0.10963877999999999,1432360.0,-0.0207686,-0.170088,2.19672,3.52624,4.23345,0.0720405,0.128191,0.202701,0.166057,0.107967,-0.00519854,-0.0107082,-0.017402,-0.0219428,-0.0239203
28.98,-0.7807181999999999,987841.0,-0.113294,0.51468,0.554401,2.83451,5.63655,0.0706999,0.131637,0.230213,0.229664,0.206667,-0.00377114,-0.00810996,-0.0130729,-0.0179856,-0.020774
29.0,-0.7263828,647405.0,-1.37722,-0.527604,-1.84116,1.00667,3.77558,0.0557947,0.131508,0.217345,0.268076,0.300788,-0.00250619,-0.00547851,-0.0085973,-0.0130082,-0.0156994
29.02,0.6933348,520121.0,-1.26988,-1.41576,-2.26992,-0.0648549,1.04816,0.0293237,0.112074,0.176234,0.277494,0.349025,-0.00165501,-0.00304268,-0.0046615,-0.00755251,-0.0092013
29.04,1.2909681,412413.0,1.64307,-0.0147017,0.463372,0.781167,0.177928,0.0330557,0.0977698,0.158169,0.284657,0.361286,-0.00103121,-0.000944243,-0.00131747,-0.00193099,-0.00209818
29.060000000000002,-0.5154671999999999,-16803.8,3.08901,1.54954,2.55515,0.857595,-0.603994,0.0803764,0.113118,0.188354,0.301045,0.357026,0.000103109,0.00116464,0.00214775,0.00392603,0.00508494
29.080000000000002,-1.9148102999999999,-738276.0,0.705621,1.6431,1.6862,-0.971411,-2.49741,0.118323,0.145045,0.230768,0.299907,0.326012,0.0020901,0.00374626,0.00633897,0.00993555,0.0119153
29.1,-1.2383207999999999,-1324780.0,-3.00075,-0.00928792,-1.44088,-3.86333,-5.02184,0.0953715,0.161383,0.233221,0.251559,0.250819,0.00422704,0.00681054,0.0109789,0.0154502,0.0176836
29.12,1.0497381,-1525350.0,-2.40401,-0.838241,-2.73323,-4.39834,-5.01205,0.0413239,0.152907,0.19148,0.168943,0.15048,0.005594,0.00995344,0.0152259,0.0196552,0.0216966
29.14,1.5471614999999999,-1557350.0,0.0959117,-2.03124,-3.08626,-3.93594,-4.06531,0.0182429,0.124213,0.133285,0.0855999,0.0597068,0.00618966,0.0127246,0.0184735,0.0222007,0.0237985
29.16,1.4849975999999998,-1745290.0,1.85088,-2.17109,-2.37922,-2.28639,-2.16284,0.0377108,0.0821893,0.07863,0.0233766,-0.0025748,0.0067492,0.0147887,0.0205926,0.0232904,0.0243698
29.18,0.50765451,-2197480.0,1.56968,-0.922264,-1.4739,-0.355211,-0.0785754,0.0719163,0.0512558,0.0400988,-0.00303948,-0.024989,0.00784547,0.0161231,0.0217799,0.0234938,0.0240942
29.2,-0.7886027999999999,-2746310.0,-1.11972,-0.841652,-2.32638,-0.694462,-0.0968742,0.0764159,0.0336166,0.00209605,-0.0135362,-0.0267435,0.00932879,0.0169718,0.0222019,0.023328,0.0235768
29.22,-0.1933257,-3045910.0,-3.42235,-1.9342,-3.18902,-2.11852,-1.17318,0.0309951,0.00585804,-0.0530579,-0.041666,-0.039444,0.0104029,0.0173666,0.0216923,0.022776,0.022915
29.240000000000002,1.0823015999999999,-2922880.0,-3.3292,-2.91474,-2.2319,-2.44773,-1.72783,-0.0365205,-0.0426314,-0.107267,-0.0873285,-0.0684541,0.0103476,0.0169988,0.020089,0.0214861,0.021836
29.26,1.2555383999999998,-2587650.0,-0.439266,-1.80173,0.851127,-0.230733,-0.553018,-0.0742052,-0.0897961,-0.121075,-0.114113,-0.0912626,0.00924039,0.0156746,0.0178056,0.0194717,0.0202388
29.28,-0.7347621,-2326230.0,1.22645,-0.299366,2.242,1.48745,0.106852,-0.0663334,-0.110807,-0.0901436,-0.101546,-0.0957243,0.007835,0.0136685,0.0156934,0.0173151,0.018369
29.3,-1.9768314,-2060180.0,-0.516945,-0.247658,0.00538492,0.306788,-0.921311,-0.0592384,-0.116277,-0.0676697,-0.0836036,-0.103869,0.00657929,0.0113977,0.0141153,0.0154636,0.016373
29.32,-0.6289779,-1496680.0,-2.40929,-0.939043,-3.05107,-2.14655,-1.85517,-0.0885008,-0.128144,-0.0981266,-0.102001,-0.131634,0.00510189,0.00895347,0.0124573,0.0136075,0.014018
29.34,1.3879038,-655657.0,-1.22942,-1.24053,-3.78143,-3.30709,-1.57645,-0.124888,-0.14994,-0.166452,-0.156538,-0.16595,0.00296801,0.00617263,0.00981153,0.0110221,0.0110422
29.36,1.9425440999999997,123189.0,1.10326,-1.3246,-2.50844,-2.93071,-1.48217,-0.126149,-0.175591,-0.22935,-0.218916,-0.196536,0.000457634,0.00291731,0.0058535,0.00726759,0.0074173
29.38,1.5376602,684923.0,0.890149,-1.69635,-1.602,-2.49319,-2.95476,-0.106215,-0.205801,-0.270455,-0.273155,-0.240905,-0.00186602,-0.000896612,0.000855453,0.00234689,0.00304289
29.400000000000002,1.8289161,1252310.0,-1.34978,-1.95557,-1.95027,-2.74181,-4.82287,-0.110812,-0.24232,-0.305978,-0.325505,-0.318682,-0.00403629,-0.00537782,-0.00490887,-0.0036397,-0.00255298
29.42,2.930919,1964670.0,-0.0710393,0.6785,-0.164932,-0.87629,-2.6291,-0.12502,-0.255091,-0.32713,-0.361686,-0.393201,-0.0063946,-0.0103519,-0.0112399,-0.0105116,-0.00967182
29.44,1.3597160999999998,2602020.0,1.57444,2.30029,1.24004,0.269831,0.291179,-0.109986,-0.225303,-0.316378,-0.36775,-0.416581,-0.00874466,-0.0151559,-0.017675,-0.017806,-0.0177696
29.46,0.11485608,3067940.0,0.34605,1.25011,0.950737,-0.116154,1.07548,-0.090781,-0.189799,-0.294471,-0.366214,-0.402914,-0.0107523,-0.0193069,-0.0237835,-0.0251456,-0.0259646
29.48,0.8804027999999999,3636960.0,-1.9369,-0.653544,-0.0325592,-0.398356,0.213637,-0.106689,-0.183833,-0.285289,-0.371359,-0.390023,-0.012727,-0.0230432,-0.0295811,-0.0325213,-0.0338939
29.5,2.4829196999999996,4412900.0,0.131603,0.435564,1.49057,2.39668,1.75487,-0.124742,-0.186013,-0.270709,-0.351375,-0.370338,-0.0150413,-0.0267417,-0.0351411,-0.0397487,-0.0414976
29.52,1.3166466,4986340.0,4.38281,3.27849,4.40311,6.17057,5.46371,-0.0795982,-0.148872,-0.211772,-0.265703,-0.298152,-0.0170848,-0.0300905,-0.0399659,-0.0459194,-0.0481824
29.54,-1.5927911999999997,4918290.0,5.76644,5.84153,6.89919,8.52766,9.21614,0.0218943,-0.057672,-0.0987491,-0.11872,-0.151353,-0.0176618,-0.0321559,-0.0430711,-0.0497637,-0.0526775
29.560000000000002,-4.1569538999999995,4309070.0,2.29785,6.03929,6.9336,7.88199,9.77314,0.102537,0.0611362,0.0395788,0.045376,0.0385393,-0.0164175,-0.0321213,-0.0436628,-0.0504971,-0.0538056
29.580000000000002,-4.070911799999999,3658870.0,-1.0573,4.72653,5.77431,6.3111,7.72472,0.114943,0.168794,0.166658,0.187307,0.213518,-0.0142427,-0.029822,-0.0416004,-0.0481703,-0.0512851
29.6,-2.6329922999999997,3272650.0,-1.30212,2.28276,4.40564,4.95006,4.71503,0.0913485,0.238887,0.268457,0.299919,0.337915,-0.0121798,-0.0257452,-0.0372493,-0.043298,-0.0457707
29.62,-1.0685214,2968650.0,1.08912,0.607131,4.20251,4.77286,3.54139,0.0892186,0.267786,0.354539,0.397148,0.42048,-0.0103741,-0.0206784,-0.0310193,-0.0363274,-0.0381868
29.64,-1.0732643999999998,2305350.0,3.92065,1.76139,5.36081,5.90645,5.2875,0.139316,0.291471,0.450172,0.503941,0.508769,-0.00808874,-0.0150859,-0.0229722,-0.0273165,-0.0288943
29.66,-3.1771418999999996,1044450.0,4.32778,4.28166,5.36105,6.19756,6.9766,0.2218,0.351902,0.557391,0.624981,0.63141,-0.00447758,-0.00865214,-0.0128966,-0.0160273,-0.0174925
29.68,-4.9169457,-571840.0,1.77173,5.0803,2.83338,4.16564,5.72544,0.282796,0.445522,0.639335,0.728613,0.75843,0.000568384,-0.000677902,-0.000929332,-0.00249134,-0.00359412
29.7,-4.320011099999999,-2065000.0,-1.86895,2.1241,-1.11016,0.0219582,1.22743,0.281823,0.517566,0.656567,0.770489,0.827959,0.00621457,0.00895297,0.0120297,0.0124997,0.0122698
29.72,-1.4641283999999999,-3306360.0,-1.15428,-0.435448,-1.30848,-1.58696,-1.45745,0.251591,0.534452,0.632381,0.754839,0.825659,0.0115487,0.0194731,0.0249192,0.027753,0.0288059
29.740000000000002,-1.0687202999999998,-4610930.0,0.277951,-3.02181,-0.758176,-2.68154,-3.767,0.242828,0.49988,0.611714,0.712154,0.773414,0.0164929,0.0298165,0.0373601,0.0424229,0.0447967
29.76,-0.9913379999999999,-6117690.0,-0.0817156,-3.92517,-1.23514,-3.42373,-5.31302,0.24479,0.43041,0.591781,0.651101,0.682614,0.0213691,0.0391194,0.0493951,0.0560554,0.0593569
29.78,-0.906627,-7506160.0,-3.08647,-4.26567,-4.45657,-5.27623,-6.89044,0.213108,0.348501,0.534864,0.564102,0.560579,0.0259481,0.0469085,0.0606615,0.0682074,0.0717889
29.8,0.41532869999999994,-8429890.0,-4.15706,-3.74377,-7.28473,-6.65861,-6.71053,0.140673,0.268407,0.417451,0.444753,0.42457,0.0294859,0.0530776,0.0701847,0.078296,0.0816404
29.82,0.9616049999999999,-8939790.0,-2.17131,-3.37599,-7.71245,-7.07643,-5.38054,0.0773891,0.197209,0.267479,0.307403,0.303659,0.0316665,0.0577337,0.077034,0.0858176,0.0889226
29.84,0.32282132999999996,-9335450.0,-0.0646353,-3.52827,-6.05556,-6.55679,-4.74105,0.0550296,0.128167,0.129799,0.17107,0.202443,0.0329907,0.0609875,0.0810067,0.0906023,0.0939837
29.86,-0.7501334999999999,-9754550.0,-0.227818,-3.63718,-4.17314,-5.49663,-5.64981,0.0521051,0.0565122,0.0275118,0.0505363,0.0985343,0.034062,0.0628343,0.0825798,0.0928184,0.0969934
29.88,-1.4001795,-10015600.0,-3.08745,-4.73249,-4.86736,-6.06541,-8.40548,0.0189524,-0.0271845,-0.0628932,-0.0650841,-0.0420187,0.0347726,0.0631275,0.082226,0.0926729,0.0975586
29.900000000000002,0.013426820999999999,-9813600.0,-4.86793,-5.55777,-6.32207,-7.21679,-9.64115,-0.0606014,-0.130087,-0.174787,-0.197906,-0.222485,0.0343561,0.0615548,0.0798492,0.090043,0.0949136
29.92,1.5165462,-9099020.0,-3.77792,-5.15352,-6.16928,-7.28319,-7.67847,-0.14706,-0.2372,-0.299701,-0.342906,-0.395681,0.0322795,0.057882,0.0751043,0.0846348,0.0887319
29.94,1.3591908,-8089230.0,-2.21658,-4.51557,-5.2511,-6.55008,-5.17595,-0.207005,-0.333891,-0.413905,-0.481239,-0.524225,0.0287389,0.052171,0.0679683,0.0763934,0.0795328
29.96,0.7854203999999999,-6889030.0,-1.65761,-3.83966,-4.68433,-5.21811,-4.18081,-0.245747,-0.417443,-0.513259,-0.598921,-0.617793,0.0242113,0.0446577,0.0586966,0.0655918,0.0681126
29.98,0.7311308999999999,-5424350.0,-1.17961,-2.66514,-4.2383,-3.41136,-3.92707,-0.274119,-0.482491,-0.602485,-0.685215,-0.698872,0.0190127,0.0356584,0.0475392,0.0527504,0.054946
30.0,0.7630160999999999,-3675320.0,-1.56223,-2.87256,-4.81801,-3.50998,-4.52703,-0.301538,-0.537868,-0.693048,-0.754429,-0.783413,0.0132561,0.0254548,0.0345839,0.038354,0.0401231
30.02,2.0637558,-1800100.0,-0.236973,-1.79809,-3.00519,-2.788,-2.68473,-0.31953,-0.584575,-0.77128,-0.817409,-0.85553,0.00704543,0.0142303,0.0199406,0.0226356,0.0237337
30.04,1.6036389,-74210.5,1.27648,0.288271,0.327667,-0.988882,0.0637975,-0.309135,-0.599673,-0.798056,-0.855177,-0.88174,0.000758791,0.00238786,0.0042472,0.00590977,0.00636101
30.060000000000002,0.09706677,1456920.0,0.310774,1.22464,1.88802,0.210459,0.462753,-0.293262,-0.584544,-0.775899,-0.862962,-0.876474,-0.00526518,-0.0094543,-0.0114923,-0.0112716,-0.0112211
30.080000000000002,0.19918151999999997,3037390.0,0.10608,2.76908,3.30198,2.59686,1.18786,-0.289093,-0.544607,-0.723999,-0.834888,-0.859968,-0.0110887,-0.0207458,-0.0264913,-0.0282501,-0.0285856
30.1,-0.16206066,4634220.0,3.07403,5.7027,6.23973,6.57913,4.86636,-0.257292,-0.459889,-0.628582,-0.743129,-0.799426,-0.0165526,-0.0307908,-0.0400171,-0.0440303,-0.0451795
30.12,-2.5310534999999996,5830370.0,5.18308,6.93637,8.12321,8.72052,8.65629,-0.174721,-0.333498,-0.484952,-0.590132,-0.664199,-0.0208727,-0.0387246,-0.0511525,-0.0573629,-0.0598158
30.14,-3.9595277999999996,6519000.0,2.46168,4.55896,6.4941,7.12637,8.85944,-0.0982736,-0.218545,-0.338779,-0.431663,-0.489042,-0.0236027,-0.0442451,-0.0593898,-0.0675809,-0.0713482
30.16,-1.8831086999999997,7082290.0,-0.496979,2.50926,4.66705,5.99708,7.83685,-0.0786266,-0.147863,-0.227168,-0.300429,-0.322079,-0.0253717,-0.0479091,-0.0650492,-0.0749018,-0.0794594
30.18,0.20908878,7716380.0,0.124933,2.26686,4.38929,6.7954,7.42789,-0.082347,-0.100101,-0.136604,-0.172504,-0.169432,-0.0269814,-0.0503888,-0.068687,-0.0796311,-0.0843745
30.2,0.50741532,8201590.0,2.07998,2.10573,4.43739,7.14273,7.07617,-0.0602979,-0.0563755,-0.0483374,-0.0331227,-0.0243914,-0.0284079,-0.0519535,-0.0705364,-0.0816874,-0.0863127
30.22,0.41668784999999997,8399780.0,1.72591,1.24745,3.63109,5.43678,5.93245,-0.0222391,-0.0228438,0.0323474,0.0926723,0.105695,-0.0292332,-0.0527457,-0.0706963,-0.0810919,-0.0854997
30.240000000000002,1.2136164,8464910.0,0.230238,1.22494,2.67106,3.24345,4.43967,-0.00267764,0.00188014,0.0953689,0.179475,0.209416,-0.0294824,-0.0529554,-0.0694191,-0.0783704,-0.0823486
30.26,2.0247408,8535650.0,0.208984,2.14542,1.91654,1.8291,2.6123,0.00171457,0.0355838,0.141245,0.2302,0.279936,-0.029492,-0.0525807,-0.067053,-0.0742737,-0.0774551
30.28,2.3779158,8478690.0,2.9636,4.25576,2.97442,2.59554,2.14662,0.0334404,0.0995957,0.190155,0.274447,0.327525,-0.0291405,-0.0512289,-0.063739,-0.0692272,-0.0713805
30.3,0.9077846999999999,7988000.0,4.9888,5.73957,4.74252,3.7278,2.48124,0.112964,0.199549,0.267324,0.33768,0.373803,-0.0276764,-0.0482375,-0.0591642,-0.0631059,-0.0643672
30.32,-0.9860187,7015660.0,2.42483,3.88495,3.68462,1.8157,0.708635,0.187101,0.295794,0.351595,0.393115,0.405702,-0.0246758,-0.043284,-0.052975,-0.055798,-0.0565721
30.34,0.09727485,5942430.0,-1.10457,0.904772,0.970802,-1.0166,-1.6602,0.200303,0.343692,0.398149,0.401106,0.396187,-0.0208018,-0.0368892,-0.0454775,-0.0478558,-0.0485533
30.36,2.4962204999999997,4981830.0,0.239183,1.04853,1.00081,0.0571069,-0.345352,0.191649,0.363225,0.417866,0.391511,0.376131,-0.0168822,-0.02982,-0.0373174,-0.0399296,-0.0408301
30.38,1.5743547,3822100.0,2.48776,1.52377,1.70973,2.21687,2.08629,0.218919,0.388948,0.444971,0.414251,0.39354,-0.0127765,-0.0222983,-0.028689,-0.031872,-0.0331334
30.400000000000002,-0.26313348,2252000.0,1.65339,0.777804,1.46136,2.86135,3.38135,0.26033,0.411963,0.476682,0.465033,0.448217,-0.00798406,-0.0142892,-0.0194725,-0.0230791,-0.0247158
30.42,-0.9105234,565963.0,-0.654727,0.197571,0.970972,2.60176,3.79029,0.270317,0.421717,0.501005,0.519664,0.519933,-0.00267759,-0.00595239,-0.00969564,-0.0132322,-0.0150343
30.44,-1.0381458,-962961.0,-0.171604,1.49044,2.02435,3.65255,4.88716,0.262053,0.438597,0.530958,0.582207,0.606708,0.00264612,0.00265075,0.000624,-0.00221345,-0.00376788
30.46,-2.6674734,-2506220.0,1.78341,2.66895,3.47504,4.89834,5.55622,0.278172,0.480191,0.585952,0.667716,0.711141,0.00804837,0.0118386,0.0117931,0.0102858,0.00941061
30.48,-4.6849058999999995,-4219720.0,-0.144378,0.262372,1.98512,2.71839,2.76844,0.294562,0.509504,0.640554,0.743883,0.794388,0.0137757,0.0217356,0.0240582,0.0244018,0.0244659
30.5,-3.6102950999999996,-5751550.0,-4.45755,-3.80197,-1.59962,-1.79436,-2.03234,0.248543,0.474108,0.644409,0.753124,0.801749,0.0192067,0.0315717,0.0369078,0.0393718,0.0404273
30.52,-0.44924268,-6709490.0,-4.54445,-4.88854,-3.5631,-4.15778,-4.50798,0.158523,0.387203,0.592782,0.693602,0.736346,0.0232774,0.0401848,0.0492797,0.0538391,0.0558082
30.54,0.5987552999999999,-7378820.0,1.21083,-1.45769,-1.98854,-2.22502,-2.59649,0.125186,0.323741,0.537265,0.629774,0.665301,0.0261145,0.0472943,0.0605802,0.0670729,0.0698247
30.560000000000002,-2.5397745,-8397460.0,4.21401,1.10982,-1.23506,-1.11638,-1.23722,0.179435,0.320262,0.505029,0.59636,0.626964,0.0291607,0.0537343,0.0710031,0.0793342,0.0827473
30.580000000000002,-4.9278444,-9750520.0,-0.361091,-0.790455,-4.26312,-4.58854,-4.30042,0.217964,0.323456,0.450047,0.539311,0.571588,0.0331347,0.0601715,0.0805539,0.0906909,0.0947329
30.6,-2.7932853,-10702200.0,-6.32291,-4.94286,-8.47703,-9.86676,-9.64514,0.151124,0.266123,0.322646,0.394758,0.432132,0.0368256,0.0660673,0.0882808,0.100032,0.10477
30.62,1.5159494999999998,-10822200.0,-6.20277,-7.57094,-9.80673,-12.0405,-12.7157,0.0258672,0.140985,0.139808,0.175686,0.208524,0.0385955,0.0701383,0.0929054,0.105736,0.111177
30.64,3.4909602,-10527400.0,-1.54077,-7.47393,-7.74169,-10.0821,-11.8226,-0.0515682,-0.00946425,-0.0356758,-0.0455402,-0.0368578,0.0383385,0.0714535,0.0939467,0.107038,0.112893
30.66,1.9943549999999999,-10383800.0,0.22939,-6.2407,-5.83821,-7.61539,-9.48324,-0.064682,-0.146611,-0.171475,-0.222515,-0.249916,0.037176,0.0698928,0.0918752,0.104357,0.110026
30.68,0.19187168999999998,-10237800.0,-3.22813,-5.5256,-6.94914,-7.75655,-8.52927,-0.0946693,-0.264273,-0.299348,-0.376234,-0.430041,0.0355825,0.0657839,0.0871669,0.0983695,0.103226
30.7,0.9417608999999999,-9432650.0,-6.24361,-5.1306,-9.16737,-8.98698,-8.31359,-0.189387,-0.370835,-0.460514,-0.54367,-0.598469,0.0327419,0.0594329,0.0795683,0.0891704,0.0929409
30.72,2.8380632999999995,-7756200.0,-4.62738,-4.95819,-9.21721,-8.6654,-7.32048,-0.298097,-0.471723,-0.644359,-0.720194,-0.75481,0.0278671,0.0510073,0.0685196,0.0765318,0.0794081
30.740000000000002,3.4383281999999995,-5764090.0,0.125042,-3.91954,-5.32076,-5.3665,-4.55605,-0.34312,-0.560501,-0.789739,-0.860513,-0.873576,0.0214549,0.040685,0.0541786,0.0607247,0.0631242
30.76,1.3862412,-4000210.0,0.574506,-4.05624,-2.48933,-3.46098,-3.94834,-0.336124,-0.640259,-0.86784,-0.948787,-0.958619,0.0146625,0.0286774,0.0376028,0.0426317,0.0448023
30.78,1.0323573,-2243480.0,-2.47424,-3.67149,-2.0345,-3.1353,-4.69011,-0.355122,-0.717536,-0.913078,-1.01475,-1.045,0.00774999,0.0150995,0.0197936,0.0229964,0.0247661
30.8,2.4130956,-39585.0,-2.40023,-0.444609,-0.970265,-1.25412,-2.67215,-0.403866,-0.758697,-0.943126,-1.05864,-1.11863,0.000160108,0.000337153,0.00123158,0.00226241,0.00312976
30.82,2.0195643,2400140.0,1.63794,3.538,1.79538,2.16491,2.17512,-0.411489,-0.727763,-0.934875,-1.04954,-1.1236,-0.00799345,-0.0145274,-0.0175484,-0.0188194,-0.0192925
30.84,-0.39660914999999997,4528620.0,3.33902,4.12431,3.58262,3.66989,5.13122,-0.36172,-0.65114,-0.881095,-0.991188,-1.05053,-0.0157255,-0.0283165,-0.0357081,-0.0392266,-0.0410338
30.86,-1.034484,6349880.0,0.76762,2.03386,3.44025,3.08052,4.4353,-0.320653,-0.589558,-0.810866,-0.923684,-0.954868,-0.0225493,-0.0407235,-0.0526277,-0.0583754,-0.0610878
30.88,1.0068777,8258520.0,-0.449403,1.56857,3.6573,3.8555,3.59868,-0.317471,-0.553534,-0.739891,-0.854324,-0.874528,-0.0289305,-0.0521544,-0.0681353,-0.0761554,-0.0793818
30.900000000000002,2.3461632,10180100.0,2.94657,4.01959,5.69335,7.14393,5.77438,-0.2925,-0.497652,-0.646384,-0.74433,-0.780798,-0.0350302,-0.0626663,-0.0819981,-0.092142,-0.095935
30.92,0.8663216999999999,11618300.0,4.74672,4.97121,6.41044,8.33934,7.97151,-0.215567,-0.407744,-0.525346,-0.589497,-0.643339,-0.0401109,-0.0717202,-0.0937154,-0.10548,-0.110176
30.94,0.23286191999999997,12498700.0,2.13418,3.97907,5.55381,6.71763,8.43912,-0.146758,-0.318242,-0.405704,-0.438927,-0.479233,-0.0437341,-0.0789801,-0.103026,-0.115764,-0.121402
30.96,1.5039951,13192100.0,0.901436,5.0181,6.45204,6.83499,9.15395,-0.116401,-0.22827,-0.285645,-0.303401,-0.303302,-0.0463657,-0.0844452,-0.109939,-0.123188,-0.129227
30.98,1.3322474999999998,13770700.0,3.50587,7.46392,8.64456,9.27593,9.89999,-0.0723284,-0.10345,-0.134679,-0.142292,-0.112763,-0.048253,-0.0877624,-0.114143,-0.127645,-0.133388
31.0,-0.39944271,13881200.0,6.50211,8.81402,10.418,11.638,10.3605,0.0277515,0.0593296,0.0559466,0.0668481,0.0898428,-0.0486988,-0.0882036,-0.11493,-0.128399,-0.133617
31.02,-2.180811,13251400.0,6.26042,8.53583,11.0371,11.9576,10.8052,0.155377,0.232828,0.270498,0.302804,0.3015,-0.0468675,-0.085282,-0.111666,-0.124703,-0.129704
31.04,-3.0346326,12001100.0,3.12612,7.05773,9.77101,9.77942,10.3044,0.249242,0.388764,0.478579,0.520174,0.512595,-0.0428213,-0.0790661,-0.104175,-0.116473,-0.121563
31.060000000000002,-2.2066527,10441400.0,1.86263,6.52272,8.48513,8.40197,9.87084,0.29913,0.524568,0.661141,0.701988,0.714347,-0.0373376,-0.0699328,-0.0927775,-0.104251,-0.109293
31.080000000000002,-1.8843683999999998,8653230.0,3.08852,6.43075,7.81702,8.84573,9.60997,0.348641,0.654103,0.824162,0.874465,0.909156,-0.0308599,-0.0581461,-0.0779245,-0.0884867,-0.0930585
31.1,-2.7529238999999994,6563570.0,1.69674,3.07503,4.84285,6.88863,6.70606,0.396494,0.749161,0.950761,1.03181,1.07232,-0.0234086,-0.0441134,-0.0601753,-0.0694239,-0.0732437
31.12,-1.4121288,4348810.0,-1.18668,-1.20884,1.05835,2.92129,2.97995,0.401594,0.767823,1.00977,1.12991,1.16918,-0.0154277,-0.0289436,-0.0405699,-0.0478068,-0.0508288
31.14,0.988992,2252560.0,-1.3365,-2.41947,-0.804961,0.206733,1.18922,0.376362,0.73154,1.01231,1.16119,1.21087,-0.00764811,-0.01395,-0.0203491,-0.0248958,-0.0270284
31.16,1.4491956,198086.0,0.378228,-1.42189,-1.55493,-0.988576,0.171728,0.36678,0.693126,0.988708,1.15337,1.22448,-0.000216684,0.000296659,-0.000338991,-0.00175025,-0.00267495
31.18,0.44852510999999995,-1983280.0,0.299057,-1.13366,-2.89728,-2.48611,-2.16739,0.373553,0.66757,0.944186,1.11862,1.20452,0.00718664,0.0139036,0.0189899,0.0209697,0.021615
31.2,0.022466978999999998,-4170820.0,-1.64021,-1.99665,-4.40678,-4.82359,-5.41163,0.360141,0.636267,0.871145,1.04553,1.12873,0.0145236,0.026942,0.0371433,0.0426112,0.0449475
31.220000000000002,0.41307858000000003,-6078280.0,-2.95736,-3.24001,-5.44788,-7.44118,-8.41078,0.314165,0.583901,0.772599,0.922878,0.990506,0.0212666,0.0391437,0.0535807,0.0622952,0.0661399
31.240000000000002,1.0764264,-7543010.0,-3.74073,-5.61561,-7.36516,-10.5108,-11.702,0.247184,0.495345,0.644468,0.743358,0.789379,0.0268801,0.0499361,0.0677514,0.0789575,0.0839388
31.26,2.726613,-8588500.0,-3.53331,-7.36945,-8.9254,-11.8769,-13.4029,0.174444,0.365494,0.481563,0.51948,0.538329,0.0310964,0.0585445,0.0790117,0.0915859,0.0972158
31.28,3.5661443999999998,-9416750.0,-1.74883,-6.32952,-8.30293,-10.1207,-11.5988,0.121623,0.228504,0.309279,0.299504,0.288312,0.0340571,0.0644845,0.0869201,0.0997758,0.105482
31.3,1.8743468999999997,-10208500.0,-1.16438,-4.74437,-7.68034,-8.44698,-9.0643,0.0924907,0.117765,0.149447,0.113827,0.0816808,0.0361982,0.0679472,0.0915073,0.103909,0.109182
31.32,0.37573638,-10836000.0,-2.08467,-3.71003,-7.38216,-7.63698,-7.13252,0.0600001,0.0332215,-0.00117843,-0.0470131,-0.0802873,0.0377231,0.0694571,0.09299,0.104577,0.109196
31.34,-0.18649986,-11017300.0,-3.80399,-4.35063,-7.48508,-7.60377,-6.72548,0.00111343,-0.047385,-0.149851,-0.199421,-0.218867,0.0383343,0.0693154,0.0914797,0.102113,0.106205
31.36,0.38169114,-10698700.0,-3.73868,-5.21333,-6.32765,-6.52724,-6.27279,-0.0743133,-0.143025,-0.287978,-0.340731,-0.34885,0.0376023,0.0674113,0.0871014,0.0967114,0.100527
31.38,0.32728893,-10066300.0,-2.76333,-5.79052,-4.60329,-5.02414,-5.65298,-0.139333,-0.253063,-0.397287,-0.456244,-0.468108,0.0354658,0.0634505,0.0802488,0.0887416,0.0923578
31.400000000000002,-0.006411516,-9278760.0,-1.17718,-3.93862,-1.87339,-2.33158,-3.26196,-0.178738,-0.350354,-0.462054,-0.529802,-0.557257,0.0322851,0.0574163,0.0716554,0.0788811,0.0821041
31.42,-1.6734935999999998,-8317400.0,-1.68952,-2.21107,-1.23459,-1.2031,-1.64944,-0.207406,-0.411851,-0.493134,-0.565148,-0.606371,0.0284236,0.0497942,0.0621035,0.0679316,0.0704679
31.44,-2.0073855,-6967170.0,-3.74078,-2.57131,-3.40266,-2.61769,-2.17866,-0.261709,-0.459675,-0.539507,-0.603356,-0.644652,0.0237325,0.041079,0.0517771,0.0562466,0.0579576
31.46,0.013577781,-5134490.0,-2.01601,-1.65133,-3.23467,-2.19772,-1.08323,-0.319277,-0.501902,-0.60588,-0.651511,-0.677271,0.0179227,0.0314632,0.0403232,0.0436979,0.0447384
31.48,0.07582373999999999,-3226780.0,2.41184,0.830977,-0.00961526,0.44829,1.48104,-0.315318,-0.510105,-0.638323,-0.669005,-0.673293,0.0115767,0.0213431,0.0278812,0.0304928,0.0312327
31.5,-2.0666781,-1732760.0,3.73091,2.17476,2.366,1.98324,2.07994,-0.253891,-0.480048,-0.614759,-0.64469,-0.637683,0.00588462,0.0114416,0.0153504,0.0173558,0.018123
31.52,-2.8873751999999997,-581272.0,1.27276,2.25091,2.55795,1.79551,0.767543,-0.203854,-0.435791,-0.565519,-0.606902,-0.609209,0.00130717,0.00228321,0.00354758,0.00483991,0.00565406
31.54,-1.8070218,610047.0,-0.664071,2.3347,2.16282,1.46664,0.133119,-0.197767,-0.389935,-0.518312,-0.574281,-0.600202,-0.00270905,-0.00597405,-0.00729073,-0.00697192,-0.00644005
31.560000000000002,-0.7001942999999999,1857420.0,1.22123,3.54092,3.53827,2.86987,2.33053,-0.192196,-0.331179,-0.461301,-0.530915,-0.575566,-0.00660868,-0.0131852,-0.0170869,-0.0180239,-0.0181977
31.580000000000002,-1.5804033,2809840.0,3.34497,4.10392,5.19134,4.52549,4.99377,-0.146534,-0.254731,-0.374005,-0.456962,-0.502323,-0.00999597,-0.0190443,-0.0254399,-0.0279027,-0.0289766
31.6,-2.6490981,3344800.0,2.44688,3.38544,5.32321,5.24303,5.89253,-0.0886153,-0.179837,-0.268859,-0.359277,-0.393459,-0.0123475,-0.02339,-0.0318686,-0.036065,-0.0379344
31.62,-2.3251461,3731400.0,0.46741,2.5738,4.21067,5.46263,5.60742,-0.0594724,-0.120245,-0.173521,-0.25222,-0.27846,-0.0138283,-0.0263908,-0.0362924,-0.04218,-0.0446536
31.64,-1.2628211999999999,4241000.0,-1.0643,0.689991,1.55384,3.98527,4.07033,-0.0654413,-0.0876069,-0.115875,-0.157741,-0.181682,-0.0150775,-0.0284693,-0.0391863,-0.0462796,-0.049255
31.66,0.9730238999999998,4896910.0,-0.957816,-1.22256,-0.385149,2.02489,2.98653,-0.0856625,-0.0929325,-0.104189,-0.0976394,-0.111114,-0.0165885,-0.0302747,-0.041387,-0.0488334,-0.052183
31.68,2.7161987999999995,5496830.0,0.587934,-1.11443,0.316252,1.62601,3.38137,-0.0893613,-0.116302,-0.104878,-0.0611304,-0.0474349,-0.0183388,-0.032367,-0.0434776,-0.0504211,-0.0537685
31.7,2.3416599,5853930.0,1.22783,0.194009,1.51463,1.78167,2.9726,-0.0712037,-0.125507,-0.0865686,-0.0270537,0.0161048,-0.0199444,-0.0347851,-0.0453921,-0.051303,-0.0540818
31.720000000000002,1.6235492999999999,6057990.0,0.881592,1.81814,1.80586,1.73229,1.27888,-0.0501095,-0.105385,-0.0533637,0.00808595,0.0586197,-0.0211575,-0.0370941,-0.0467914,-0.0514926,-0.0533345
31.740000000000002,1.4709674999999998,6353230.0,-0.203445,1.91405,0.527574,0.21482,-1.30753,-0.043328,-0.0680634,-0.0300293,0.0275571,0.0583333,-0.0220919,-0.0388285,-0.0476253,-0.0511362,-0.052165
31.76,2.6072372999999995,6713180.0,1.50408,2.88118,1.43952,0.243644,-0.830829,-0.0303217,-0.0201112,-0.0103584,0.0321417,0.0369497,-0.0228284,-0.0397103,-0.0480292,-0.0505392,-0.0512122
31.78,1.7291396999999997,6715860.0,4.39907,4.47272,4.05918,1.81484,1.73026,0.0287097,0.0534278,0.0446287,0.0527266,0.045944,-0.0228445,-0.0393771,-0.0476865,-0.0496905,-0.0503832
31.8,-0.5742702,6146370.0,3.03958,3.50143,3.79734,1.61282,1.56897,0.103096,0.133169,0.123194,0.0870032,0.0789363,-0.0215265,-0.0375112,-0.0460083,-0.0482932,-0.0491344
31.82,-0.16569696,5416340.0,-0.789061,1.23861,1.32087,0.634662,-0.21275,0.125601,0.18057,0.174376,0.109478,0.0924985,-0.0192395,-0.0343738,-0.0430326,-0.0463284,-0.0474201
31.84,1.8840216,4908860.0,-1.10562,0.68166,0.549061,1.58817,0.646202,0.106655,0.199773,0.193075,0.131706,0.0968331,-0.0169169,-0.0305703,-0.0393581,-0.0439166,-0.0455268
31.86,1.8618518999999998,4399460.0,1.33362,0.703347,1.29775,2.9949,3.40603,0.108935,0.213623,0.211544,0.177537,0.137355,-0.014761,-0.0264364,-0.0353119,-0.0408241,-0.0431849
31.88,0.5177469,3614160.0,0.777083,-1.05217,0.639106,2.07417,4.00014,0.130042,0.210134,0.230912,0.228228,0.211417,-0.0123713,-0.0221988,-0.0308873,-0.0367665,-0.0396972
31.900000000000002,0.9912971999999999,2810300.0,-2.19797,-2.51825,-0.702705,0.631857,2.53497,0.115833,0.17443,0.230276,0.255288,0.276768,-0.00991254,-0.0183532,-0.0262754,-0.0319313,-0.0348153
31.92,2.2201269,2316090.0,-2.17135,-1.15916,-0.330411,1.34285,1.8218,0.0721395,0.137656,0.219945,0.275035,0.320336,-0.00803281,-0.0152323,-0.0217732,-0.0266281,-0.0288443
31.94,1.4871803999999997,1989940.0,0.631576,0.848808,0.844001,2.34927,1.74848,0.0567418,0.134553,0.225081,0.311956,0.356039,-0.006744,-0.0125102,-0.017323,-0.0207582,-0.0220805
31.96,-0.11281964999999998,1500620.0,2.51341,1.97366,2.04338,2.21717,1.86915,0.0881917,0.162777,0.253955,0.357621,0.392215,-0.00529467,-0.00953692,-0.0125326,-0.0140624,-0.014598
31.98,-1.4511336,783977.0,1.22236,1.86207,2.13166,0.652841,0.920256,0.125549,0.201135,0.295705,0.386321,0.420109,-0.00315726,-0.0058978,-0.00703602,-0.00662301,-0.00647476
32.0,-1.4901792,94666.4,-1.80324,0.108942,-0.176501,-2.21799,-2.32691,0.119741,0.220845,0.315257,0.370669,0.406042,-0.000704356,-0.00167801,-0.000926408,0.000946893,0.00178676
32.02,0.5907483,-405175.0,-0.109897,0.854147,-0.224662,-1.55399,-2.74593,0.100609,0.230476,0.311245,0.332949,0.355314,0.00149914,0.00283519,0.00533861,0.00798308,0.00940032
32.04,-0.05716998,-1066410.0,4.13998,3.16456,2.0817,1.59523,0.128193,0.14091,0.270663,0.329815,0.333362,0.329137,0.00391433,0.00784657,0.0117492,0.0146462,0.0162448
32.06,-3.2005916999999995,-2287090.0,3.72604,2.82138,2.36462,2.05204,1.67347,0.21957,0.330522,0.374279,0.369834,0.347153,0.00751914,0.0138584,0.0187902,0.0216781,0.0230077
32.08,-4.0829631,-3774240.0,-1.28396,-0.138833,-0.304837,-0.605298,0.261377,0.243991,0.357348,0.394876,0.384302,0.366502,0.0121548,0.0207371,0.0264817,0.0292195,0.0301443
32.1,-1.8200930999999998,-4866690.0,-4.80629,-3.07959,-3.2978,-3.00207,-2.03736,0.183089,0.325163,0.35885,0.348228,0.348742,0.0164256,0.0275622,0.034019,0.0365448,0.0372967
32.12,0.7220631,-5473110.0,-2.02648,-2.87583,-2.53113,-1.38747,-1.19108,0.114761,0.265609,0.300561,0.304333,0.316458,0.019404,0.0334699,0.0406131,0.0430704,0.0439487
32.14,-0.50334501,-6089260.0,0.573464,-2.90203,-1.4025,-0.0769209,-0.263023,0.100231,0.20783,0.261224,0.289689,0.301917,0.021554,0.0382043,0.0462309,0.0490106,0.0501325
32.160000000000004,-1.8958944,-6857580.0,-1.13552,-3.79625,-2.11349,-1.33798,-1.10631,0.0946102,0.140847,0.226064,0.27554,0.288223,0.0235024,0.0416911,0.0511038,0.0546629,0.0560339
32.18,-1.3615929,-7261510.0,-5.19354,-5.1901,-5.19801,-4.88704,-4.22331,0.0313196,0.0509839,0.152949,0.213289,0.234927,0.0247617,0.0436094,0.0548939,0.0595512,0.0612654
32.2,1.294023,-6944240.0,-4.11279,-3.89184,-6.00978,-5.78574,-5.33781,-0.0617437,-0.0398355,0.0408714,0.106562,0.139316,0.0244574,0.0437209,0.0568321,0.0627497,0.0650078
32.22,1.5032504999999998,-6310720.0,0.394573,-1.84612,-4.42422,-4.63867,-4.77592,-0.0989259,-0.0972151,-0.0634686,0.00231749,0.0381786,0.0228507,0.0423504,0.0566062,0.0638385,0.0667827
32.24,-0.23097083999999998,-5916930.0,1.79635,-1.51353,-3.054,-4.49133,-5.0928,-0.0770167,-0.130812,-0.138251,-0.0889825,-0.0605086,0.0210913,0.0400701,0.054589,0.0629719,0.0665594
32.26,-0.9235232999999999,-5648720.0,-1.54835,-2.83916,-3.85622,-6.42948,-7.42939,-0.0745367,-0.174338,-0.207353,-0.198191,-0.185731,0.0195758,0.0370186,0.0511329,0.0601001,0.064097
32.28,0.8679741,-5003880.0,-3.61669,-3.08031,-4.90113,-7.41511,-8.85253,-0.126187,-0.233533,-0.294927,-0.336636,-0.34855,0.0175685,0.0329399,0.0461101,0.0547519,0.0587542
32.3,2.4162831,-3918580.0,-1.6908,-2.27141,-4.747,-6.24664,-7.67653,-0.179262,-0.28705,-0.391408,-0.473254,-0.51384,0.0145141,0.0277341,0.0392468,0.0466529,0.0501303
32.32,2.2693877999999996,-2848280.0,1.43932,-1.11804,-2.77973,-3.49492,-4.04916,-0.181777,-0.320945,-0.466675,-0.57067,-0.631097,0.0109037,0.0216541,0.030666,0.0362137,0.038681
32.34,0.5480408999999999,-2091500.0,1.19143,-0.829706,-1.08558,-1.58397,-1.01984,-0.155469,-0.340422,-0.505328,-0.621458,-0.681787,0.0075312,0.0150405,0.0209459,0.0242924,0.0255521
32.36,-0.27924846,-1369170.0,-1.75248,-1.28296,-1.10285,-1.11206,-0.293446,-0.16108,-0.361549,-0.527213,-0.648419,-0.69492,0.00436572,0.00802076,0.0106205,0.0115937,0.011785
32.38,0.7660557,-276234.0,-2.18198,-0.643474,-0.741846,0.378702,0.578383,-0.200424,-0.380813,-0.54566,-0.655752,-0.692071,0.000750676,0.000597141,-0.000108196,-0.00144805,-0.00208487
32.4,1.0910379,1101230.0,-0.350167,-0.201305,0.240936,2.13513,2.03776,-0.225746,-0.389261,-0.550669,-0.630614,-0.665909,-0.00351103,-0.0071036,-0.0110715,-0.0143117,-0.0156647
32.42,0.6926922,2381000.0,0.918072,-0.208405,1.74689,3.15254,3.69815,-0.220067,-0.393358,-0.53079,-0.577737,-0.60855,-0.00796915,-0.0149298,-0.0218861,-0.0263952,-0.0284093
32.44,0.16672461,3464580.0,0.242178,0.100801,2.82183,3.2056,4.36743,-0.208464,-0.394434,-0.485103,-0.514156,-0.527895,-0.0122545,-0.0228077,-0.032045,-0.0373142,-0.0397737
32.46,0.26118732,4591470.0,-0.495527,1.35506,3.00538,3.2404,3.9,-0.210998,-0.379876,-0.426831,-0.449696,-0.44522,-0.0164491,-0.0305508,-0.0411644,-0.0469527,-0.0495049
32.480000000000004,0.7040448,5908310.0,0.196317,2.50514,2.45432,3.37336,2.96978,-0.21399,-0.341274,-0.372234,-0.383558,-0.376522,-0.020699,-0.0377623,-0.049155,-0.0552852,-0.0577223
32.5,1.1850053999999999,7204320.0,2.24269,3.2302,2.68369,3.66604,3.10152,-0.1896,-0.28392,-0.320854,-0.313164,-0.315809,-0.0247349,-0.0440143,-0.0560859,-0.0622524,-0.0646456
32.52,0.9150725999999999,8118130.0,3.81514,3.83461,4.01404,3.82869,4.12281,-0.129021,-0.213272,-0.253877,-0.238217,-0.243566,-0.0279211,-0.0489862,-0.0618332,-0.0677663,-0.0702394
32.54,0.1516995,8476040.0,4.50584,5.47415,6.10189,4.79004,5.46646,-0.0458117,-0.120185,-0.152718,-0.15203,-0.147673,-0.0296694,-0.0523207,-0.0658992,-0.0716687,-0.0741518
32.56,-1.1584496999999998,8401930.0,2.95597,5.86999,6.02852,4.97061,4.71784,0.0288064,-0.00674319,-0.0314135,-0.054423,-0.0458304,-0.0298394,-0.05359,-0.0677405,-0.0737332,-0.0760868
32.58,-0.8531076,8155810.0,1.1536,4.76365,4.62565,4.68681,3.41209,0.0699022,0.0995933,0.0751281,0.0421513,0.035469,-0.0288524,-0.0526615,-0.0673033,-0.073856,-0.0761904
32.6,0.20222621999999998,7845640.0,0.5062,2.63997,3.43494,3.9935,3.1714,0.0865001,0.173629,0.155734,0.128954,0.101304,-0.0272883,-0.0499293,-0.0649947,-0.0721449,-0.0748227
32.62,1.0737183,7358700.0,1.38193,1.41214,3.67841,3.93813,4.63708,0.105381,0.214151,0.226868,0.208271,0.179389,-0.0253695,-0.0460515,-0.0611687,-0.0687727,-0.0720158
32.64,0.7531220999999999,6563260.0,2.3523,1.8835,4.50165,4.9612,6.42196,0.142724,0.247107,0.308668,0.297264,0.289979,-0.0228885,-0.0414389,-0.0558133,-0.0637173,-0.0673221
32.660000000000004,-0.44346182999999995,5492280.0,1.85561,2.7466,4.14171,5.86854,6.69953,0.184803,0.293408,0.395102,0.405561,0.421194,-0.0196132,-0.0360338,-0.0487756,-0.0566891,-0.0602103
32.68,-1.1591687999999998,4313860.0,0.701421,2.90734,2.88966,5.63544,5.78264,0.210373,0.349947,0.465416,0.520601,0.546016,-0.0156615,-0.0296002,-0.0401705,-0.0474274,-0.0505382
32.7,-1.1947107,3101120.0,0.953482,2.91193,2.83157,4.86366,5.40744,0.226922,0.40814,0.522628,0.625592,0.657917,-0.0112885,-0.0220193,-0.03029,-0.0359655,-0.0384989
32.72,-1.7973828,1829850.0,-0.204057,0.530091,1.60775,1.66933,2.83627,0.234416,0.44256,0.567021,0.690922,0.740354,-0.00667512,-0.0135123,-0.0193935,-0.0228004,-0.0245162
32.74,-0.5164158,652939.0,-2.59425,-2.87711,-0.975778,-2.23381,-1.73263,0.206433,0.41909,0.573341,0.685277,0.75139,-0.00226662,-0.00489583,-0.00798991,-0.00903837,-0.00959878
32.76,2.0376743999999998,-264223.0,-2.01668,-3.14979,-1.9231,-2.92268,-4.08996,0.160324,0.358821,0.544352,0.633712,0.693164,0.00140095,0.00288328,0.00318701,0.00415153,0.00484677
32.78,2.1184737,-1080080.0,0.206228,-1.75704,-2.37721,-2.55238,-4.42506,0.142219,0.309753,0.501349,0.578962,0.608014,0.00442638,0.00956902,0.013644,0.0162783,0.0178586
32.8,1.0100754,-2009520.0,1.05088,-0.797767,-3.26319,-3.41069,-4.0517,0.15479,0.284205,0.444945,0.519331,0.523247,0.00739648,0.0155086,0.023107,0.0272612,0.0291712
32.82,0.42897375,-3014700.0,0.284772,-0.301222,-3.72504,-4.6407,-3.59612,0.168147,0.273215,0.375062,0.438817,0.446768,0.0106259,0.0210828,0.031307,0.0368427,0.0388713
32.84,0.11707866,-4016910.0,0.295738,0.576505,-2.61337,-4.11119,-3.0374,0.173952,0.275968,0.311678,0.351298,0.380433,0.0140468,0.0265746,0.0381744,0.0447438,0.0471433
32.86,-1.0482132,-5059970.0,0.236238,0.0862765,-1.74642,-3.1977,-3.82497,0.179272,0.282595,0.26808,0.278209,0.31181,0.0175791,0.0321602,0.043972,0.0510389,0.0540658
32.88,-1.5351203999999998,-6076000.0,-1.66228,-2.53771,-2.44741,-3.65884,-5.74376,0.165011,0.258081,0.226142,0.209644,0.216122,0.0210219,0.037567,0.0489143,0.0559174,0.0593451
32.9,-0.36079592999999993,-6849470.0,-3.15998,-4.30509,-2.81348,-3.85577,-5.59111,0.116789,0.189653,0.173533,0.134498,0.102774,0.0238399,0.0420444,0.052911,0.0593589,0.062534
32.92,0.16591269,-7343510.0,-2.20796,-3.57518,-2.09252,-2.57748,-2.65533,0.0631092,0.11085,0.124473,0.0701653,0.0203092,0.0256389,0.0450494,0.0558911,0.0614055,0.0637649
32.94,-1.0506765,-7674340.0,-1.4499,-2.88335,-2.62164,-1.83383,-0.546419,0.0265306,0.0462652,0.0773315,0.0260523,-0.0117083,0.0265353,0.0466205,0.0579091,0.0623677,0.0638509
32.96,-1.5529653,-7783850.0,-2.15499,-3.05177,-4.06656,-1.9723,-0.420232,-0.00951824,-0.013086,0.0104495,-0.012009,-0.0213748,0.0267054,0.0469523,0.0587869,0.0625081,0.06352
32.980000000000004,-0.9946427999999999,-7564890.0,-1.90989,-2.49409,-3.81057,-1.51451,-0.401247,-0.050167,-0.0685446,-0.0683219,-0.0468772,-0.0295896,0.0261086,0.046136,0.0582082,0.0619192,0.0630104
33.0,-1.3079204999999998,-7138550.0,-0.837973,-2.12807,-2.73952,-1.6287,-1.09154,-0.0776457,-0.114766,-0.133823,-0.0783093,-0.0445174,0.0248304,0.0443029,0.0561868,0.0606674,0.0622693
33.02,-1.5568157999999999,-6665460.0,-0.344916,-2.17834,-1.93634,-2.50267,-2.62355,-0.0894745,-0.15783,-0.180581,-0.119623,-0.0816683,0.0231592,0.041577,0.0530427,0.058688,0.0610075
33.04,-1.2463583999999999,-6167370.0,-0.218397,-1.11021,-0.755853,-2.42281,-3.31185,-0.0951077,-0.190716,-0.207503,-0.168878,-0.141022,0.0213134,0.0380915,0.0491619,0.055803,0.0587806
33.06,-1.6623194999999997,-5646020.0,-0.309176,0.380098,0.00827528,-1.90148,-3.29124,-0.100383,-0.198017,-0.214979,-0.212121,-0.207053,0.0193585,0.0342042,0.044937,0.051993,0.0552998
33.08,-2.1857478,-5075260.0,-0.652048,0.625274,-0.57955,-2.24422,-3.4424,-0.109996,-0.187963,-0.220692,-0.253578,-0.274389,0.0172547,0.0303444,0.0405803,0.0473361,0.0504854
33.1,-1.6226823,-4358570.0,-0.679987,-0.137223,-1.526,-2.75684,-3.22637,-0.123316,-0.183082,-0.241747,-0.303589,-0.341077,0.0149216,0.0266339,0.0359559,0.0417644,0.0443307
33.12,-0.6695586,-3484090.0,-0.618572,-1.46948,-2.38404,-2.96852,-2.79797,-0.136302,-0.19915,-0.280848,-0.360842,-0.401321,0.0123254,0.0228116,0.03073,0.0351201,0.0369067
33.14,0.32484347999999996,-2590370.0,-0.0393359,-2.09634,-2.48623,-2.22528,-1.87593,-0.142881,-0.234808,-0.32955,-0.41278,-0.44806,0.00953359,0.018472,0.024626,0.0273839,0.0284129
33.160000000000004,0.6692424,-1832630.0,0.915717,-1.18834,-1.44535,-0.466086,-0.177222,-0.134117,-0.267655,-0.368866,-0.439694,-0.468591,0.00676362,0.0134474,0.0176419,0.0188591,0.0192464
33.18,-0.012335829,-1242450.0,0.894308,0.294612,-0.0402301,1.12394,1.48499,-0.116017,-0.276592,-0.383722,-0.433115,-0.455513,0.00426228,0.00800495,0.010116,0.010131,0.0100054
33.2,-0.8573202,-660092.0,-1.10544,0.198117,0.086583,0.830623,1.36005,-0.118128,-0.271665,-0.383258,-0.41357,-0.427063,0.00192084,0.00252239,0.00244617,0.00166417,0.00117963
33.22,-0.15639201,192849.0,-3.15461,-1.43935,-0.790026,-0.716366,-0.291156,-0.160728,-0.284077,-0.390293,-0.412427,-0.416374,-0.000867724,-0.00303503,-0.00528934,-0.0065958,-0.00725474
33.24,1.7405024999999998,1437770.0,-2.52593,-2.36168,-0.798411,-1.1582,-1.24284,-0.217534,-0.322087,-0.406177,-0.431173,-0.431714,-0.00465035,-0.00909667,-0.013254,-0.0150318,-0.0157356
33.26,2.6948195999999998,2864560.0,-0.0167321,-1.65773,0.144396,-0.152698,-0.753223,-0.242961,-0.362281,-0.412717,-0.444282,-0.451675,-0.00925529,-0.0159404,-0.021443,-0.0237864,-0.0245695
33.28,2.2900631999999996,4131810.0,2.4587,0.845693,1.62419,1.7622,1.19781,-0.218541,-0.370402,-0.395031,-0.428187,-0.447229,-0.0138703,-0.0232672,-0.0295205,-0.032511,-0.0335585
33.3,0.8035152,5075940.0,3.03822,3.45285,2.36338,2.89563,2.99732,-0.163572,-0.327416,-0.355156,-0.381609,-0.405278,-0.0176914,-0.0302454,-0.0370223,-0.040609,-0.0420836
33.32,-0.21673214999999998,5759370.0,2.5792,5.14897,2.78086,3.24029,4.04619,-0.107397,-0.241398,-0.303713,-0.320249,-0.334842,-0.0204011,-0.0359335,-0.043611,-0.0476276,-0.0494848
33.34,-0.6093684,6253650.0,2.2625,5.32502,3.5783,3.40664,4.20032,-0.0589806,-0.136658,-0.240122,-0.25378,-0.252377,-0.0220649,-0.0397141,-0.0490494,-0.0533679,-0.055357
33.36,-0.6472511999999999,6489280.0,2.57992,4.6213,5.2175,4.28403,4.18215,-0.0105564,-0.0371948,-0.152164,-0.176873,-0.168553,-0.0227603,-0.0414526,-0.0529722,-0.0576744,-0.0595663
33.38,-0.9898844999999998,6339990.0,3.07177,4.23709,7.1811,6.06226,4.88214,0.0459606,0.0513892,-0.0281778,-0.0734104,-0.0779096,-0.0224062,-0.0413106,-0.0547756,-0.0601772,-0.0620309
33.4,-1.9311762,5831560.0,1.86161,3.40218,7.0082,6.67753,5.28652,0.0952943,0.127782,0.113715,0.0539875,0.0237769,-0.0209937,-0.0395189,-0.0539203,-0.0603715,-0.0625722
33.42,-1.7980814999999999,5194450.0,0.253342,2.67543,5.18127,6.28297,6.00557,0.116444,0.188558,0.23561,0.183592,0.136698,-0.0188763,-0.0363555,-0.050427,-0.0579957,-0.0609675
33.44,-1.1351121,4581680.0,0.332428,2.6217,3.68305,6.03771,7.52436,0.122302,0.241529,0.324253,0.306799,0.271997,-0.0164888,-0.0320547,-0.0448284,-0.0530917,-0.0568806
33.46,-1.2038499,3918560.0,0.783031,1.73918,2.30217,5.09896,7.65363,0.133456,0.285138,0.384105,0.418166,0.423777,-0.0139313,-0.026788,-0.0377448,-0.0458421,-0.0499228
33.480000000000004,-0.9356867999999999,3161490.0,0.125324,-0.214529,0.732239,3.13558,5.21431,0.14254,0.300385,0.414449,0.500511,0.552456,-0.0111713,-0.0209328,-0.0297593,-0.0366553,-0.0401605
33.5,0.25609088999999996,2354230.0,0.727507,-0.0341386,1.18781,2.70115,3.21268,0.151068,0.297898,0.43365,0.558879,0.636726,-0.00823523,-0.0149499,-0.0212783,-0.0260614,-0.0282687
33.52,-0.23951946,1422840.0,1.49148,1.08133,1.83669,2.20582,1.37182,0.173258,0.30837,0.463895,0.607948,0.682571,-0.00499197,-0.00888726,-0.0123028,-0.0143932,-0.0150757
33.54,-1.1123355,324873.0,0.532028,1.01273,0.827754,-0.0927916,-1.18641,0.193493,0.32931,0.490539,0.629079,0.684425,-0.00132446,-0.00251045,-0.00275847,-0.00202288,-0.00140573
33.56,-0.6431711999999999,-788322.0,-0.613872,0.719589,-0.254052,-2.31067,-2.94688,0.192675,0.346634,0.496276,0.605044,0.643092,0.00253721,0.00424899,0.00710968,0.0103183,0.0118694
33.58,-0.23213873999999998,-1804300.0,-0.668281,0.412335,-0.891507,-3.40435,-3.84934,0.179853,0.357953,0.484821,0.547894,0.57513,0.00626249,0.0112949,0.0169207,0.0218477,0.0240517
33.6,-0.27151227,-2744990.0,-0.527556,-0.973537,-2.2704,-4.28243,-5.12927,0.167895,0.352341,0.453202,0.471026,0.485344,0.00973997,0.0183978,0.0263009,0.0320369,0.0346564
33.62,0.36130236,-3627390.0,-0.369959,-2.39814,-3.64183,-4.55552,-5.6994,0.15892,0.318624,0.394079,0.382647,0.377057,0.0130081,0.0251074,0.0347737,0.0405737,0.0432804
33.64,0.8560605,-4492830.0,-0.0305426,-2.61739,-3.95717,-3.88884,-4.4769,0.154915,0.268469,0.318089,0.298203,0.275294,0.0161465,0.0309784,0.0418954,0.0473822,0.0498039
33.660000000000004,0.29241564,-5384900.0,-1.07677,-3.19571,-4.6954,-4.1849,-3.62839,0.143841,0.210338,0.231564,0.217466,0.194241,0.019134,0.0357664,0.0473919,0.0525388,0.0544993
33.68,0.43126875,-6140030.0,-3.20314,-4.49135,-5.86046,-5.35268,-4.12639,0.101042,0.133467,0.126005,0.12209,0.116693,0.0215828,0.0392045,0.0509676,0.0559344,0.0576086
33.7,1.5036534,-6468660.0,-4.56691,-5.59543,-6.2756,-5.95253,-5.17232,0.0233416,0.0325993,0.00464437,0.00903769,0.0237065,0.0228267,0.0408652,0.0522741,0.0572457,0.0590126
33.72,2.3294249999999996,-6299570.0,-3.61569,-5.42279,-5.12588,-5.07306,-5.3557,-0.0584844,-0.0775829,-0.10937,-0.101218,-0.0815737,0.0224753,0.0404153,0.0512268,0.0563239,0.058434
33.74,1.8419159999999997,-5825330.0,-1.65235,-4.30308,-3.53095,-3.81216,-4.73823,-0.111165,-0.174842,-0.195939,-0.19007,-0.182513,0.0207788,0.0378911,0.0481737,0.053411,0.0557931
33.76,0.7942281,-5225000.0,-0.413959,-2.46804,-2.33851,-2.87533,-3.56247,-0.131828,-0.242553,-0.254633,-0.256945,-0.26552,0.0183488,0.0337171,0.043668,0.0489408,0.0513128
33.78,-0.20749094999999998,-4519820.0,-0.497944,-0.716019,-2.01444,-2.59321,-2.60907,-0.140947,-0.274393,-0.298163,-0.311631,-0.327235,0.0156211,0.0285477,0.03814,0.0432551,0.0453852
33.8,-0.5919876,-3658210.0,-1.05932,-0.107464,-2.41611,-2.94337,-2.59377,-0.15652,-0.282628,-0.342468,-0.366997,-0.379264,0.0126464,0.0229774,0.0317337,0.0364688,0.0383202
33.82,-0.07474866,-2643070.0,-0.617024,-0.259049,-2.19168,-2.83088,-2.72213,-0.173283,-0.286293,-0.388546,-0.424739,-0.432423,0.0093484,0.0172882,0.0244236,0.0285514,0.0302034
33.84,0.36280940999999994,-1577650.0,0.148444,-0.839045,-1.32612,-2.22311,-2.69051,-0.177969,-0.297274,-0.423724,-0.475279,-0.486549,0.00583588,0.0114526,0.0163009,0.0195512,0.0210136
33.86,0.6105414,-621602.0,1.43246,0.0424031,0.742707,-0.176988,-1.0479,-0.16216,-0.305241,-0.429558,-0.49928,-0.523933,0.00243459,0.00542741,0.00776805,0.00980565,0.0109088
33.88,-0.42783185999999995,111562.0,1.67551,1.40685,2.12109,1.69701,0.970838,-0.13108,-0.290748,-0.40092,-0.48408,-0.524704,-0.000497807,-0.00053248,-0.000536733,-2.79425e-05,0.000422443
33.9,-1.3091547,685090.0,0.717125,2.22281,2.24268,2.59522,2.56793,-0.107154,-0.254452,-0.357283,-0.441157,-0.489316,-0.00288015,-0.00598448,-0.00811877,-0.00928031,-0.00971776
33.92,-1.3632197999999998,1293670.0,-0.694353,1.69577,1.5503,2.43249,3.22317,-0.106926,-0.215266,-0.319353,-0.39088,-0.431405,-0.00502095,-0.0106817,-0.0148851,-0.0176007,-0.018925
33.94,-0.5175072,2071970.0,-1.4891,-0.00945381,0.76597,1.73024,2.83649,-0.128761,-0.198403,-0.29619,-0.349253,-0.370809,-0.00737781,-0.0148183,-0.0210406,-0.025002,-0.0269471
33.96,0.8338449,2978110.0,-0.438895,-0.895797,1.11921,2.02802,2.7033,-0.148041,-0.207455,-0.277338,-0.31167,-0.315411,-0.0101458,-0.0188769,-0.0267758,-0.0316113,-0.0338093
33.980000000000004,1.2256931999999998,3778800.0,2.25747,0.824669,3.12264,4.16339,4.14078,-0.129855,-0.208166,-0.23492,-0.249756,-0.24697,-0.0129248,-0.0230331,-0.0318984,-0.0372255,-0.0394331
34.0,-0.37611275999999993,4264030.0,2.68328,2.48203,3.67779,4.88262,4.67827,-0.0804472,-0.175099,-0.166916,-0.159296,-0.15878,-0.0150278,-0.0268658,-0.0359168,-0.041316,-0.0434906
34.02,-1.0605399,4571790.0,0.0557299,2.14271,1.76897,2.71334,3.03624,-0.0530571,-0.128852,-0.112448,-0.0833365,-0.0816345,-0.0163628,-0.0299053,-0.0387104,-0.0437424,-0.0458948
34.04,0.5685021,5034850.0,-1.69066,1.06284,0.0541923,0.176918,1.01259,-0.0694064,-0.0967966,-0.0942163,-0.0544339,-0.0411462,-0.0175875,-0.0321618,-0.0407771,-0.0451201,-0.0471226
34.06,2.3776302,5652930.0,0.315907,1.15161,0.901874,0.0934243,0.56788,-0.0831539,-0.0746521,-0.0846557,-0.0517305,-0.0253416,-0.0191131,-0.0338763,-0.0425658,-0.0461817,-0.0477874
34.08,2.0856092999999998,6062970.0,2.8955,1.59535,2.46573,1.2441,0.568528,-0.0510398,-0.0471826,-0.0509796,-0.0383553,-0.0139775,-0.020455,-0.0350946,-0.0439221,-0.0470826,-0.0481806
34.1,1.0829442,6116150.0,1.77571,0.760739,1.65347,0.733562,-0.784327,-0.00432767,-0.0236217,-0.00978754,-0.0185787,-0.0161355,-0.0210087,-0.0358027,-0.0445298,-0.0476519,-0.0484818
34.12,1.9299521999999998,6101450.0,-0.85843,-0.0598564,-0.443874,-0.729489,-1.82781,0.00484514,-0.0166129,0.00230845,-0.0185379,-0.0422568,-0.0210035,-0.036205,-0.0446046,-0.0480231,-0.0490657
34.14,3.4754562,6208890.0,-0.152931,1.09425,-0.487251,-0.352164,-0.0713146,-0.00526846,-0.00626893,-0.00700279,-0.0293545,-0.061248,-0.0210077,-0.0364338,-0.0446515,-0.048502,-0.0501007
34.160000000000004,2.8760888999999996,6190770.0,2.33611,2.42321,1.0766,1.22997,2.51874,0.0165634,0.0289057,-0.00110935,-0.0205764,-0.0367737,-0.0208948,-0.0362075,-0.0447327,-0.0490013,-0.051081
34.18,1.1645799,5786430.0,2.94656,2.74241,2.80216,2.84781,3.80338,0.0693901,0.080562,0.0376782,0.0202014,0.0264475,-0.0200353,-0.0351128,-0.044367,-0.0490051,-0.0511842
34.2,-0.12047984999999999,5132710.0,0.646848,1.7978,3.05734,3.21835,2.93962,0.105324,0.125964,0.0962731,0.080863,0.0938775,-0.0182881,-0.0330475,-0.0430275,-0.0479944,-0.049981
34.22,0.16627326,4565600.0,-1.27044,0.732384,2.29593,2.7783,1.75128,0.0990883,0.151266,0.149806,0.14083,0.140787,-0.016244,-0.0302752,-0.0405667,-0.0457775,-0.0476343
34.24,1.0272063,4190600.0,-0.876708,0.0861618,1.59039,2.27876,1.81883,0.0776168,0.159451,0.188669,0.1914,0.176488,-0.0144769,-0.0271681,-0.0371819,-0.0424552,-0.0444616
34.26,1.3088946,3788960.0,1.05018,0.608214,2.16559,2.8216,3.61709,0.0793515,0.166395,0.226229,0.242404,0.230847,-0.0129073,-0.0239096,-0.0330329,-0.0381172,-0.0403882
34.28,0.09275879999999999,3156990.0,1.23738,0.971567,2.25752,2.93587,4.32653,0.102227,0.182193,0.27046,0.299978,0.310283,-0.0110915,-0.0204237,-0.0280661,-0.0326933,-0.0349769
34.300000000000004,-0.6242298,2426950.0,-0.139554,0.862497,1.14514,2.11763,2.91878,0.113205,0.200534,0.304487,0.350513,0.382736,-0.00893715,-0.0165964,-0.0223166,-0.0261884,-0.0280468
34.32,-0.13146627,1864310.0,-0.711608,0.567389,-0.190963,0.950111,0.806814,0.104694,0.214832,0.314028,0.381191,0.419992,-0.00675816,-0.0124428,-0.0161314,-0.0188714,-0.0200195
34.34,0.6087461999999999,1470770.0,-0.31335,-0.457932,-1.24965,-0.708496,-1.10064,0.0944442,0.215927,0.299622,0.383607,0.417054,-0.00476678,-0.00813519,-0.00999494,-0.0112234,-0.011649
34.36,1.3141782,972700.0,1.34233,-0.25836,-0.251571,-0.986836,-1.00511,0.104734,0.208764,0.28461,0.366654,0.395996,-0.002775,-0.00388828,-0.00415261,-0.0037208,-0.00351851
34.38,0.30566646,165969.0,1.45457,0.28622,0.602659,-1.07996,-1.07159,0.132703,0.209043,0.288121,0.345986,0.375229,-0.000400633,0.000289785,0.0015747,0.00340559,0.00419374
34.4,-0.5354846999999999,-776911.0,-0.381358,0.357194,-0.163799,-1.67137,-2.35764,0.143435,0.215477,0.29251,0.318472,0.340937,0.00236075,0.00453498,0.007381,0.0100502,0.0113554
34.42,-0.15947139,-1523670.0,-1.45838,0.182937,-1.33458,-1.97443,-3.20475,0.125038,0.220878,0.277526,0.282014,0.285313,0.00504548,0.00889853,0.0130814,0.016055,0.0176179
34.44,0.24984797999999997,-2030010.0,-1.01221,-0.838012,-2.18624,-2.33903,-3.04643,0.100332,0.214327,0.242317,0.23888,0.222801,0.00729917,0.0132506,0.0182798,0.021264,0.022699
34.46,0.46880679,-2487080.0,-0.527581,-2.54244,-2.71543,-3.02605,-2.58231,0.0849338,0.180523,0.193301,0.185229,0.166514,0.00915183,0.0171991,0.022636,0.0255051,0.0265922
34.480000000000004,0.8168823,-2994230.0,-0.344291,-2.85661,-2.30205,-2.60282,-1.69785,0.0762151,0.126532,0.143126,0.12894,0.123712,0.0107633,0.0202696,0.0260002,0.0286467,0.0294945
34.5,0.40123535999999993,-3527650.0,-0.00626945,-1.16931,-1.14688,-0.716138,-0.445636,0.0727095,0.0862731,0.108637,0.0957506,0.102277,0.0122526,0.0223977,0.0285179,0.0308937,0.0317543
34.52,-1.0106924999999998,-4019810.0,-0.641433,-0.302795,-1.20414,-0.0154612,-0.407169,0.0662324,0.071552,0.0851264,0.0884346,0.0937493,0.013642,0.0239759,0.0304555,0.0327355,0.0337146
34.54,-1.372206,-4347680.0,-1.55558,-0.817291,-1.67982,-0.772045,-0.858161,0.0442623,0.0603512,0.0562868,0.0805595,0.081096,0.0147469,0.025295,0.0318696,0.0344254,0.0354631
34.56,-0.9494057999999999,-4460280.0,-1.36212,-1.27477,-1.03623,-1.32521,-0.681227,0.0150854,0.0394306,0.0291264,0.059587,0.0657021,0.0153404,0.0262928,0.0327238,0.0358269,0.036931
34.58,-1.0902626999999998,-4498510.0,0.066991,-0.622395,0.571939,-0.53265,-0.0359365,0.00213413,0.020459,0.0244835,0.0410085,0.0585304,0.0155126,0.0268917,0.0332599,0.0368329,0.0381734
34.6,-2.1440706,-4587930.0,0.209447,-0.407398,0.584366,-0.1244,-0.740306,0.00489851,0.010161,0.0360465,0.034438,0.050768,0.0155829,0.0271979,0.0338652,0.0375873,0.0392664
34.62,-2.1712382999999997,-4613920.0,-1.07602,-0.940465,-1.04743,-0.805449,-2.07146,-0.00376718,-0.00331758,0.0314159,0.0251395,0.0226503,0.0155942,0.0272663,0.0345398,0.0381831,0.0400005
34.64,-1.1255802,-4428440.0,-1.37433,-1.13891,-2.17624,-1.62003,-2.05329,-0.0282707,-0.0241113,-0.000820821,0.000884656,-0.0185972,0.0152739,0.026992,0.0348457,0.0384433,0.0400411
34.660000000000004,-0.5820069,-4148070.0,0.218807,-0.527949,-1.67701,-1.63768,-0.649505,-0.0398259,-0.0407799,-0.0393533,-0.0316924,-0.0456251,0.0145929,0.0263431,0.034444,0.0381353,0.0393989
34.68,-1.1913855,-4022440.0,1.68844,0.370324,-0.355415,-0.815051,0.435848,-0.0207535,-0.0423562,-0.0596775,-0.0562197,-0.0477617,0.0139871,0.0255118,0.0334537,0.0372561,0.038465
34.7,-2.1954327,-4067430.0,0.314776,-0.0597418,-0.446516,-0.804518,-0.796411,-0.000721385,-0.0392503,-0.0676968,-0.0724154,-0.0513673,0.0137724,0.0246957,0.0321799,0.0359698,0.0374737
34.72,-1.6880031,-4010180.0,-2.06072,-1.31445,-1.57398,-1.64231,-2.89437,-0.0181808,-0.0529923,-0.0879017,-0.0968837,-0.0882751,0.0135833,0.0237733,0.0306239,0.0342768,0.0360773
34.74,-0.22654812,-3663870.0,-2.09669,-1.87464,-1.87661,-2.10138,-3.22313,-0.0597549,-0.0848832,-0.122408,-0.134321,-0.14945,0.012804,0.0223945,0.0285209,0.0319648,0.0337
34.76,0.35180667,-3183620.0,-0.0454223,-1.29935,-0.87821,-1.53351,-1.49654,-0.081176,-0.116623,-0.149956,-0.170669,-0.196647,0.0113947,0.0203795,0.0257972,0.0289149,0.030239
34.78,-0.43005290999999995,-2832910.0,1.28658,-0.114632,0.331602,-0.265673,0.486455,-0.0687645,-0.130763,-0.155422,-0.188661,-0.206748,0.00989526,0.0179056,0.0227434,0.0253216,0.0262051
34.800000000000004,-1.5903584999999998,-2568470.0,-0.799607,-0.690159,-0.959071,-0.78231,-0.394819,-0.0638948,-0.138811,-0.161697,-0.199141,-0.205831,0.00856866,0.0152099,0.0195723,0.0214435,0.0220793
34.82,-0.41999367,-2090120.0,-1.8939,-0.870327,-1.9286,-1.01117,-1.24414,-0.0908298,-0.154416,-0.190573,-0.217076,-0.222221,0.00702142,0.0122776,0.0160496,0.0172814,0.0177988
34.84,0.50551455,-1361890.0,-0.37853,-0.466947,-1.36446,-0.582261,-0.739076,-0.113554,-0.167788,-0.223504,-0.23301,-0.242053,0.00497758,0.00905556,0.0119088,0.0127805,0.0131561
34.86,0.27165353999999997,-741358.0,2.34094,0.860431,1.0262,0.929451,1.30868,-0.09393,-0.163854,-0.226887,-0.229538,-0.236357,0.00290274,0.00573914,0.00740488,0.00815501,0.00837195
34.88,-1.4164229999999998,-446337.0,1.24782,0.503794,1.40748,0.654441,1.06025,-0.0580423,-0.150211,-0.20255,-0.213699,-0.212668,0.00138302,0.00259849,0.00311052,0.00372263,0.0038817
34.9,-1.0887224999999998,-180107.0,-1.84132,-0.481801,0.0412849,-0.52289,-0.829031,-0.0639772,-0.149991,-0.188062,-0.212384,-0.210356,0.000162823,-0.000403537,-0.000795599,-0.000538202,-0.000348534
34.92,0.6280802999999999,404702.0,-1.94335,-0.135496,-0.370253,-0.32489,-1.18007,-0.101824,-0.156164,-0.191352,-0.220862,-0.230447,-0.00149519,-0.00346509,-0.00458974,-0.00487066,-0.00475656
34.94,1.0459539,1143470.0,0.97185,0.935778,0.729703,0.995985,0.554529,-0.111539,-0.148161,-0.187757,-0.214151,-0.236702,-0.00362882,-0.00650835,-0.00838083,-0.00922078,-0.00942804
34.96,-0.05999334,1676380.0,1.79,0.391109,0.841594,0.853713,1.35051,-0.0839204,-0.134893,-0.172044,-0.195654,-0.217652,-0.00558341,-0.00933889,-0.0119788,-0.0133188,-0.0139716
34.980000000000004,0.019397952,2006150.0,0.44402,-0.041732,0.491866,0.4385,1.27415,-0.0615803,-0.131399,-0.15871,-0.182732,-0.191405,-0.00703842,-0.0120018,-0.0152864,-0.0171027,-0.0180621
35.0,0.6021468,2356130.0,-0.397921,0.588445,0.315712,0.718792,0.982115,-0.0611193,-0.125932,-0.150634,-0.171159,-0.168842,-0.00826541,-0.0145751,-0.0183798,-0.0206416,-0.0216646
35.02,0.8454524999999999,2752290.0,0.66728,1.65205,0.850188,1.62755,1.27739,-0.0584257,-0.103527,-0.138975,-0.147695,-0.146247,-0.00946086,-0.0168697,-0.0212759,-0.0238301,-0.0248155
35.04,0.35744676,3028170.0,1.5356,1.73203,1.61245,1.97597,1.75695,-0.0363969,-0.0696859,-0.114349,-0.11166,-0.115904,-0.0104091,-0.0186018,-0.0238091,-0.0264237,-0.027437
35.06,-0.056025029999999996,3080490.0,1.51125,1.79391,2.84798,2.33223,2.60036,-0.00592832,-0.0344265,-0.0697442,-0.0685781,-0.0723307,-0.0108323,-0.0196429,-0.0256501,-0.0282261,-0.0293194
35.08,-0.6934163999999999,2937520.0,1.4065,2.65856,4.02847,3.23549,3.44099,0.0232492,0.0100981,-0.000979727,-0.0129009,-0.0119172,-0.0106591,-0.0198862,-0.0263573,-0.0290409,-0.0301618
35.1,-1.5358802999999999,2668530.0,1.40652,3.39833,4.13101,4.05604,3.66068,0.0513793,0.070667,0.080615,0.0600144,0.0590995,-0.00991285,-0.0190786,-0.025561,-0.0285697,-0.02969
35.12,-1.9137699,2314680.0,1.22493,3.13821,3.41888,4.22817,3.6809,0.0776938,0.136032,0.156114,0.142857,0.132515,-0.00862212,-0.0170116,-0.0231937,-0.026541,-0.0277739
35.14,-1.8289007999999998,1891860.0,0.164419,1.30069,1.98451,2.93985,3.17801,0.0915873,0.180421,0.210148,0.214537,0.201104,-0.00692931,-0.013847,-0.0195311,-0.0229671,-0.0244377
35.160000000000004,-0.8568407999999998,1405000.0,0.243123,0.35131,1.66349,2.24451,3.35402,0.0956627,0.196941,0.246628,0.26638,0.266425,-0.00505681,-0.0100734,-0.0149633,-0.0181579,-0.0197624
35.18,-0.7421213999999999,844506.0,0.413393,-0.0687622,1.17708,1.72831,2.71744,0.102228,0.199767,0.275034,0.306108,0.327139,-0.0030779,-0.00610633,-0.00974668,-0.012433,-0.0138267
35.2,-0.5691803999999999,237850.0,0.187269,-0.0920676,0.380151,1.36489,1.45096,0.108234,0.198159,0.290606,0.33704,0.368823,-0.000973279,-0.00212708,-0.00409029,-0.00600153,-0.00686712
35.22,-0.39508476,-385086.0,0.169441,0.356597,0.085514,1.12469,0.721343,0.111802,0.200804,0.295263,0.361936,0.390546,0.00122708,0.00186255,0.0017684,0.000988235,0.000726575
35.24,-0.7557384,-1043100.0,0.133836,0.412566,-0.0743326,0.104461,0.103513,0.114834,0.208496,0.295374,0.374228,0.398795,0.00349344,0.00595554,0.00767476,0.00834988,0.00861998
35.26,-0.9194840999999999,-1709950.0,-0.239323,-0.122448,-0.479557,-1.44777,-1.03786,0.113779,0.211397,0.289835,0.360795,0.389451,0.00577958,0.0101545,0.0135269,0.0157001,0.0165024
35.28,-0.553044,-2321560.0,-0.31882,-0.337437,-0.63951,-2.03949,-2.11616,0.108198,0.206798,0.278645,0.325922,0.357911,0.00799935,0.0143364,0.0192117,0.0225673,0.0239761
35.300000000000004,-0.5200724999999999,-2869710.0,-0.687169,-1.01508,-1.46939,-2.46534,-3.48866,0.0981381,0.193273,0.257556,0.280874,0.301863,0.0100627,0.0183371,0.0245737,0.0286352,0.0305738
35.32,-0.11015847,-3387640.0,-0.258382,-1.1275,-1.80048,-2.28892,-3.50442,0.0886826,0.171847,0.224857,0.233331,0.231932,0.0119309,0.0219883,0.0293978,0.0337773,0.0359118
35.34,-0.34348959,-3922800.0,0.294188,-0.812359,-1.66615,-2.02714,-2.35336,0.0890407,0.152448,0.190191,0.190171,0.173354,0.0137082,0.0252313,0.0335483,0.0380123,0.0399646
35.36,-0.9602025,-4495870.0,0.106033,-0.572484,-1.55488,-1.88861,-1.23682,0.0930429,0.1386,0.15798,0.151013,0.137453,0.015529,0.0281417,0.03703,0.0414241,0.0430727
35.38,-1.3998072,-5023690.0,-1.27667,-1.38831,-2.31682,-2.34676,-1.63147,0.0813365,0.118992,0.119263,0.108659,0.10877,0.0172728,0.0307177,0.0398024,0.0440209,0.0455349
35.4,-0.8072739,-5314820.0,-3.10945,-3.42312,-3.8972,-3.55009,-3.50963,0.0374752,0.0708776,0.0571233,0.049691,0.0573586,0.0184609,0.0326164,0.0415663,0.0456044,0.0471962
35.42,0.8302238999999999,-5255470.0,-2.78477,-4.23042,-3.94816,-3.60228,-4.04152,-0.021467,-0.00565781,-0.0213303,-0.0218327,-0.0181529,0.018621,0.0332686,0.0419242,0.0458829,0.0475882
35.44,1.1639933999999998,-4974410.0,-1.24141,-3.69499,-2.97427,-2.97244,-3.24614,-0.0617287,-0.0849119,-0.0905546,-0.0875799,-0.0910295,0.017789,0.0323629,0.0408054,0.0447888,0.0464964
35.46,0.48089174999999995,-4620930.0,-0.965184,-3.06213,-2.84113,-3.03786,-2.9043,-0.0837946,-0.152483,-0.148709,-0.147683,-0.152534,0.0163338,0.0299889,0.0384127,0.0424362,0.0440608
35.480000000000004,0.39678764999999994,-4100570.0,-2.115,-2.80027,-3.82728,-3.88388,-3.62414,-0.114596,-0.211107,-0.215393,-0.2169,-0.217818,0.0143499,0.026353,0.0347717,0.0387904,0.0403573
35.5,1.2544929,-3290940.0,-1.54072,-1.48192,-3.46929,-3.46897,-3.38655,-0.151154,-0.253929,-0.288358,-0.290429,-0.287925,0.0116924,0.0217026,0.0297342,0.0337171,0.0352998
35.52,0.9888696,-2340270.0,0.274311,-0.26524,-2.07475,-2.52911,-2.68359,-0.163818,-0.271401,-0.343799,-0.35041,-0.348626,0.00854267,0.0164493,0.0234126,0.0273087,0.0289343
35.54,0.23100245999999997,-1454530.0,0.618803,-0.498735,-1.28998,-2.46823,-2.87151,-0.154887,-0.27904,-0.377446,-0.400383,-0.404177,0.00535563,0.0109449,0.0162002,0.0198008,0.0214063
35.56,0.49336839,-625095.0,0.0710735,-0.508389,-0.518608,-1.99553,-2.71441,-0.147988,-0.289112,-0.395532,-0.445021,-0.460037,0.00232688,0.00526342,0.00847042,0.0113467,0.0127641
35.58,0.6839253,204262.0,0.197838,0.539461,0.519265,-0.513765,-1.39982,-0.145299,-0.288801,-0.395525,-0.470114,-0.501179,-0.000605981,-0.000515709,0.000559848,0.00219539,0.00315198
35.6,0.16790985,1006090.0,0.264478,0.96392,0.667063,0.427508,-0.116403,-0.140676,-0.273767,-0.383662,-0.470976,-0.516341,-0.00346572,-0.00614139,-0.00723203,-0.00721551,-0.00702322
35.62,0.22526393999999997,1792740.0,-0.0344416,0.602009,0.512978,0.866937,1.1141,-0.138375,-0.258108,-0.371862,-0.458032,-0.506364,-0.00625623,-0.0114601,-0.0147873,-0.0165056,-0.0172503
35.64,0.6449408999999999,2592080.0,0.177851,0.644457,1.24099,1.9136,2.78891,-0.136941,-0.245643,-0.354322,-0.430226,-0.467334,-0.00900939,-0.0164977,-0.0220491,-0.0253882,-0.0269873
35.660000000000004,0.40592633999999994,3321860.0,1.22708,1.47413,2.63389,3.62516,4.46199,-0.122892,-0.224457,-0.315573,-0.374839,-0.394825,-0.0116077,-0.0211987,-0.028748,-0.0334388,-0.0356089
35.68,-0.44531720999999996,3907210.0,1.19369,1.57072,2.8332,4.17319,4.53678,-0.098684,-0.194009,-0.260902,-0.296855,-0.304837,-0.0138235,-0.0253833,-0.0345128,-0.0401558,-0.0426055
35.7,-0.24895190999999997,4395280.0,0.900414,1.96654,3.09693,4.46417,4.58703,-0.077743,-0.158636,-0.201601,-0.210482,-0.213599,-0.0155877,-0.0289098,-0.0391378,-0.0452291,-0.0477898
35.72,-0.24243104999999998,4814860.0,0.683609,2.31936,3.414,4.28015,4.62026,-0.0619027,-0.115777,-0.136491,-0.123038,-0.121526,-0.0169842,-0.0316539,-0.0425187,-0.0485643,-0.0511411
35.74,-0.28489670999999994,5156510.0,0.324557,1.81974,2.97815,3.14981,3.67964,-0.0518211,-0.0743861,-0.0725699,-0.0487387,-0.0385274,-0.0181214,-0.0335555,-0.0446094,-0.0502821,-0.0527416
35.76,0.42747384,5482260.0,0.0796574,1.01591,2.08826,1.90721,2.11993,-0.0477789,-0.0460296,-0.0219058,0.00183159,0.0194683,-0.0191174,-0.0347597,-0.0455541,-0.0507512,-0.0529322
35.78,1.4265873,5796610.0,1.07904,1.47245,2.13406,2.05303,1.68296,-0.036192,-0.021146,0.0203175,0.0414341,0.0574973,-0.0199572,-0.0354314,-0.04557,-0.0503185,-0.0521626
35.800000000000004,1.1913498,5955880.0,1.75387,1.79777,1.79807,1.89132,1.34803,-0.00786286,0.0115561,0.0596388,0.0808776,0.0878072,-0.0203977,-0.0355273,-0.0447704,-0.0490954,-0.0507095
35.82,1.1214032999999999,5892350.0,1.39177,1.51157,0.864657,0.8679,0.765282,0.0235935,0.0446495,0.0862661,0.10847,0.10894,-0.0202404,-0.0349653,-0.0433114,-0.0472019,-0.0487421
35.84,1.6611107999999999,5691640.0,0.915829,1.45014,0.476672,0.202019,0.591588,0.0466695,0.0742666,0.0996794,0.119169,0.122509,-0.0195378,-0.0337761,-0.0414519,-0.0449255,-0.0464276
35.86,1.8413141999999998,5380640.0,1.13133,1.83137,1.04858,0.589389,0.897132,0.0671411,0.107082,0.114932,0.127083,0.137396,-0.0183997,-0.0319626,-0.0393058,-0.042463,-0.0438285
35.88,1.2706752,4918770.0,0.769826,1.21665,1.07679,0.629256,0.360118,0.0861527,0.137562,0.136186,0.139269,0.149969,-0.0168667,-0.0295162,-0.0367947,-0.0397995,-0.0409549
35.9,1.3591653,4377150.0,-0.0844679,0.147693,0.732577,0.402975,-0.281125,0.0930063,0.151205,0.154279,0.149592,0.150759,-0.0150751,-0.0266285,-0.03389,-0.0369109,-0.0379476
35.92,1.7683025999999997,3872290.0,-0.471952,-0.299324,0.641181,0.506607,0.0229807,0.0874421,0.149689,0.168017,0.158688,0.148177,-0.0132706,-0.0236196,-0.030667,-0.0338281,-0.0349582
35.94,1.6890995999999998,3362310.0,0.650214,0.699135,1.46434,1.68181,1.81819,0.0892247,0.153687,0.189072,0.180572,0.166589,-0.011504,-0.0205858,-0.0270962,-0.0304355,-0.0318106
35.96,0.38747046,2727910.0,1.05437,1.19887,1.51256,2.19918,2.84575,0.106271,0.172667,0.218841,0.219382,0.213228,-0.00954903,-0.0173223,-0.023017,-0.026436,-0.0280124
35.980000000000004,-0.29975301,2000880.0,0.436701,1.14815,1.1584,2.16506,2.90554,0.121181,0.196137,0.24555,0.263024,0.270741,-0.00727451,-0.0136342,-0.0183731,-0.0216119,-0.0231727
36.0,-0.46683104999999997,1309670.0,-0.405227,0.62148,0.734643,1.65574,2.15295,0.121496,0.213833,0.264481,0.301232,0.321326,-0.00484774,-0.00953454,-0.0132728,-0.0159693,-0.017252
36.02,-0.28315353,682566.0,-0.211747,0.186202,0.732883,1.20383,1.35287,0.115326,0.22191,0.279156,0.329828,0.356384,-0.00247951,-0.0051771,-0.00783643,-0.00965873,-0.0104749
36.04,-0.33591558,67382.1,-0.217012,-0.728353,0.193046,0.160595,0.0214277,0.111039,0.216489,0.288415,0.343472,0.370127,-0.000215865,-0.000793107,-0.00216072,-0.00292573,-0.0032098
36.06,0.08050248,-520079.0,-0.878234,-1.57958,-0.805845,-1.10903,-1.39618,0.100086,0.193409,0.282287,0.333988,0.35638,0.00189538,0.00330588,0.00354631,0.00384887,0.00405527
36.08,0.6989091,-1015680.0,-1.08703,-1.49227,-1.5048,-1.8131,-2.0718,0.0804336,0.162691,0.259181,0.304766,0.3217,0.00370058,0.00686688,0.00896099,0.0102364,0.0108361
36.1,0.7742718,-1392000.0,-1.09973,-1.55254,-2.55419,-2.78894,-2.885,0.058566,0.132243,0.218591,0.258746,0.272132,0.00509058,0.00981622,0.0137387,0.0158715,0.0167744
36.12,1.1592350999999999,-1645410.0,-0.690259,-1.60841,-3.18763,-3.47577,-3.42667,0.0406661,0.100633,0.161173,0.196099,0.209016,0.0060829,0.012145,0.0175363,0.02042,0.0215859
36.14,1.3383828,-1820920.0,-0.228589,-1.53578,-3.08264,-3.60044,-3.59584,0.0314776,0.0691915,0.0984702,0.125337,0.138791,0.00680434,0.0138432,0.0201328,0.0236343,0.0250639
36.160000000000004,1.1199192,-1973870.0,-0.662267,-2.01266,-3.22877,-4.02391,-4.28333,0.0225691,0.0337071,0.0353561,0.0490935,0.059999,0.0073448,0.0148722,0.021471,0.0253786,0.0270518
36.18,1.4365527,-2064660.0,-1.17344,-2.2925,-3.23454,-4.17912,-4.74359,0.00421201,-0.00934445,-0.0292771,-0.0329368,-0.0302702,0.00761262,0.0151158,0.0215318,0.0255402,0.0273491
36.2,1.7209134,-2077180.0,-0.125899,-0.886748,-1.64988,-2.54337,-3.19941,-0.0087814,-0.0411369,-0.0781213,-0.100162,-0.1097,0.00756692,0.014611,0.0204578,0.0242092,0.0259494
36.22,0.36947459999999993,-2102260.0,0.208571,-0.0706092,-0.607779,-1.2931,-1.73007,-0.00795469,-0.0507105,-0.100698,-0.138526,-0.158995,0.00739956,0.0136926,0.0186697,0.0218224,0.0232625
36.24,-0.50849142,-2076170.0,-1.69138,-1.47049,-1.69012,-2.06078,-2.12864,-0.0227828,-0.0661215,-0.123677,-0.172065,-0.197582,0.00709219,0.0125242,0.0164259,0.0187164,0.0196967
36.26,0.7395611999999999,-1755470.0,-2.84757,-2.74754,-2.62661,-2.58287,-2.38712,-0.0681723,-0.108302,-0.166844,-0.218502,-0.24274,0.00618263,0.01078,0.0135207,0.0148108,0.0152935
36.28,1.8762695999999999,-1180740.0,-0.250996,-1.18348,-0.781217,-0.273098,-0.00644174,-0.099158,-0.147612,-0.200922,-0.247061,-0.266675,0.00450933,0.00822086,0.00984303,0.0101551,0.0101993
36.300000000000004,0.21860385,-731526.0,2.13107,0.611463,1.10428,1.96419,2.24367,-0.0803573,-0.153332,-0.197692,-0.23015,-0.244303,0.00271418,0.00521142,0.00585689,0.00538302,0.00508955
36.32,-1.5184892999999997,-518037.0,0.723924,0.499876,0.763153,1.68,2.0455,-0.0518074,-0.142219,-0.179017,-0.193708,-0.201411,0.00139253,0.00225591,0.0020898,0.00114444,0.000632405
36.34,-1.0026651,-202894.0,-1.99382,-0.359659,-0.458016,0.17524,0.617888,-0.0645064,-0.140817,-0.175966,-0.175156,-0.174777,0.000229391,-0.000574442,-0.00146003,-0.00254421,-0.00312948
36.36,0.5179916999999999,387984.0,-0.961579,0.506912,0.450778,0.5884,0.894599,-0.0940605,-0.139344,-0.176038,-0.16752,-0.159652,-0.00135628,-0.00337605,-0.00498008,-0.00597097,-0.00647378
36.38,0.060190709999999994,977152.0,1.39261,1.09035,1.66975,1.3274,1.24045,-0.0897502,-0.123371,-0.154833,-0.148362,-0.138302,-0.00319438,-0.0060032,-0.00828879,-0.00912978,-0.00945332
36.4,-0.6540444,1364260.0,0.899816,0.0520086,1.15416,0.588144,0.0920461,-0.0668259,-0.111948,-0.126594,-0.129206,-0.124977,-0.00476015,-0.0083564,-0.0111031,-0.0119055,-0.0120861
36.42,0.21085746,1742660.0,-1.11406,-0.844315,-0.201713,-0.603627,-1.18941,-0.0689683,-0.119871,-0.11707,-0.129361,-0.135951,-0.00611809,-0.0106746,-0.0135397,-0.0144911,-0.0146954
36.44,1.5589169999999999,2274200.0,-0.500023,0.205141,-0.363909,-0.355044,-0.587782,-0.0851091,-0.126263,-0.122726,-0.138948,-0.153723,-0.00765886,-0.0131359,-0.0159376,-0.0171742,-0.0175921
36.46,1.3933301999999999,2761450.0,2.05348,1.86813,0.539757,0.818385,1.14017,-0.0695745,-0.10553,-0.120967,-0.134314,-0.148199,-0.0092057,-0.0154538,-0.0183746,-0.0199068,-0.0206113
36.480000000000004,0.20495523,2956310.0,2.48654,2.07321,1.10277,1.24146,1.84889,-0.0241743,-0.0661166,-0.104542,-0.113716,-0.118308,-0.0101432,-0.0171703,-0.0206297,-0.0223871,-0.0232764
36.5,-0.20751135,2900780.0,0.975522,1.73214,1.65169,1.42457,1.73389,0.0104464,-0.0280632,-0.0769974,-0.0870555,-0.0824804,-0.0102805,-0.0181121,-0.0224451,-0.0243949,-0.0252843
36.52,-0.1816671,2767620.0,0.401729,2.03596,2.57996,2.19517,1.83022,0.0242189,0.00961772,-0.0346809,-0.0508581,-0.0468393,-0.00993381,-0.0182966,-0.0235618,-0.025774,-0.0265775
36.54,-0.5376878999999999,2602430.0,0.84554,2.11146,3.0183,2.83719,2.07328,0.0366916,0.0510919,0.0213017,-0.000534478,-0.00780433,-0.00932471,-0.0176895,-0.0236956,-0.0262879,-0.0271239
36.56,-0.7858028999999999,2368530.0,0.560143,1.22949,2.55507,2.70457,2.28541,0.0507484,0.0845013,0.0770354,0.0548831,0.0357825,-0.00845031,-0.0163335,-0.0227123,-0.0257444,-0.0268441
36.58,-0.516375,2062860.0,0.0100583,0.608227,2.17681,2.61494,3.01086,0.0564504,0.102878,0.124354,0.108078,0.0887452,-0.00737832,-0.0144597,-0.0206984,-0.0241148,-0.0255989
36.6,-0.5250296999999999,1671930.0,0.92548,1.5834,2.76552,3.58508,4.51222,0.0658058,0.124795,0.173778,0.170078,0.163976,-0.00615576,-0.012183,-0.0177171,-0.0213333,-0.0230717
36.62,-1.6212033000000001,1168490.0,1.44233,2.12184,2.4996,3.8186,4.62508,0.0894839,0.161847,0.226429,0.244115,0.255349,-0.00460286,-0.00931659,-0.013715,-0.0171913,-0.0188784
36.64,-1.9663814999999998,630610.0,0.0765251,0.856914,0.785261,2.28463,2.70186,0.104672,0.191634,0.259277,0.305148,0.328618,-0.0026613,-0.00578178,-0.00885793,-0.0116987,-0.0130387
36.660000000000004,-0.7785200999999999,166451.0,-0.933148,-0.498067,-0.307946,0.609365,0.864512,0.0961062,0.195223,0.264051,0.334088,0.364282,-0.000653512,-0.0019132,-0.00362465,-0.00530634,-0.00610973
36.68,0.11148549,-302313.0,0.361121,-0.156808,0.503191,0.341172,0.556335,0.090386,0.188674,0.266003,0.343593,0.378491,0.00121141,0.00192577,0.00167588,0.00147047,0.001318
36.7,-0.6492197999999999,-928764.0,1.17576,0.352708,0.940124,0.0214331,-0.112124,0.105755,0.190633,0.280436,0.347219,0.382933,0.00317282,0.00571884,0.00714027,0.00837859,0.00893223
36.72,-1.1727858,-1629200.0,-0.347241,-0.149586,-0.337393,-1.26187,-1.97764,0.11404,0.192664,0.286463,0.334815,0.362035,0.00537077,0.00955182,0.0128093,0.0151989,0.0163819
36.74,-0.39145764,-2167250.0,-1.76954,-0.869818,-1.94709,-2.54249,-3.43657,0.0928721,0.18247,0.263619,0.296771,0.307893,0.00743989,0.0133032,0.0183101,0.0215148,0.0230812
36.76,0.48219326999999995,-2503700.0,-1.0323,-1.27224,-2.64872,-3.17965,-3.55323,0.0648537,0.16105,0.217661,0.23955,0.237995,0.00901715,0.0167384,0.0231229,0.026878,0.0285401
36.78,0.6102609,-2796210.0,0.00266965,-1.94867,-2.98472,-3.68745,-3.42294,0.0545574,0.128841,0.161326,0.170879,0.168233,0.0102113,0.0196373,0.0269128,0.0309823,0.0326024
36.800000000000004,0.7152648,-3122280.0,-0.328806,-2.50302,-3.19447,-3.814,-3.5403,0.0512961,0.0843239,0.0995344,0.0958641,0.0986009,0.0112698,0.0217689,0.0295214,0.0336497,0.0352707
36.82,0.8690399999999999,-3411520.0,-1.17916,-2.34346,-3.1676,-3.32193,-3.57502,0.0362164,0.035859,0.0359137,0.0245048,0.0274477,0.0121449,0.0229708,0.0308758,0.0348534,0.0365312
36.84,0.7616187,-3605640.0,-0.73564,-1.2095,-2.31465,-2.1174,-2.63802,0.0170685,0.00032943,-0.0189089,-0.0298885,-0.0346827,0.0126778,0.0233326,0.0310459,0.0347996,0.0364588
36.86,-0.13465275,-3706640.0,-0.659132,-1.02066,-1.8869,-1.89173,-2.03346,0.00312073,-0.0219722,-0.0609244,-0.0699798,-0.0813975,0.0128797,0.0231162,0.0302476,0.0338009,0.035298
36.88,-0.35517521999999996,-3669980.0,-1.5786,-1.80974,-1.87599,-2.37493,-2.04264,-0.0192566,-0.0502762,-0.0985534,-0.112646,-0.122158,0.0127183,0.0223937,0.0286528,0.0319746,0.0332625
36.9,0.11226936,-3448560.0,-1.58364,-1.81589,-1.19655,-1.81324,-1.61084,-0.0508789,-0.0865324,-0.129279,-0.154528,-0.158693,0.0120169,0.0210256,0.0263745,0.0293029,0.030454
36.92,-0.10004619,-3085700.0,-0.898216,-1.51932,-0.872938,-0.999459,-1.36891,-0.0756975,-0.119884,-0.149974,-0.182655,-0.188491,0.0107512,0.0189615,0.0235819,0.025931,0.0269821
36.94,-0.25509588,-2602270.0,-0.897475,-1.75878,-1.60777,-1.11726,-1.65696,-0.0936544,-0.152665,-0.174781,-0.203822,-0.218749,0.00905766,0.016236,0.0203344,0.0220663,0.0229097
36.96,0.37796763,-1952930.0,-1.28488,-1.97836,-2.37031,-1.71643,-1.64445,-0.115478,-0.190037,-0.214562,-0.232159,-0.251764,0.00696633,0.012809,0.016441,0.0177064,0.0182046
36.980000000000004,1.0608408,-1167220.0,-0.875927,-1.55208,-2.25586,-1.92014,-1.10878,-0.137086,-0.225341,-0.260823,-0.268525,-0.279296,0.00444069,0.00865517,0.0116871,0.0126996,0.012894
37.0,1.1403854999999998,-343134.0,-0.245208,-1.13818,-1.91265,-1.97268,-1.20239,-0.148297,-0.252244,-0.302508,-0.307453,-0.302408,0.00158686,0.00387932,0.0060538,0.00693982,0.00707695
37.02,1.2969707999999998,509588.0,-0.363487,-1.08979,-1.7632,-2.06282,-2.15095,-0.154384,-0.274523,-0.339267,-0.347808,-0.335941,-0.00143996,-0.00138835,-0.000363951,0.000387206,0.00069347
37.04,1.8359591999999998,1422470.0,-0.124743,-0.330968,-0.808274,-1.33052,-2.22594,-0.159267,-0.288731,-0.364981,-0.381742,-0.37971,-0.00457647,-0.0070209,-0.00740643,-0.00690829,-0.00646304
37.06,1.6182249,2296460.0,1.09788,1.21598,0.92943,0.0872981,-0.838736,-0.149535,-0.279881,-0.36377,-0.394174,-0.410356,-0.00766449,-0.012707,-0.0146939,-0.0146674,-0.0143637
37.08,0.5465975999999999,3018390.0,1.23177,1.67202,1.49739,0.471147,0.104643,-0.126239,-0.251001,-0.339502,-0.388589,-0.417697,-0.0104222,-0.0180158,-0.0217267,-0.0224951,-0.0226442
37.1,0.49096730999999993,3683880.0,-0.16292,0.878826,0.782413,0.032987,0.113553,-0.11555,-0.225492,-0.316704,-0.383548,-0.415515,-0.0128401,-0.0227808,-0.0282887,-0.0302165,-0.0309764
37.12,1.5585191999999997,4418730.0,-0.218168,0.916641,1.0237,0.973599,1.07882,-0.119361,-0.207538,-0.298642,-0.373482,-0.403592,-0.0151892,-0.0271111,-0.0344422,-0.0377868,-0.0391674
37.14,1.5824382,5092490.0,1.58643,1.88295,2.4061,3.07101,3.1028,-0.105679,-0.179542,-0.264344,-0.333036,-0.361775,-0.0174396,-0.0309819,-0.040072,-0.0448519,-0.0468211
37.160000000000004,0.46009496999999994,5491990.0,2.65489,2.52698,3.49529,4.55218,4.78726,-0.0632655,-0.135442,-0.205331,-0.256804,-0.282875,-0.0191291,-0.0341317,-0.0447688,-0.0507503,-0.0532676
37.18,-0.36313479,5644030.0,1.38948,2.30393,3.44164,4.57651,5.19549,-0.0228219,-0.0871334,-0.135961,-0.165517,-0.183047,-0.01999,-0.0363575,-0.0481817,-0.0549736,-0.0579268
37.2,-0.09114618,5741870.0,-0.0911904,2.03933,3.09299,4.16283,4.95327,-0.00983905,-0.0437008,-0.0706148,-0.0781239,-0.0815598,-0.0203166,-0.0376658,-0.0502475,-0.05741,-0.0605729
37.22,0.40565093999999996,5833960.0,0.646707,2.55151,3.67584,4.58212,5.15435,-0.00428388,0.00220756,-0.00292658,0.00932563,0.0195164,-0.0204578,-0.0380807,-0.0509829,-0.058098,-0.0611933
37.24,-0.056490149999999996,5787540.0,1.78559,2.7042,4.22259,4.82814,4.99584,0.0200391,0.0547647,0.0760577,0.103428,0.121018,-0.0203002,-0.037511,-0.0502516,-0.0569704,-0.059788
37.26,-0.50736483,5536090.0,1.58255,2.34377,4.07929,4.35782,4.24175,0.0537205,0.105244,0.159076,0.195288,0.213394,-0.0195626,-0.0359109,-0.0479002,-0.0539833,-0.0564439
37.28,-0.43899014999999997,5114690.0,1.68516,3.02836,4.23347,4.38351,4.23831,0.0863976,0.158966,0.242204,0.282701,0.298195,-0.0181615,-0.0332688,-0.0438874,-0.0492034,-0.051328
37.300000000000004,-1.0356314999999998,4524190.0,1.72239,3.29492,3.47124,3.71285,3.73945,0.120473,0.222198,0.319251,0.363665,0.377972,-0.0160928,-0.0294572,-0.0382729,-0.0427397,-0.0445663
37.32,-1.0543638,3766960.0,1.44457,2.69356,2.23451,2.51216,2.75924,0.152143,0.282083,0.376309,0.425915,0.442959,-0.0133666,-0.0244144,-0.0313173,-0.0348439,-0.036357
37.34,-0.6142082999999999,2855350.0,1.24983,2.03456,1.78714,1.8335,2.14412,0.179087,0.329364,0.416525,0.469371,0.491993,-0.0100543,-0.0182999,-0.0233889,-0.025891,-0.0270075
37.36,-0.6881531999999999,1767770.0,0.964674,1.2843,1.61925,1.34928,1.42421,0.201232,0.362553,0.450589,0.501199,0.527676,-0.00625112,-0.0113807,-0.0147178,-0.0161853,-0.0168108
37.38,-0.8353085999999998,542281.0,0.449347,0.444396,1.0098,0.695686,0.369387,0.215372,0.37984,0.476879,0.521649,0.545612,-0.00208509,-0.00395679,-0.00544311,-0.00595686,-0.00607789
37.4,-0.6687323999999999,-687874.0,-0.474953,-0.514892,-0.218412,-0.265511,-0.754867,0.215116,0.379135,0.484793,0.525951,0.541757,0.00221979,0.00363296,0.00417361,0.00451914,0.00479581
37.42,-0.20107973999999998,-1821670.0,-1.18008,-1.31799,-1.40546,-1.20715,-1.36343,0.198566,0.360806,0.468555,0.511224,0.520574,0.0063566,0.0110324,0.0137071,0.0148909,0.0154191
37.44,0.07203137999999999,-2863530.0,-1.12991,-1.78333,-2.06771,-1.88605,-1.49489,0.175466,0.329793,0.433823,0.480292,0.491991,0.0100969,0.0179384,0.0227309,0.0248061,0.0255448
37.46,-0.042758348999999994,-3834610.0,-0.873058,-2.04638,-2.42339,-2.38034,-1.81724,0.155436,0.291496,0.388912,0.437628,0.45887,0.0134059,0.0241513,0.0309582,0.0339853,0.0350534
37.480000000000004,-0.23261814,-4676190.0,-1.40596,-2.61134,-3.18065,-3.17756,-3.02134,0.132646,0.244919,0.332872,0.382049,0.410484,0.0162868,0.0295154,0.0381761,0.042182,0.0437469
37.5,0.10588007999999999,-5315440.0,-1.66326,-2.76779,-3.61155,-3.64253,-4.01816,0.101954,0.191128,0.26495,0.313848,0.340089,0.0186327,0.0338759,0.0441543,0.049141,0.0512527
37.52,0.17366061,-5795050.0,-1.02405,-2.33836,-3.34534,-3.66819,-4.15811,0.0750805,0.140066,0.195381,0.240741,0.258326,0.0204031,0.0371878,0.0487576,0.0546869,0.0572368
37.54,-0.33629909999999996,-6214990.0,-0.532963,-1.91261,-2.9101,-3.74737,-3.98304,0.0595104,0.0975564,0.132826,0.166585,0.176915,0.021749,0.039564,0.0520396,0.0587602,0.0615892
37.56,-0.8343957,-6575180.0,-0.90077,-1.7128,-2.67561,-3.84961,-3.97603,0.045173,0.0613022,0.0769692,0.0906154,0.0973242,0.0227958,0.0411526,0.0541376,0.0613322,0.0643316
37.58,-1.0231671,-6807240.0,-1.06489,-1.25514,-2.23448,-3.27971,-3.67154,0.0255165,0.0316228,0.0278683,0.0193222,0.0208485,0.0235027,0.0420819,0.055186,0.0624315,0.0655134
37.6,-1.4371289999999999,-6905130.0,-0.752818,-1.02886,-1.90882,-2.53429,-3.1881,0.00733943,0.00878282,-0.0135646,-0.0388178,-0.047748,0.0238313,0.0424859,0.055329,0.0622366,0.0652444
37.62,-1.7722805999999998,-6878390.0,-1.23434,-2.0444,-2.56574,-2.849,-3.31124,-0.0125322,-0.0219498,-0.0583101,-0.0926508,-0.112741,0.0237794,0.0423542,0.0546103,0.0609219,0.0636395
37.64,-1.0697811,-6681200.0,-1.73733,-2.9066,-3.00141,-3.09963,-3.02224,-0.0422489,-0.0714598,-0.113982,-0.152137,-0.176076,0.0232315,0.0414202,0.0528873,0.058474,0.0607513
37.660000000000004,-0.49403648999999994,-6322460.0,-1.28875,-2.57741,-2.52976,-2.3867,-1.94066,-0.0725097,-0.1263,-0.169293,-0.207,-0.225705,0.022084,0.0394426,0.0500546,0.0548826,0.0567335
37.68,-0.80172,-5855890.0,-1.22687,-2.44135,-2.60342,-2.1011,-1.71726,-0.0976658,-0.176487,-0.220625,-0.251878,-0.262284,0.0203822,0.0364147,0.0461554,0.0502939,0.0518536
37.7,-0.5693282999999999,-5220800.0,-1.82317,-2.70202,-3.13143,-2.44683,-2.29657,-0.128166,-0.227921,-0.277974,-0.297357,-0.302423,0.0181239,0.0323706,0.0411694,0.0448015,0.0462065
37.72,0.22748192999999997,-4344820.0,-1.53536,-2.16731,-2.63872,-2.23889,-2.16718,-0.161752,-0.276614,-0.335675,-0.344215,-0.34706,0.0152247,0.0273252,0.0350329,0.0383858,0.0397117
37.74,0.24330978,-3332600.0,-0.357346,-1.11503,-1.44202,-1.65776,-1.57687,-0.180679,-0.309438,-0.376482,-0.383181,-0.384501,0.0118004,0.0214647,0.0279114,0.0311118,0.0323961
37.76,-0.23958117,-2331340.0,0.333687,-0.349423,-0.604045,-1.31836,-1.42213,-0.180915,-0.324082,-0.396943,-0.412942,-0.414491,0.00818447,0.0151295,0.0201771,0.0231506,0.0244062
37.78,-0.34115328,-1346390.0,0.163108,0.220394,-0.170994,-1.00027,-1.47347,-0.175947,-0.325373,-0.404693,-0.436128,-0.443447,0.00461584,0.00863497,0.0121607,0.0146599,0.0158268
37.800000000000004,-0.16331832,-330905.0,0.020515,0.766716,0.201448,-0.488267,-1.15184,-0.174111,-0.315502,-0.404389,-0.451014,-0.4697,0.00111526,0.00222623,0.00406992,0.00578847,0.00669533
37.82,-0.040149291,679380.0,0.528451,1.13677,0.658637,0.129033,-0.303436,-0.168621,-0.296467,-0.395788,-0.454606,-0.484252,-0.00231206,-0.00389345,-0.00393185,-0.00326773,-0.00284419
37.84,-0.017054043,1600810.0,1.14485,1.2798,1.20434,0.85316,0.859327,-0.151888,-0.272301,-0.377158,-0.444784,-0.478694,-0.00551716,-0.00958113,-0.0116613,-0.0122616,-0.0124737
37.86,-0.05811297,2427240.0,0.319736,0.458628,0.822063,0.825275,1.08167,-0.137242,-0.254917,-0.356894,-0.428,-0.459284,-0.00840847,-0.0148533,-0.0190018,-0.0209895,-0.0218534
37.88,0.8011488,3237970.0,-0.254595,0.125892,0.699692,1.22429,1.45822,-0.136591,-0.249072,-0.341677,-0.407504,-0.433885,-0.0111468,-0.0198932,-0.0259875,-0.0293445,-0.0307851
37.9,1.3201961999999998,4036540.0,0.500058,0.787101,1.40386,2.34697,2.55534,-0.134136,-0.239942,-0.320641,-0.371792,-0.393749,-0.0138541,-0.0247833,-0.0326107,-0.0371375,-0.0390614
37.92,0.9572802,4725430.0,1.3281,1.54429,2.24655,3.25049,3.62203,-0.115855,-0.216628,-0.284137,-0.315817,-0.331975,-0.016354,-0.029349,-0.0386585,-0.0440136,-0.0463187
37.94,0.47741457,5278640.0,0.881306,1.63052,2.46699,3.21332,3.76281,-0.0937608,-0.18488,-0.237002,-0.251179,-0.258127,-0.0184501,-0.0333641,-0.0438699,-0.0496835,-0.0522197
37.96,0.669222,5764520.0,0.551297,1.97927,2.84946,3.27906,3.72466,-0.0794348,-0.148782,-0.183837,-0.186255,-0.183252,-0.0201821,-0.0367007,-0.0480783,-0.0540579,-0.0566335
37.980000000000004,0.6787131,6161670.0,1.6818,3.18395,3.99197,4.22017,4.28649,-0.0571039,-0.0971495,-0.115423,-0.111263,-0.103141,-0.0215475,-0.03916,-0.0510709,-0.057033,-0.0594974
38.0,-0.19505867999999998,6336100.0,2.61998,3.92077,4.71801,4.82314,4.57234,-0.0140861,-0.0261023,-0.028323,-0.0208297,-0.0145528,-0.0222594,-0.0403925,-0.0525083,-0.058354,-0.0606744
38.02,-0.8222628,6250040.0,1.92387,3.44344,4.28104,4.27346,4.03677,0.0313524,0.0475398,0.0616674,0.0701363,0.0715383,-0.0220867,-0.0401782,-0.0521749,-0.0578609,-0.0601045
38.04,-0.45192477,6013560.0,0.779493,2.55124,3.33002,3.29645,3.31033,0.0583861,0.107486,0.137778,0.145835,0.145009,-0.0211893,-0.0386279,-0.0501804,-0.0557012,-0.0579391
38.06,0.26383778999999996,5729670.0,0.136937,1.34985,1.96537,2.10528,2.31693,0.0675504,0.146497,0.190732,0.199853,0.201282,-0.01993,-0.0360881,-0.0468953,-0.0522443,-0.0544761
38.08,1.2299210999999999,5414650.0,0.248063,0.303392,0.805553,1.24907,1.48572,0.0714004,0.16303,0.218441,0.233396,0.239308,-0.0185405,-0.0329928,-0.0428036,-0.0479118,-0.0500702
38.1,1.8953691,5038680.0,0.228779,-0.49837,-0.0748329,0.571507,0.782406,0.0761688,0.16108,0.225748,0.251602,0.26199,-0.0170648,-0.0297517,-0.0383617,-0.0430618,-0.0450573
38.12,2.2901141999999997,4606190.0,-0.204972,-0.962767,-0.819234,-0.223035,0.0227922,0.0764069,0.146469,0.216808,0.255087,0.270042,-0.015539,-0.0266762,-0.0339362,-0.0379949,-0.0397369
38.14,2.6206910999999997,4161080.0,-0.0454707,-0.478236,-0.866475,-0.535507,-0.270132,0.0739024,0.132059,0.19995,0.247501,0.267568,-0.0140359,-0.0238909,-0.0297686,-0.0329691,-0.0343608
38.160000000000004,2.3349279,3721900.0,0.111428,-0.0107167,-0.833023,-0.888522,-0.758863,0.074562,0.127169,0.182955,0.233261,0.257278,-0.0125513,-0.0212986,-0.0259395,-0.0281614,-0.0291124
38.18,2.0805705,3287250.0,-0.0820082,-0.00460807,-0.800585,-1.31619,-1.48152,0.0748562,0.127016,0.166619,0.211214,0.234874,-0.0110571,-0.0187568,-0.0224438,-0.0237167,-0.0241909
38.2,1.9979607,2846750.0,0.07474,0.171324,-0.224506,-1.16835,-1.65013,0.0747835,0.128683,0.156368,0.186368,0.203558,-0.00956071,-0.0161998,-0.0192139,-0.0197409,-0.0198065
38.22,1.4990939999999997,2371820.0,0.359641,0.358873,0.305987,-0.798251,-1.46281,0.0791273,0.133985,0.157183,0.166702,0.172429,-0.0080216,-0.0135731,-0.0160784,-0.0162101,-0.0160467
38.24,0.9746762999999999,1853490.0,0.489805,0.53178,0.492304,-0.33019,-0.935899,0.0876218,0.142892,0.165166,0.155418,0.148441,-0.00635411,-0.0108044,-0.0128549,-0.0129889,-0.012838
38.26,0.5329806,1311480.0,0.194969,0.431241,0.217825,-0.00715002,-0.275382,0.0944695,0.152522,0.172267,0.152045,0.136329,-0.00453319,-0.00785022,-0.00948055,-0.00991432,-0.00999027
38.28,0.31963689,758407.0,-0.016504,0.233613,-0.00921923,0.334856,0.567304,0.0962542,0.15917,0.174354,0.155322,0.139248,-0.00262596,-0.0047333,-0.00601434,-0.00684065,-0.00723451
38.300000000000004,0.061053119999999995,198645.0,-0.17769,-0.197895,-0.172144,0.483563,1.09115,0.0943122,0.159528,0.17254,0.163506,0.155832,-0.000720292,-0.00154632,-0.00254541,-0.00365238,-0.0042837
38.32,-0.058152239999999994,-319598.0,-0.833652,-1.13205,-0.689549,0.0574817,0.664184,0.0841988,0.146228,0.163923,0.168916,0.173386,0.00106482,0.00151123,0.000819221,-0.000328153,-0.000991521
38.34,0.3713616,-728746.0,-1.04295,-1.50111,-0.779165,-0.0462178,0.248075,0.0654328,0.119896,0.149236,0.169029,0.182508,0.00256114,0.00417248,0.00395081,0.0030513,0.00256742
38.36,0.40855997999999993,-1049080.0,-0.505687,-1.06885,-0.389854,0.213789,0.223351,0.0499465,0.0941969,0.137546,0.170705,0.187223,0.00371493,0.00631341,0.00681862,0.00644864,0.00626473
38.38,-0.11748818999999999,-1350380.0,-0.122088,-0.549846,-0.224032,0.0720327,0.0572771,0.0436687,0.0780099,0.131407,0.173563,0.190029,0.00465108,0.00803548,0.00950815,0.00989132,0.0100372
38.4,-0.49328015999999997,-1652680.0,0.26483,0.373801,0.202584,0.0800286,0.168645,0.0450961,0.0762495,0.131192,0.175084,0.192288,0.00553873,0.00957807,0.0121341,0.0133778,0.0138604
38.42,-1.1341533,-1940830.0,0.0385993,0.662934,0.0924005,-0.379823,-0.354401,0.0481304,0.0866168,0.134142,0.172086,0.190431,0.00647099,0.0112067,0.0147875,0.0168495,0.0176876
38.44,-1.1979135,-2183520.0,-0.357046,0.150049,-0.516186,-1.1647,-1.42694,0.044946,0.0947466,0.129904,0.15664,0.172617,0.00740176,0.0130204,0.0174279,0.0201367,0.0213181
38.46,-0.7110981,-2379680.0,-0.0153758,-0.223439,-0.678868,-1.36525,-1.88597,0.0412217,0.0940127,0.117954,0.131341,0.139488,0.00826343,0.014908,0.0199065,0.0230165,0.0244391
38.480000000000004,-0.6402234,-2610680.0,0.555857,-0.250362,-0.454178,-1.0776,-1.5768,0.0466266,0.0892747,0.106623,0.106912,0.10486,0.00914192,0.0167408,0.0221523,0.0253991,0.0268826
38.5,-0.9880280999999999,-2921300.0,-0.022978,-0.738804,-0.953478,-1.36902,-1.59228,0.0519554,0.0793831,0.0925468,0.0824463,0.0731696,0.0101277,0.0184274,0.024144,0.0272927,0.0286629
38.52,-0.6989601,-3209710.0,-0.984167,-1.21448,-1.68225,-1.74445,-1.66025,0.0418839,0.0598502,0.0661895,0.0513116,0.0406443,0.0110661,0.0198197,0.0257314,0.0286302,0.0298011
38.54,-0.23553074999999998,-3380960.0,-0.828989,-0.949767,-1.54345,-1.27503,-1.01989,0.0237523,0.0382077,0.0339324,0.0211168,0.0138428,0.0117225,0.0208003,0.0267326,0.0293545,0.0303459
38.56,-0.5569862999999999,-3466120.0,-0.617424,-1.13495,-1.44794,-1.08251,-0.814052,0.00928822,0.0173605,0.00401844,-0.00245861,-0.00449661,0.0120529,0.021356,0.0271121,0.0295411,0.0304394
38.58,-0.6161565,-3487670.0,-0.86057,-1.66205,-1.48451,-1.26288,-1.09975,-0.00549172,-0.0106095,-0.0253061,-0.0259125,-0.0236346,0.0120909,0.0214235,0.0268992,0.0292574,0.0301581
38.6,-0.34664445,-3396970.0,-1.15847,-1.83151,-1.42732,-1.38228,-1.39176,-0.0256821,-0.0455451,-0.0544243,-0.0523642,-0.0485497,0.0117791,0.020862,0.0261019,0.0284746,0.0294362
38.62,-0.16257270000000001,-3190300.0,-0.619978,-1.07812,-0.909858,-0.918038,-1.0635,-0.0434666,-0.0746414,-0.0777961,-0.0753673,-0.0731023,0.0110876,0.0196601,0.0247797,0.0271973,0.0282197
38.64,-0.5891622,-2940240.0,0.0137991,-0.282052,-0.546262,-0.56169,-0.691861,-0.0495284,-0.0882431,-0.0923573,-0.0901646,-0.0906559,0.0101577,0.0180313,0.0230782,0.025542,0.0265821
38.660000000000004,-0.9699383999999999,-2683490.0,-0.025837,-0.0224309,-0.545694,-0.678169,-0.670429,-0.0496487,-0.0912879,-0.103277,-0.102563,-0.104279,0.00916592,0.0162359,0.0211218,0.0236147,0.0246328
38.68,-0.9196371,-2379200.0,-0.480067,-0.224531,-0.726059,-1.06293,-0.994328,-0.0547078,-0.0937576,-0.115994,-0.119974,-0.120926,0.00812235,0.0143855,0.0189291,0.0213893,0.0223807
38.7,-0.5268198,-2001170.0,-0.392816,-0.365401,-0.685293,-1.12942,-1.21768,-0.0634366,-0.0996569,-0.130108,-0.141898,-0.143046,0.00694091,0.0124513,0.0164681,0.0187706,0.019741
38.72,-0.27252002999999997,-1603130.0,0.250284,-0.237913,-0.363076,-0.720286,-1.04487,-0.0648619,-0.10569,-0.140592,-0.160395,-0.165672,0.00565792,0.0103979,0.0137611,0.0157477,0.0166538
38.74,-0.35034603,-1252460.0,0.316974,-0.273919,-0.30324,-0.479406,-0.829598,-0.0591894,-0.110808,-0.147255,-0.172392,-0.184417,0.00441741,0.0082329,0.0108826,0.0124198,0.0131529
38.76,-0.25714097999999996,-940416.0,-0.093375,-0.225745,-0.316185,-0.350368,-0.432317,-0.0569534,-0.115805,-0.153449,-0.18069,-0.197036,0.00325598,0.00596676,0.0078756,0.00888902,0.00933841
38.78,-0.12706599,-628757.0,0.0323308,0.345394,0.134492,0.196029,0.42863,-0.0575638,-0.114608,-0.155266,-0.182233,-0.197073,0.00211081,0.00366263,0.00478845,0.00525979,0.00539732
38.800000000000004,-0.43168593,-335836.0,0.585499,0.98942,0.83157,0.992066,1.29553,-0.0513855,-0.10126,-0.145605,-0.170352,-0.179831,0.00102132,0.00150394,0.00177974,0.00173394,0.00162828
38.82,-0.9197493,-84423.6,0.321024,0.704945,0.882681,1.11907,1.24487,-0.0423203,-0.0843167,-0.128463,-0.149241,-0.154427,8.42609e-05,-0.00035183,-0.000960939,-0.00146199,-0.0017143
38.84,-0.6920903999999999,158121.0,-0.0631966,0.335787,0.938619,1.17012,1.11179,-0.039742,-0.0739094,-0.11025,-0.126349,-0.130861,-0.000736362,-0.00193409,-0.00334806,-0.00421788,-0.00456718
38.86,-0.44838332999999997,401805.0,0.149791,0.445568,1.25283,1.44066,1.37622,-0.0388761,-0.0660958,-0.0883353,-0.100241,-0.10598,-0.00152254,-0.00333414,-0.00533391,-0.00648378,-0.00693559
38.88,-0.5556858,607350.0,0.435388,0.612239,1.29017,1.50572,1.57631,-0.0330243,-0.0555177,-0.0629052,-0.0707771,-0.0764552,-0.00224155,-0.00455028,-0.00684632,-0.00819396,-0.00875994
38.9,-0.5667426,760105.0,0.469205,0.791261,1.15094,1.47521,1.67955,-0.0239784,-0.0414828,-0.0384941,-0.0409678,-0.0438966,-0.00281157,-0.00552028,-0.00786031,-0.00931141,-0.00996346
38.92,-0.5436855,885644.0,0.115928,0.671235,0.747313,1.12892,1.38,-0.018127,-0.0268578,-0.0195116,-0.0149265,-0.0133011,-0.00323263,-0.00620369,-0.00844037,-0.00987035,-0.0105354
38.94,-0.25597001999999996,1019140.0,-0.141712,0.282177,0.247847,0.523288,0.721807,-0.0183849,-0.0173237,-0.00956003,0.00159566,0.00771703,-0.00359775,-0.0066455,-0.00873109,-0.0100037,-0.0105913
38.96,0.23970918,1159520.0,0.267622,0.222014,0.241699,0.29322,0.353692,-0.0171258,-0.0122818,-0.00466457,0.00976074,0.018472,-0.00395285,-0.00694156,-0.00887333,-0.00989009,-0.0103294
38.980000000000004,0.33382662,1234060.0,0.957388,0.649298,0.738853,0.587805,0.474779,-0.00487565,-0.00356866,0.00514095,0.018571,0.0267567,-0.00417287,-0.00710006,-0.00886857,-0.00960678,-0.0098771
39.0,-0.09078306,1155070.0,1.3159,1.34136,1.35276,1.10024,0.876416,0.0178573,0.0163379,0.0260571,0.0354514,0.0402687,-0.00404305,-0.00697237,-0.00855659,-0.00906655,-0.00920685
39.02,-0.7208492999999999,914135.0,1.13347,1.88785,1.70344,1.42997,1.22901,0.0423511,0.0486299,0.0566192,0.0607536,0.0613229,-0.00344097,-0.00632269,-0.00772983,-0.0081045,-0.00819093
39.04,-1.1593727999999999,590172.0,0.504412,1.77028,1.53944,1.28622,1.19937,0.0587299,0.0852112,0.089048,0.0879155,0.0856067,-0.00243016,-0.00498428,-0.00627316,-0.00661781,-0.00672163
39.06,-1.0902524999999998,268132.0,-0.069345,0.98786,1.08403,0.904804,0.906832,0.0630806,0.112793,0.115283,0.109826,0.106669,-0.00121205,-0.00300424,-0.00422985,-0.0046404,-0.00479888
39.08,-0.7063449,-38951.1,-0.0995942,0.130803,0.779115,0.777664,0.789828,0.0613912,0.123979,0.133914,0.12665,0.123635,3.2666e-05,-0.000636527,-0.00173788,-0.00227564,-0.00249584
39.1,-0.5018318399999999,-384674.0,0.331972,-0.162252,0.797258,1.09577,1.11589,0.063715,0.123665,0.149678,0.145385,0.142693,0.00128373,0.00183991,0.00109804,0.000444711,0.000167442
39.12,-0.7527396,-801173.0,0.325637,-0.147293,0.558764,1.19906,1.34022,0.070291,0.120569,0.163238,0.168333,0.167254,0.00262379,0.00428225,0.0042272,0.00358189,0.0032669
39.14,-0.9251298,-1247610.0,0.0393623,0.157602,0.24107,1.08007,1.45338,0.073941,0.120672,0.171237,0.191124,0.19519,0.00406611,0.00669467,0.00757195,0.00717646,0.00689134
39.160000000000004,-1.0926036,-1655070.0,-0.516668,-0.0264587,-0.379049,0.333692,0.875633,0.069168,0.121984,0.169857,0.205262,0.21848,0.0054972,0.00912123,0.0109829,0.0111403,0.011028
39.18,-0.8180196,-1988450.0,-0.549558,-0.349854,-0.60301,-0.34675,0.0789012,0.0585057,0.118221,0.160036,0.205131,0.228025,0.00677394,0.0115233,0.0142818,0.0152443,0.0154931
39.2,-0.661368,-2266220.0,-0.396387,-0.792525,-0.638279,-0.934411,-0.951412,0.0490463,0.106797,0.147623,0.19232,0.2193,0.00784946,0.0137734,0.0173584,0.0192188,0.0199663
39.22,-0.5120247,-2509440.0,-0.468392,-1.17135,-0.863611,-1.50317,-2.03274,0.0403985,0.0871581,0.132604,0.167944,0.189459,0.0087439,0.015713,0.0201607,0.0228214,0.0240539
39.24,-0.25832417999999996,-2709530.0,-0.43079,-1.03105,-1.125,-1.78572,-2.50848,0.0314067,0.0651341,0.112718,0.135055,0.144046,0.00946196,0.0172359,0.0226139,0.0258514,0.027389
39.26,-0.24085566,-2860680.0,-0.388584,-0.788489,-1.58035,-2.08849,-2.5251,0.0232129,0.0469387,0.0856647,0.0963129,0.0937105,0.0100082,0.0183566,0.0245977,0.0281651,0.0297665
39.28,-0.21698511,-2960210.0,-0.494034,-0.858694,-2.11427,-2.50704,-2.45017,0.0143868,0.0304669,0.0487184,0.0503575,0.0439578,0.0103841,0.0191307,0.0259416,0.0296318,0.0311432
39.300000000000004,-0.023225706,-3011720.0,-0.295421,-0.810225,-2.00349,-2.36975,-2.08497,0.0064922,0.0137777,0.00754081,0.00158958,-0.00139358,0.0105929,0.0195731,0.0265042,0.0301512,0.0315689
39.32,-0.17715461999999998,-3057120.0,0.142222,-0.534954,-1.27751,-1.61119,-1.55766,0.00496021,0.000325891,-0.0252692,-0.0382198,-0.0378198,0.0107075,0.0197142,0.0263269,0.0297849,0.0311767
39.34,-0.6826605,-3115630.0,-0.246952,-0.854051,-1.09392,-1.32912,-1.67117,0.00391291,-0.0135642,-0.0489834,-0.0676229,-0.0701081,0.0107962,0.0195818,0.0255843,0.0287265,0.0300975
39.36,-0.5671761,-3097330.0,-1.34822,-1.69173,-1.5971,-1.72008,-2.1632,-0.0120388,-0.039022,-0.0758936,-0.0981149,-0.108452,0.0107149,0.0190559,0.0243356,0.0270691,0.0283119
39.38,0.16809447,-2898080.0,-1.73692,-2.0457,-1.80428,-1.84983,-1.98167,-0.0428901,-0.0763963,-0.109907,-0.133814,-0.149901,0.0101656,0.0179018,0.0224776,0.0247499,0.0257283
39.4,0.5149214999999999,-2545750.0,-0.986203,-1.62557,-1.38096,-1.32854,-1.06374,-0.0701214,-0.113109,-0.14176,-0.165598,-0.180355,0.00903553,0.0160067,0.0199609,0.0217557,0.0224258
39.42,0.18153807,-2137960.0,-0.239062,-1.03244,-0.93827,-0.701631,-0.324809,-0.082374,-0.139689,-0.164952,-0.185899,-0.19424,0.00751058,0.0134787,0.0168938,0.0182408,0.0186798
39.44,-0.17556699,-1679280.0,-0.522246,-0.931304,-1.13174,-0.71059,-0.513742,-0.0899871,-0.159326,-0.185652,-0.200022,-0.202626,0.00578697,0.0104886,0.0133877,0.0143816,0.0147112
39.46,0.14583195,-1099060.0,-0.843606,-0.87669,-1.34932,-0.95401,-0.943598,-0.103646,-0.177406,-0.210463,-0.216668,-0.217199,0.00385064,0.00712124,0.00942658,0.0102147,0.0105129
39.480000000000004,0.5989593,-409458.0,-0.375222,-0.618546,-1.1055,-1.04761,-1.05924,-0.115834,-0.192359,-0.235011,-0.236684,-0.237227,0.00165584,0.00342358,0.00497184,0.00568115,0.00596866
39.5,0.7491134999999999,272588.0,0.447205,-0.143357,-0.381444,-0.797841,-0.80763,-0.115114,-0.199978,-0.24988,-0.255138,-0.255896,-0.000653636,-0.000499783,0.000122929,0.000762934,0.00103742
39.52,0.5444861999999999,848175.0,0.929107,0.666266,0.638411,-0.0662281,-0.247935,-0.101351,-0.194749,-0.247311,-0.263779,-0.266452,-0.00281829,-0.00444705,-0.00484898,-0.00442624,-0.00418605
39.54,0.035460657,1307710.0,0.911459,1.5502,1.45815,0.818117,0.374386,-0.0829453,-0.172584,-0.226345,-0.25626,-0.265187,-0.00466125,-0.00812038,-0.00958554,-0.00962663,-0.00950245
39.56,-0.41987738999999996,1697030.0,0.789723,2.05677,1.81874,1.46788,0.983275,-0.0659334,-0.136514,-0.193576,-0.2334,-0.251611,-0.00615003,-0.0112114,-0.0137848,-0.0145232,-0.0146704
39.58,-0.577167,2036270.0,0.908157,2.081,2.02426,1.9519,1.78885,-0.0489546,-0.0951366,-0.155146,-0.199202,-0.223889,-0.00729892,-0.0135279,-0.017272,-0.0188493,-0.0194254
39.6,-0.6335168999999999,2284500.0,0.978694,1.67804,2.19645,2.33413,2.60613,-0.0300861,-0.0575461,-0.112939,-0.156342,-0.17994,-0.00808932,-0.0150547,-0.0199528,-0.0224047,-0.0234637
39.62,-0.6271673999999999,2389770.0,1.0457,1.46476,2.54081,2.95983,3.4142,-0.00984215,-0.0261181,-0.0655664,-0.103402,-0.119736,-0.00848861,-0.0158913,-0.0217379,-0.0250021,-0.0264605
39.64,-0.8200493999999999,2363580.0,0.67662,1.22324,2.43878,3.27398,3.61519,0.0073811,0.000761882,-0.0157705,-0.0410643,-0.0494424,-0.00851322,-0.0161449,-0.0225513,-0.0264468,-0.0281523
39.660000000000004,-0.7165601999999999,2300890.0,-0.08166,0.709877,1.70767,2.88653,3.13271,0.0133307,0.0200931,0.0256939,0.0205409,0.0180366,-0.0083061,-0.0159364,-0.022452,-0.026652,-0.0284663
39.68,-0.14710491,2273720.0,-0.101704,0.592798,1.37373,2.52939,2.92743,0.0114971,0.0331198,0.0565079,0.0747001,0.078638,-0.00805782,-0.0154042,-0.02163,-0.0256996,-0.0274996
39.7,-0.007549172999999999,2238960.0,0.301426,0.561603,1.2797,2.01914,2.6174,0.0134943,0.0446638,0.0830422,0.120185,0.134086,-0.00780791,-0.0146264,-0.0202345,-0.0237508,-0.0253723
39.72,-0.020409486,2132100.0,0.568719,0.599117,1.20132,1.42651,1.88642,0.0221957,0.056271,0.107852,0.154642,0.179125,-0.00745101,-0.013617,-0.0183256,-0.0210025,-0.0222402
39.74,0.007211502,1955090.0,0.655378,0.933129,1.15326,1.04178,0.987088,0.0344367,0.0715935,0.131398,0.179325,0.20786,-0.00688468,-0.0123384,-0.015933,-0.0176628,-0.0183704
39.76,-0.06988479,1722000.0,0.735705,1.31936,1.0194,0.718055,0.199801,0.0483475,0.0941184,0.153125,0.196923,0.219728,-0.00605684,-0.0106813,-0.0130878,-0.0139004,-0.0140945
39.78,-0.18685022999999998,1428160.0,0.535082,1.04381,0.428798,-0.104783,-0.642828,0.0610554,0.11775,0.167607,0.203056,0.215298,-0.00496281,-0.00856259,-0.0098805,-0.00990057,-0.00974423
39.800000000000004,0.11776154999999999,1085810.0,0.212798,0.357921,-0.219793,-1.01667,-1.2499,0.0685342,0.131767,0.169697,0.191841,0.196371,-0.00366691,-0.00606741,-0.00650747,-0.0059516,-0.00562754
39.82,0.5442465,705410.0,0.18637,-0.021746,-0.402953,-1.23612,-1.28955,0.0725259,0.135129,0.163469,0.169313,0.170976,-0.00225631,-0.00339844,-0.00317581,-0.00234005,-0.00195407
39.84,0.5430683999999999,254604.0,0.580818,0.204555,-0.0768139,-0.563158,-0.739534,0.0801978,0.136957,0.158672,0.151321,0.150686,-0.000729077,-0.000677579,4.56018e-05,0.000866287,0.00126255
39.86,-0.027957996,-283465.0,0.423844,0.169644,-0.12523,-0.087826,-0.381581,0.0902444,0.140699,0.156651,0.144811,0.139474,0.000975344,0.00209899,0.00319883,0.0038276,0.00416415
39.88,-0.2974218,-827351.0,-0.530829,-0.49428,-0.728242,-0.357629,-0.426858,0.0891745,0.137453,0.148116,0.140356,0.13139,0.00276953,0.00488051,0.00624651,0.00667927,0.0068728
39.9,0.026385105,-1283810.0,-0.813287,-0.74633,-0.716355,-0.327258,0.0350284,0.0757334,0.125047,0.13367,0.133507,0.127472,0.00441861,0.00750551,0.00906437,0.00941791,0.00946141
39.92,-0.12644481,-1686500.0,-0.181709,-0.43893,-0.039058,0.256536,0.795083,0.0657834,0.113194,0.126116,0.1328,0.135773,0.00583378,0.00988792,0.0116622,0.012081,0.0120939
39.94,-0.8384603999999999,-2090970.0,-0.337903,-0.723019,-0.0952672,0.211012,0.478311,0.0605873,0.101575,0.124773,0.137476,0.148507,0.00709749,0.0120356,0.0141711,0.0147837,0.0149367
39.96,-0.8295200999999999,-2400810.0,-1.47915,-1.59158,-1.05224,-0.672492,-0.792372,0.0424168,0.0784288,0.113298,0.132861,0.145366,0.00812753,0.0138356,0.0165518,0.0174871,0.0178754
39.980000000000004,-0.012829968,-2490930.0,-1.71295,-1.85105,-1.6571,-1.33705,-1.52419,0.0104959,0.0440025,0.0862046,0.112765,0.122201,0.00865666,0.01506,0.0185469,0.0199434,0.0205511
40.0,0.3742584,-2416680.0,-0.662028,-1.46171,-1.6685,-1.60475,-1.53685,-0.0132539,0.0108748,0.0529485,0.0833474,0.0915902,0.00862907,0.0156087,0.0199384,0.0219045,0.022689
40.02,0.16870341,-2351290.0,0.669883,-0.527486,-1.08998,-1.33407,-1.09404,-0.0131753,-0.00901717,0.0253637,0.0539592,0.0652813,0.00836478,0.0156273,0.0207215,0.0232776,0.0242577
40.04,-0.5519219999999999,-2366270.0,0.36233,-0.213196,-1.11957,-1.57082,-1.5324,-0.00285322,-0.016424,0.00326813,0.0249103,0.0390169,0.0082045,0.0153729,0.0210078,0.0240663,0.0253007
40.06,-0.5496066,-2371810.0,-0.441129,-0.125964,-1.27798,-1.85562,-2.22723,-0.00364121,-0.0198156,-0.0207073,-0.00935407,0.00142069,0.00813955,0.0150105,0.0208335,0.0242218,0.025705
40.08,-0.28962236999999996,-2291840.0,-0.426186,-0.111789,-1.13381,-1.86454,-2.46578,-0.0123144,-0.0221931,-0.0448252,-0.0465556,-0.0455094,0.00798,0.0145904,0.0201781,0.0236627,0.0252641
40.1,-0.21400007999999998,-2165600.0,-0.172825,-0.584595,-1.02039,-1.89742,-2.39712,-0.0183045,-0.029157,-0.0663671,-0.0841753,-0.0941385,0.00767381,0.0140769,0.0190662,0.0223554,0.0238677
40.12,-0.045625721999999994,-2041970.0,-0.348364,-1.16235,-0.978422,-1.77054,-2.03123,-0.0235164,-0.0466264,-0.0863552,-0.120855,-0.138422,0.0072556,0.0133191,0.017539,0.0203051,0.0215421
40.14,0.13472466,-1913500.0,-0.412156,-0.961136,-0.664317,-0.974943,-1.07136,-0.0311216,-0.0678612,-0.102783,-0.14831,-0.169448,0.00670922,0.0121742,0.0156476,0.0176135,0.0184634
40.160000000000004,-0.13952274,-1750210.0,-0.358087,-0.481531,-0.562275,-0.168687,-0.12942,-0.038824,-0.0822879,-0.115048,-0.159746,-0.181456,0.00600977,0.0106727,0.0134693,0.0145329,0.0149543
40.18,-0.36360807,-1514560.0,-0.46885,-0.422835,-0.78766,0.0892837,0.388146,-0.0470934,-0.0913315,-0.128548,-0.16054,-0.178868,0.00515059,0.00893652,0.0110333,0.01133,0.0113511
40.2,-0.21051678000000001,-1164560.0,-1.06531,-1.17059,-1.29444,-0.451214,0.143985,-0.062435,-0.107266,-0.149369,-0.164159,-0.173547,0.00405531,0.00695054,0.00825416,0.00808306,0.00782694
40.22,0.50108877,-701106.0,-0.898733,-1.39137,-0.975044,-0.531673,0.0674023,-0.0820755,-0.132885,-0.172064,-0.173988,-0.171433,0.0026102,0.00454903,0.00503984,0.00470158,0.00437713
40.24,0.6611385,-212686.0,0.211484,-0.505293,0.17769,0.256164,0.421398,-0.0889479,-0.151852,-0.180037,-0.176743,-0.166545,0.00089997,0.00170166,0.00151883,0.00119427,0.00099735
40.26,0.012203381999999999,195424.0,1.06414,0.845806,1.25348,1.19254,0.820988,-0.0761917,-0.148447,-0.165726,-0.162256,-0.154121,-0.000751426,-0.00130133,-0.0019388,-0.00219573,-0.00220931
40.28,-0.7732365,506173.0,0.972499,1.84132,1.70529,1.56716,1.05861,-0.0558252,-0.121576,-0.136138,-0.134659,-0.135325,-0.00207159,-0.00400155,-0.00495743,-0.00516488,-0.00510378
40.300000000000004,-1.1425836,782031.0,0.276815,1.83192,1.39158,1.05229,0.876865,-0.0433321,-0.0848431,-0.105169,-0.108465,-0.115971,-0.00306317,-0.00606574,-0.00737051,-0.00759612,-0.00761674
40.32,-0.7627662,1073690.0,0.0857873,1.23369,1.00279,0.4546,0.614012,-0.039706,-0.054187,-0.0812256,-0.0933958,-0.101062,-0.00389355,-0.00745604,-0.00923445,-0.00961472,-0.00978706
40.34,-0.19994346,1330800.0,0.866214,1.00789,1.30295,0.829777,0.902666,-0.030186,-0.0317711,-0.0581682,-0.080552,-0.085895,-0.00459247,-0.00831562,-0.0106284,-0.0113542,-0.0116566
40.36,-0.30481578,1432770.0,1.45427,1.07619,1.71905,1.67994,1.41645,-0.00698122,-0.0109303,-0.0279482,-0.0554548,-0.0627039,-0.00496414,-0.00874263,-0.0114896,-0.0127143,-0.0131426
40.38,-0.6848993999999999,1354190.0,0.871273,0.891345,1.39416,1.87596,1.57991,0.0162742,0.00874499,0.003184,-0.0198957,-0.0327402,-0.00487121,-0.00876449,-0.0117372,-0.0134678,-0.0140971
40.4,-0.5404164,1226360.0,-0.266312,0.419983,0.517642,1.26463,1.45068,0.0223238,0.0218583,0.022302,0.0115102,-0.00243431,-0.00448523,-0.00845845,-0.0114823,-0.0135516,-0.0144488
40.42,0.08020209,1150550.0,-0.169378,0.572143,0.534171,1.19859,1.93342,0.0179669,0.0317795,0.0328202,0.0361424,0.0314067,-0.00408233,-0.00792207,-0.0109311,-0.0130751,-0.0141591
40.44,-0.060499769999999994,1061610.0,0.434199,0.654076,0.975193,1.38507,2.12981,0.0206151,0.0440417,0.0479138,0.0619789,0.072039,-0.00369651,-0.00716386,-0.0101238,-0.0120939,-0.0131246
40.46,-0.41334989999999994,898795.0,0.164072,0.0819317,0.877132,1.07598,1.2378,0.0265978,0.0514018,0.0664371,0.0865894,0.105715,-0.00322438,-0.00620943,-0.00898027,-0.0106082,-0.0113471
40.480000000000004,-0.14066361,756827.0,-0.717711,-0.634023,0.197456,0.295309,-0.146769,0.0210614,0.0458809,0.0771829,0.100302,0.116625,-0.00274778,-0.0052366,-0.00754407,-0.00873929,-0.00912368
40.5,0.5712254999999999,715314.0,-0.338063,-0.221831,0.114465,0.144742,-0.352973,0.0105037,0.0373224,0.0803021,0.104703,0.111628,-0.00243213,-0.00440457,-0.00596922,-0.00668923,-0.00684115
40.52,0.42285987,689626.0,0.389182,0.190592,-0.0969424,-0.185682,-0.226298,0.0110149,0.03701,0.0804774,0.104293,0.105835,-0.00221695,-0.00366124,-0.00436142,-0.00459927,-0.00466651
40.54,0.25214501999999994,584622.0,0.541472,0.261905,-0.400505,-0.64425,-0.279665,0.0203214,0.0415349,0.0755029,0.0959941,0.100776,-0.00190358,-0.0028758,-0.00280162,-0.0025964,-0.0026004
40.56,0.26078595,426059.0,0.0979556,0.156039,-0.595791,-0.940831,-0.684175,0.0267157,0.0457144,0.0655399,0.0801433,0.0911373,-0.00143321,-0.0020033,-0.00139119,-0.000835025,-0.000681273
40.58,0.37894479,280078.0,-0.143421,0.0380554,-0.615266,-0.9704,-1.20946,0.0262611,0.0476553,0.0534294,0.0610309,0.0722009,-0.000903444,-0.0010696,-0.000201497,0.000576717,0.000952109
40.6,0.47672912999999995,155623.0,0.0713958,-0.139217,-0.521399,-0.865943,-1.45217,0.0255408,0.0466437,0.0420627,0.0426675,0.0455846,-0.000385425,-0.000126614,0.000753424,0.0016137,0.00212996
40.62,0.47854932,12355.6,0.156772,-0.395985,-0.410859,-0.78215,-1.22808,0.0278225,0.0412917,0.0327401,0.0261866,0.0187822,0.000148208,0.00075274,0.00150145,0.00230224,0.00277363
40.64,0.40237674,-168656.0,-0.166993,-0.523379,-0.327837,-0.670354,-0.68962,0.0277203,0.0320981,0.0253532,0.0116615,-0.000394782,0.000703635,0.00148664,0.00208239,0.00268072,0.00295751
40.660000000000004,0.27995582999999996,-341352.0,-0.613788,-0.521134,-0.427385,-0.533821,-0.286225,0.0199125,0.0216529,0.017801,-0.000380215,-0.0101532,0.00117996,0.00202415,0.00251393,0.00279354,0.00285203
40.68,0.27360938999999995,-428742.0,-0.728546,-0.503025,-0.611006,-0.318436,-0.118158,0.00648914,0.0114113,0.00741704,-0.00890279,-0.0141971,0.00144398,0.00235479,0.00276611,0.00270071,0.00260852
40.7,0.32423658,-400766.0,-0.619941,-0.737019,-0.809103,-0.239176,-0.15509,-0.00699573,-0.000989106,-0.00678405,-0.0144789,-0.0169295,0.00143891,0.00245901,0.00277244,0.00246689,0.00229726
40.72,0.4528784699999999,-295720.0,-0.460896,-1.06899,-0.875541,-0.370268,-0.235195,-0.0178041,-0.0190492,-0.0236305,-0.0205734,-0.0208324,0.00119091,0.00225863,0.00246829,0.00211637,0.00191964
40.74,0.5811603,-171646.0,-0.160175,-0.930406,-0.607801,-0.396104,-0.147391,-0.0240148,-0.0390432,-0.0384639,-0.0282371,-0.0246582,0.000772725,0.0016777,0.00184735,0.00162826,0.00146473
40.76,0.45655659,-52394.9,-0.0628668,-0.458254,-0.380761,-0.402491,-0.229687,-0.0262452,-0.0529298,-0.0483495,-0.036223,-0.028429,0.000270124,0.000757973,0.000979213,0.000983662,0.00093386
40.78,0.33669179999999993,101146.0,-0.519521,-0.345058,-0.676023,-0.784021,-0.876722,-0.0320691,-0.060963,-0.0589174,-0.0480881,-0.0394931,-0.000313019,-0.000380955,-9.34567e-05,0.000140551,0.000254639
40.800000000000004,0.6769077,350275.0,-0.796001,-0.497178,-1.00248,-1.22291,-1.50858,-0.0452243,-0.0693853,-0.0757024,-0.0681574,-0.0633462,-0.00108595,-0.00168444,-0.00143965,-0.0010219,-0.000773754
40.82,1.0851219,688124.0,-0.379465,-0.577915,-0.925147,-1.38144,-1.63926,-0.056979,-0.0801362,-0.0949787,-0.0942009,-0.0948246,-0.00210799,-0.00317965,-0.00314647,-0.00264549,-0.00235546
40.84,1.1968782,1036230.0,0.240627,-0.469543,-0.626545,-1.24963,-1.40951,-0.0583674,-0.0906108,-0.110496,-0.120512,-0.125312,-0.00326145,-0.00488712,-0.00520121,-0.00479261,-0.00455683
40.86,1.1151099,1339270.0,0.333077,-0.273082,-0.517942,-1.00495,-1.17497,-0.0526303,-0.0980371,-0.121941,-0.143057,-0.151157,-0.00437143,-0.0067736,-0.00752557,-0.0074283,-0.00732153
40.88,1.1184606,1602280.0,0.248357,0.192806,-0.341024,-0.471423,-0.676397,-0.046816,-0.0988398,-0.13053,-0.157821,-0.169671,-0.00536589,-0.00874237,-0.0100503,-0.0104371,-0.0105298
40.9,0.9552299999999999,1839110.0,0.248994,0.571693,-0.056412,0.0570471,-0.0146041,-0.0418425,-0.0911948,-0.134505,-0.161965,-0.176581,-0.00625248,-0.0106427,-0.0127006,-0.0136349,-0.0139923
40.92,0.7532648999999999,2039090.0,0.493587,0.842474,0.57428,0.652203,0.828748,-0.0344167,-0.0770532,-0.129326,-0.154872,-0.168439,-0.00701507,-0.0123252,-0.0153389,-0.0168033,-0.0174425
40.94,0.40456668,2177360.0,0.644272,0.990634,1.35711,1.31908,1.57172,-0.0230381,-0.0587221,-0.110012,-0.13516,-0.144435,-0.00758962,-0.0136829,-0.0177323,-0.0197036,-0.0205713
40.96,0.024644984999999998,2244660.0,0.51538,1.04039,1.89831,1.94854,1.99505,-0.0114415,-0.0384118,-0.0774578,-0.102483,-0.108767,-0.00793441,-0.0146543,-0.019607,-0.0220801,-0.0231033
40.980000000000004,-0.2109105,2256640.0,0.469578,1.21773,2.20251,2.55119,2.39099,-0.00159196,-0.0158306,-0.0364495,-0.0574859,-0.0649067,-0.00806475,-0.0151967,-0.0207461,-0.0236798,-0.02484
41.0,-0.45051869999999994,2237110.0,0.283942,1.10886,1.97704,2.58774,2.55921,0.00594325,0.00743537,0.00534601,-0.00609659,-0.0154047,-0.00802123,-0.0152807,-0.0210571,-0.0243156,-0.0256431
41.02,-0.35996105999999994,2192780.0,0.441009,1.16127,1.88681,2.55491,2.93197,0.0131928,0.0301367,0.0439844,0.0453299,0.0395071,-0.00782987,-0.0149049,-0.0205638,-0.0239232,-0.0254021
41.04,-0.47059076999999994,2102750.0,0.465425,0.986367,1.60211,2.19739,2.82856,0.0222571,0.051613,0.0788736,0.0928529,0.0971124,-0.00747538,-0.0140874,-0.0193352,-0.0225414,-0.0240359
41.06,-0.37084496999999994,1962030.0,0.347891,0.6846,1.15537,1.67807,2.13538,0.0303903,0.0683227,0.106448,0.131608,0.146752,-0.0069489,-0.0128881,-0.017482,-0.0202968,-0.0215973
41.08,-0.09213201,1781420.0,0.48694,0.696561,0.965826,1.38289,1.43074,0.0387386,0.0821343,0.12766,0.162217,0.182413,-0.00625761,-0.0113835,-0.0151409,-0.0173586,-0.0183056
41.1,-0.073389,1540270.0,0.656446,0.800735,0.873175,1.02624,0.825391,0.0501724,0.0971073,0.14605,0.186309,0.204974,-0.0053685,-0.00959111,-0.0124038,-0.0138733,-0.0144318
41.12,-0.15140166,1198730.0,0.913429,1.12214,1.04341,0.797374,0.630695,0.0658712,0.116336,0.165216,0.204545,0.219535,-0.00420807,-0.00745667,-0.00929115,-0.00996478,-0.0101867
41.14,-0.49170170999999996,748562.0,0.711945,1.14784,0.949638,0.387095,0.305729,0.0821249,0.139036,0.185147,0.216389,0.228899,-0.0027281,-0.00490295,-0.00578752,-0.00575544,-0.00570231
41.160000000000004,-0.5937471,233908.0,0.327655,0.947221,0.677316,0.0681325,-0.0935564,0.0925209,0.159987,0.201416,0.220942,0.231021,-0.000981646,-0.00191273,-0.00192189,-0.00138213,-0.00110311
41.18,-0.5698434,-276521.0,-0.342997,0.0833972,-0.136637,-0.557017,-0.873263,0.0923675,0.170293,0.206823,0.216053,0.221353,0.000867238,0.00139006,0.0021605,0.00298782,0.00342063
41.2,-0.049780437,-719258.0,-0.899542,-1.12023,-1.16448,-1.33272,-1.62707,0.0799421,0.159924,0.193812,0.197155,0.19635,0.00259033,0.00469223,0.00616685,0.0071199,0.00759766
41.22,0.6655958999999999,-1085380.0,-0.637438,-1.60272,-1.51503,-1.46536,-1.49926,0.0645723,0.132695,0.167017,0.169175,0.165086,0.00403548,0.00761843,0.00977514,0.0107832,0.011212
41.24,0.689061,-1457460.0,0.286206,-0.93138,-0.968096,-0.718864,-0.459848,0.06106,0.107354,0.142185,0.147332,0.145495,0.0052918,0.0100189,0.0128672,0.0139483,0.0143178
41.26,-0.20319623999999997,-1897940.0,0.23751,-0.421259,-0.81766,-0.413208,-0.052179,0.0662972,0.0938275,0.124328,0.136012,0.140375,0.00656537,0.0120307,0.0155323,0.0167817,0.0171765
41.28,-0.6574256999999999,-2301610.0,-1.09977,-0.892991,-1.5491,-1.17746,-0.92694,0.0576745,0.080685,0.10066,0.120105,0.130584,0.00780509,0.0137759,0.0177822,0.0193429,0.0198861
41.300000000000004,-0.05898251999999999,-2511220.0,-1.63912,-1.30577,-1.77436,-1.72075,-1.67518,0.0302856,0.0586973,0.0674257,0.0911229,0.104562,0.00868469,0.0151697,0.019463,0.0214552,0.0222376
41.32,0.27879354,-2567120.0,-0.480753,-0.971776,-0.880142,-1.27876,-1.44972,0.00908681,0.0359218,0.0408806,0.0611278,0.0733135,0.00907841,0.0161159,0.0205461,0.0229777,0.0240163
41.34,-0.36321281999999994,-2639360.0,0.330461,-0.757318,-0.281855,-0.933567,-1.29826,0.00758389,0.0186309,0.0292607,0.0390046,0.0458337,0.00924512,0.0166614,0.0212475,0.023979,0.0252078
41.36,-0.8117874,-2737760.0,-0.468815,-1.0247,-0.829249,-1.34008,-1.77953,0.00620035,0.00081074,0.0181496,0.0162681,0.0150557,0.00938296,0.0168558,0.0217216,0.0245317,0.0258167
41.38,-0.38926413,-2720280.0,-1.164,-0.917449,-1.48154,-1.62054,-1.88637,-0.0101278,-0.0186107,-0.00495822,-0.0133381,-0.0216033,0.00934369,0.0166778,0.0218535,0.024561,0.0257512
41.4,-0.06185432999999999,-2565550.0,-0.402897,-0.329056,-1.3886,-1.28547,-1.17549,-0.0257967,-0.0310758,-0.0336596,-0.0423982,-0.0522219,0.00898444,0.0161809,0.0214674,0.0240037,0.025013
41.42,-0.39858998999999995,-2394180.0,0.174392,-0.529652,-1.35284,-1.31365,-0.93155,-0.0280818,-0.0396629,-0.061074,-0.0683894,-0.0732923,0.00844566,0.0154736,0.02052,0.0228958,0.0237578
41.44,-0.35783690999999995,-2231090.0,-0.584179,-1.50951,-1.70909,-1.86757,-1.61324,-0.0321797,-0.0600545,-0.0916934,-0.100202,-0.0987402,0.00784304,0.0144764,0.0189923,0.0212099,0.0220375
41.46,0.36465815999999995,-1962150.0,-1.58319,-2.21204,-2.07697,-2.29411,-2.47999,-0.0538534,-0.09727,-0.129554,-0.141818,-0.139673,0.00698271,0.0129031,0.0167799,0.0187897,0.0196534
41.480000000000004,1.1326896,-1526160.0,-1.26838,-1.90956,-1.91775,-2.02632,-2.51015,-0.0823691,-0.138486,-0.169501,-0.185023,-0.189574,0.00562049,0.0105456,0.0137893,0.0155213,0.0163609
41.5,1.2077871,-1001410.0,-0.224593,-1.09717,-1.38109,-1.42588,-1.73204,-0.0972988,-0.168553,-0.20249,-0.219545,-0.231996,0.00382381,0.00747519,0.0100694,0.0114756,0.0121452
41.52,0.7867616999999999,-469080.0,-0.137179,-0.726084,-1.15251,-1.29895,-1.15389,-0.100917,-0.186786,-0.227826,-0.246793,-0.260855,0.00184166,0.0039218,0.00576625,0.0068122,0.00721671
41.54,0.7415093999999999,93482.6,-0.424827,-0.340483,-0.835848,-1.10245,-0.760922,-0.106537,-0.197451,-0.247709,-0.270807,-0.280003,-0.000232876,7.94344e-05,0.0010109,0.0016362,0.00180812
41.56,0.7641176999999999,687230.0,0.598892,0.977344,0.462709,0.234894,0.294494,-0.104796,-0.191083,-0.251441,-0.279483,-0.284668,-0.0023462,-0.00380591,-0.0039806,-0.00386669,-0.00383859
41.58,-0.10901454,1211920.0,1.31752,1.61231,1.31433,1.21068,0.863024,-0.0856319,-0.165186,-0.23367,-0.265027,-0.273092,-0.00425048,-0.00736859,-0.00883171,-0.00931179,-0.00941619
41.6,-0.5287986,1636600.0,0.431918,0.854524,1.05771,0.966819,0.568481,-0.0681375,-0.140518,-0.20995,-0.243252,-0.258777,-0.00578817,-0.0104256,-0.0132679,-0.0143946,-0.0147349
41.62,0.15596258999999998,2052030.0,-0.46649,0.180273,0.867899,0.713716,0.643052,-0.0684832,-0.13017,-0.190694,-0.226447,-0.246662,-0.00715438,-0.0131325,-0.0172743,-0.0190916,-0.0197893
41.64,0.7303659,2485340.0,0.0649859,0.514321,1.35297,1.33394,1.56893,-0.0724983,-0.123224,-0.168485,-0.20597,-0.224542,-0.0085642,-0.0156664,-0.0208661,-0.0234157,-0.0245013
41.660000000000004,0.4703322,2854210.0,0.98008,1.11779,1.79404,2.21253,2.47883,-0.0620476,-0.106903,-0.137015,-0.170505,-0.184064,-0.00990966,-0.0179677,-0.0239211,-0.0271805,-0.0285874
41.68,0.037951241999999996,3125770.0,0.73444,1.08453,1.52306,2.38309,2.58946,-0.0449024,-0.0848796,-0.103844,-0.124549,-0.133381,-0.0109792,-0.0198855,-0.0263297,-0.030131,-0.0317618
41.7,0.21905877,3374110.0,-0.103638,0.643106,0.9382,1.86046,2.16976,-0.0385944,-0.0676032,-0.0792313,-0.0821139,-0.0857893,-0.0118141,-0.0214104,-0.0281605,-0.0321977,-0.0339536
41.72,0.8059683,3642310.0,0.139118,0.702746,0.995785,1.57617,2.04289,-0.0382396,-0.0541447,-0.0598914,-0.0477477,-0.0436629,-0.0125825,-0.0226278,-0.0295517,-0.0334963,-0.0352481
41.74,0.9070452,3871720.0,0.63939,0.677796,1.07609,1.22483,1.58054,-0.0304545,-0.0403393,-0.0391727,-0.0197377,-0.00742862,-0.0132694,-0.0235727,-0.0305423,-0.0341711,-0.035759
41.76,1.0433223,3994090.0,0.959769,0.970909,1.43063,1.3147,1.2528,-0.0144629,-0.0238522,-0.0141056,0.00565757,0.0209048,-0.0137186,-0.0242146,-0.0310751,-0.0343119,-0.0356242
41.78,0.8272761,3984200.0,1.02144,1.56735,1.8629,1.63463,1.20916,0.00534918,0.00153036,0.0188296,0.0351508,0.0455244,-0.0138097,-0.0244378,-0.0310279,-0.0339039,-0.0349599
41.800000000000004,0.39097874999999993,3861810.0,0.876166,1.87969,1.83065,1.52666,1.11712,0.0243253,0.0360007,0.0557651,0.0667636,0.0687872,-0.013513,-0.0240625,-0.0302819,-0.0328847,-0.0338168
41.82,0.29564546999999997,3666770.0,0.974578,2.00246,1.74227,1.39755,1.29157,0.0428327,0.0748222,0.0914943,0.0960057,0.0928741,-0.0128414,-0.0229543,-0.0288093,-0.031257,-0.0322002
41.84,0.19113320999999997,3385420.0,1.06606,1.80817,1.70663,1.4416,1.56913,0.0632391,0.112928,0.125983,0.124397,0.121481,-0.0117807,-0.0210768,-0.0266346,-0.029053,-0.0300567
41.86,0.027608136,2956640.0,1.13825,1.55264,1.8441,1.80504,1.90918,0.0852822,0.146537,0.161491,0.156864,0.156264,-0.0102955,-0.0184821,-0.0237598,-0.0262404,-0.0272792
41.88,-0.29638548,2381410.0,0.632901,0.928235,1.50862,1.76754,1.74543,0.102994,0.171345,0.195018,0.192589,0.19281,-0.0084127,-0.0153033,-0.0201947,-0.0227458,-0.0237885
41.9,-0.17995757999999998,1779260.0,-0.437551,-0.0809256,0.533976,1.05311,1.05969,0.104947,0.179818,0.215444,0.220796,0.220862,-0.0063333,-0.0117917,-0.0160901,-0.018612,-0.0196517
41.92,0.4831576799999999,1267960.0,-0.919346,-0.736101,-0.210669,0.441589,0.681716,0.0913782,0.171648,0.218677,0.235743,0.238276,-0.00437004,-0.008277,-0.0117489,-0.0140466,-0.0150604
41.94,0.8320446,841408.0,-0.762848,-1.15065,-0.703421,-0.0848945,0.384812,0.0745563,0.152781,0.209536,0.23931,0.248941,-0.0027107,-0.00503271,-0.0074668,-0.00929608,-0.0101882
41.96,0.9336315,441710.0,-0.333203,-1.14728,-0.847088,-0.398846,0.0518268,0.0635958,0.129801,0.194031,0.234472,0.253307,-0.00132918,-0.0022069,-0.00343113,-0.00455825,-0.00516572
41.980000000000004,0.7668972,61061.4,-0.183713,-0.789853,-0.853085,-0.644581,-0.488182,0.0584266,0.11043,0.177029,0.224038,0.248944,-0.000108954,0.000195416,0.000279464,2.68524e-05,-0.000143213
42.0,0.5327562,-263882.0,-0.461241,-0.589891,-1.14949,-1.23004,-1.42205,0.0519771,0.0966325,0.157003,0.205292,0.229841,0.000995083,0.00226604,0.00361979,0.00432015,0.00464464
42.02,0.6207107999999999,-509206.0,-0.487261,-0.547316,-1.42474,-1.87599,-2.23492,0.042492,0.0852604,0.131261,0.174232,0.193272,0.00193977,0.00408497,0.00650243,0.00811539,0.00887577
42.04,0.7411013999999999,-713699.0,-0.0147756,-0.416982,-1.24912,-2.10771,-2.45062,0.0374717,0.0756174,0.104522,0.134395,0.146416,0.00273941,0.00569375,0.00886026,0.0112017,0.0122726
42.06,0.5134476,-960895.0,0.525191,-0.0308057,-0.633305,-1.73144,-2.0705,0.0425758,0.0711395,0.085698,0.0960031,0.101205,0.00353989,0.00716132,0.0107625,0.0135056,0.0147489
42.08,-0.08657657999999999,-1279270.0,0.228214,0.00348811,-0.490292,-1.45345,-1.89459,0.0501099,0.0708664,0.0744621,0.0641542,0.061554,0.00446674,0.00858138,0.0123641,0.0151072,0.0163764
42.1,-0.26785964999999995,-1568520.0,-0.898644,-0.763422,-1.29098,-1.78901,-2.26122,0.0434056,0.063267,0.0566494,0.0317296,0.0199959,0.0054019,0.00992271,0.0136752,0.016066,0.0171919
42.12,0.37717712999999997,-1705770.0,-1.33364,-1.45978,-1.89441,-1.8912,-2.1023,0.0210827,0.041035,0.0247954,-0.00507249,-0.0236393,0.00604678,0.0109657,0.0144896,0.0163326,0.0171555
42.14,0.7957173,-1727250.0,-0.487344,-1.37978,-1.46255,-1.16063,-0.906527,0.00287287,0.0126394,-0.00877418,-0.0355908,-0.0537276,0.00628634,0.0115025,0.0146498,0.015926,0.0163818
42.160000000000004,0.28850444999999997,-1756480.0,-0.145114,-1.36879,-1.1035,-0.668232,-0.120583,-0.00345171,-0.0148463,-0.0344347,-0.0538794,-0.0639987,0.00628055,0.0114804,0.0142177,0.0150313,0.0152046
42.18,-0.006258006,-1777890.0,-0.720653,-1.34069,-1.06897,-0.51758,-0.0813417,-0.0121094,-0.0419411,-0.0561594,-0.0657376,-0.0660179,0.00612494,0.0109125,0.0133118,0.0138351,0.0139044
42.2,0.07604609999999999,-1685020.0,-0.837931,-0.664084,-0.656165,-0.0501916,0.0667846,-0.0276952,-0.0619888,-0.0734107,-0.0714153,-0.0661635,0.00572689,0.00987323,0.0120161,0.0124636,0.0125826
42.22,-0.22620743999999998,-1505320.0,0.211016,0.537843,0.431059,0.822355,0.777389,-0.0339644,-0.0632513,-0.0756618,-0.0636937,-0.0577218,0.0051103,0.00862083,0.0105254,0.0111125,0.0113437
42.24,-1.1544717,-1369650.0,0.800749,0.997081,1.12103,1.01406,1.0216,-0.0238467,-0.047902,-0.0601409,-0.0453296,-0.0397319,0.00453218,0.0075093,0.00916736,0.0100223,0.0103692
42.26,-1.5805818,-1295490.0,0.162257,0.621977,1.0239,0.475164,0.467202,-0.0142167,-0.0317114,-0.0386915,-0.0304374,-0.0248439,0.00415155,0.00671317,0.00817903,0.00926459,0.00972345
42.28,-1.2084654,-1196700.0,-0.245325,0.514704,0.881575,0.308782,0.0615571,-0.0150473,-0.0203446,-0.0196367,-0.0225979,-0.0195563,0.00385891,0.0061926,0.00759575,0.00873424,0.00927945
42.300000000000004,-0.9744416999999999,-1056920.0,0.0110091,0.424349,0.509338,0.290379,-0.153768,-0.0173905,-0.0109541,-0.00572762,-0.0166063,-0.0204784,0.00353453,0.00587962,0.00734211,0.0083422,0.0088791
42.32,-0.7639443,-931631.0,0.327636,0.054359,-0.0663753,0.0694885,-0.178328,-0.014004,-0.00616704,-0.00129799,-0.0130076,-0.0237994,0.00322059,0.0057084,0.00727185,0.00804606,0.00843632
42.34,-0.45462929999999996,-873892.0,0.672005,0.170012,0.00513367,0.249273,0.497205,-0.00400762,-0.00392333,-0.00191041,-0.00982001,-0.0206106,0.00304047,0.0056075,0.00723977,0.00781778,0.00799222
42.36,-0.7014999,-908044.0,0.441045,0.280051,0.0632322,0.277456,0.821162,0.00712288,0.000577306,-0.00122675,-0.00455272,-0.00742695,0.00307162,0.00557404,0.00720839,0.00767405,0.00771185
42.38,-0.7847318999999999,-997522.0,0.183351,0.446617,0.161495,0.384453,0.723331,0.0133668,0.00784399,0.00102052,0.00206637,0.00801798,0.00327652,0.00565825,0.00720633,0.00764919,0.00771776
42.4,-0.8088701999999999,-1097720.0,0.314396,0.745825,0.617769,0.819424,0.717075,0.0183443,0.0197684,0.00881317,0.0141051,0.022422,0.00359363,0.00593438,0.00730467,0.00781091,0.00802216
42.42,-1.1280027,-1224550.0,0.325216,0.710187,1.03903,1.03169,0.721044,0.0247404,0.0343285,0.0253812,0.0326163,0.0368032,0.00402448,0.00647535,0.00764661,0.00827812,0.00861441
42.44,-1.3643979,-1377480.0,-0.27705,0.030528,0.778575,0.49172,0.307246,0.0252221,0.0417357,0.0435572,0.0478504,0.0470861,0.00452411,0.00723599,0.008336,0.00908279,0.0094533
42.46,-0.9676332,-1491210.0,-0.528785,-0.294052,0.440151,0.14623,0.140264,0.0171638,0.0391005,0.0557445,0.0542299,0.0515612,0.00494796,0.00804435,0.00932901,0.0101036,0.0104398
42.480000000000004,-0.7076861999999999,-1554980.0,0.107785,0.178475,0.480348,0.560351,0.597796,0.0129538,0.0379447,0.0649495,0.0612957,0.0589418,0.00524914,0.0088148,0.010536,0.0112588,0.0115448
42.5,-1.0916295,-1628360.0,0.140089,0.00766605,-0.165313,0.333661,0.41358,0.0154325,0.0398061,0.0680998,0.0702359,0.0690556,0.005533,0.00959231,0.0118664,0.0125742,0.0128248
42.52,-0.8687748,-1703910.0,-0.303425,-0.546792,-0.937164,-0.379336,-0.124367,0.0137991,0.0344148,0.0570751,0.0697791,0.0719477,0.00582532,0.0103345,0.0131182,0.0139743,0.0142348
42.54,-0.33575136,-1726940.0,-0.509542,-0.862506,-1.22255,-0.981681,-0.598497,0.00566946,0.0203219,0.035478,0.0561689,0.0647191,0.00602,0.0108819,0.0140437,0.0152338,0.0156015
42.56,-0.022058876999999998,-1717280.0,-0.0305584,-0.567689,-0.817765,-0.955444,-0.763032,0.000268448,0.00601991,0.0150748,0.0367977,0.0511038,0.00607938,0.0111453,0.0145493,0.0161635,0.0167597
42.58,-0.26045852999999997,-1745970.0,0.330336,-0.173038,-0.35469,-0.713548,-0.961425,0.00326622,-0.00138736,0.00335029,0.0201078,0.0338592,0.00611473,0.0111916,0.0147335,0.0167325,0.0176093
42.6,-0.5757032999999999,-1824650.0,0.161409,0.128853,-0.0623175,-0.535721,-1.07897,0.00818366,-0.00182921,-0.000819784,0.00761509,0.0134553,0.00622923,0.0111595,0.0147588,0.0170097,0.0180825
42.62,-0.7872920999999999,-1891110.0,-0.325435,0.144516,-0.102802,-0.667483,-1.11481,0.0065434,0.000904486,-0.00247098,-0.00441695,-0.00848248,0.0063765,0.0111502,0.0147259,0.0170417,0.0181322
42.64,-0.7146425999999999,-1899400.0,-0.253762,0.183926,-0.0692291,-0.614363,-0.752473,0.000751422,0.00418891,-0.00419129,-0.0172354,-0.0271553,0.00644945,0.0112012,0.0146593,0.0168252,0.0177758
42.660000000000004,-0.7630364999999999,-1874820.0,0.0296668,-0.018958,-0.151505,-0.446703,-0.391502,-0.00148953,0.00583858,-0.00639863,-0.0278461,-0.0385951,0.00644207,0.0113014,0.0145534,0.0163744,0.0171183
42.68,-0.7482821999999999,-1857010.0,-0.034571,-0.463478,-0.417547,-0.307321,-0.247192,-0.00153857,0.00101422,-0.0120892,-0.0353863,-0.044982,0.00641179,0.01137,0.0143685,0.0157421,0.0162826
42.7,-0.5687213999999999,-1830190.0,-0.495131,-0.960992,-0.839367,-0.397467,-0.331473,-0.00683559,-0.0132305,-0.0246583,-0.0424342,-0.0507687,0.00632804,0.0112478,0.014001,0.0149639,0.0153251
42.72,-0.19782696,-1744660.0,-0.719897,-1.1205,-1.07076,-0.525789,-0.329331,-0.0189859,-0.0340454,-0.0437596,-0.0516668,-0.0573767,0.00606983,0.010775,0.0133168,0.0140228,0.0142436
42.74,0.046478697,-1608110.0,-0.0469005,-0.427641,-0.466709,-0.0292121,0.303758,-0.0266538,-0.0495268,-0.0591343,-0.0572168,-0.0576324,0.00561343,0.00993931,0.0122879,0.012934,0.0130935
42.76,-0.47853555,-1500490.0,0.515391,0.334699,0.308891,0.521956,0.806782,-0.0219689,-0.0504562,-0.0607125,-0.0522893,-0.046527,0.0051272,0.00893948,0.0110894,0.011839,0.0120519
42.78,-1.1018447999999998,-1426210.0,-0.242391,0.0575376,0.111496,0.0597651,0.0922379,-0.0192389,-0.0465339,-0.0565087,-0.0464721,-0.0375368,0.00471513,0.00796958,0.00991723,0.0108513,0.0112113
42.800000000000004,-0.6808143,-1267380.0,-0.964923,-0.392795,-0.281394,-0.565737,-0.816343,-0.0313121,-0.0498865,-0.0582076,-0.0515318,-0.0447779,0.00420962,0.00700537,0.00877007,0.0098713,0.0103881
42.82,-0.056047469999999995,-969148.0,-0.716474,-0.586978,-0.458265,-0.858053,-1.22864,-0.048126,-0.0596842,-0.0656042,-0.0657697,-0.0652277,0.00341523,0.00590967,0.00753195,0.00869828,0.00928808
42.84,0.25637087999999997,-632171.0,0.24107,-0.390534,-0.311262,-0.661242,-0.931395,-0.0528801,-0.0694593,-0.0732995,-0.0809627,-0.0868281,0.00240517,0.00461823,0.00614291,0.00723096,0.00776752
42.86,0.09692600999999999,-362910.0,0.437284,-0.351292,-0.500974,-0.671189,-0.71871,-0.0460965,-0.0768776,-0.0814218,-0.094287,-0.103329,0.00141541,0.00315486,0.0045957,0.00547846,0.00586595
42.88,0.18062414999999998,-142477.0,0.0559702,-0.158295,-0.721524,-0.687562,-0.549716,-0.041164,-0.0819734,-0.0936468,-0.107875,-0.116013,0.000542801,0.00156635,0.00284501,0.00345685,0.00367252
42.9,0.32392956,80950.7,0.209536,0.494971,-0.356404,-0.223289,-0.0408103,-0.0385089,-0.0786067,-0.104426,-0.116983,-0.121919,-0.000253928,-3.94469e-05,0.00086428,0.00120827,0.0012932
42.92,0.02804439,278737.0,0.574715,0.82651,0.199469,0.241984,0.331405,-0.0306664,-0.0653919,-0.105995,-0.116796,-0.119013,-0.000945682,-0.00147943,-0.00123994,-0.00112952,-0.00111611
42.94,-0.25153403999999996,420977.0,0.204385,0.294883,0.366337,0.182238,0.110661,-0.0228754,-0.054178,-0.100337,-0.112554,-0.114592,-0.0014811,-0.00267513,-0.00330326,-0.00342302,-0.00345216
42.96,0.014473188,559052.0,-0.480146,-0.340558,0.378797,0.0451787,-0.174221,-0.025633,-0.0546347,-0.0928861,-0.11028,-0.115228,-0.00196619,-0.00376326,-0.0052355,-0.00565135,-0.00575035
42.980000000000004,0.40621143,744896.0,-0.438727,-0.267242,0.581988,0.383202,0.119779,-0.0348218,-0.0607127,-0.0832782,-0.105996,-0.115772,-0.00257073,-0.00491673,-0.00699714,-0.00781411,-0.00806035
43.0,0.36284307,951854.0,0.184497,0.251151,0.757728,0.946968,0.834588,-0.0373641,-0.0608736,-0.0698811,-0.0926942,-0.106228,-0.00329259,-0.0061326,-0.00852873,-0.00980101,-0.0102804
43.02,0.05053457399999999,1139090.0,0.278272,0.365815,0.44679,0.999885,1.22249,-0.0327364,-0.054704,-0.0578359,-0.0732256,-0.0856576,-0.0039936,-0.00728837,-0.0098059,-0.0114602,-0.0121992
43.04,0.11177414999999999,1323090.0,-0.0569281,0.181943,0.0406476,0.681243,1.21403,-0.0305229,-0.0492264,-0.0529615,-0.0564144,-0.0612924,-0.00462619,-0.00832768,-0.0109139,-0.0127566,-0.0136687
43.06,0.40797858,1523590.0,0.0321477,0.200964,0.0743773,0.527417,1.06245,-0.0307707,-0.0453973,-0.0518113,-0.0443278,-0.0385276,-0.00523913,-0.00927391,-0.0119616,-0.013764,-0.0146669
43.08,0.50029725,1702700.0,0.490893,0.388269,0.42489,0.588976,0.760141,-0.0255403,-0.039505,-0.0468186,-0.0331638,-0.0203017,-0.00580224,-0.0101229,-0.0129479,-0.0145389,-0.0152552
43.1,0.41117577,1823190.0,0.353031,0.229548,0.445489,0.340247,0.0660505,-0.0171011,-0.0333268,-0.0381148,-0.0238716,-0.0120397,-0.00622865,-0.0108513,-0.0137972,-0.0151093,-0.0155786
43.12,0.6315687,1919980.0,-0.277658,-0.107298,0.145457,-0.186585,-0.632685,-0.0163474,-0.0321043,-0.0322053,-0.022335,-0.0177061,-0.00656314,-0.0115056,-0.0145004,-0.0155714,-0.0158761
43.14,1.0635744,2018470.0,0.256944,0.605063,0.685126,0.218264,-0.0679115,-0.0165545,-0.0271267,-0.0238995,-0.0220182,-0.0247121,-0.00689215,-0.0120979,-0.0150615,-0.0160149,-0.0163003
43.160000000000004,0.5253407999999999,2043160.0,1.23832,1.5781,1.40309,0.990105,0.944716,-0.00160184,-0.00529506,-0.00301733,-0.00993449,-0.015944,-0.00707372,-0.0124221,-0.0153307,-0.0163344,-0.0167068
43.18,-0.3006195,1927600.0,1.30361,1.83447,1.53939,1.36954,1.41792,0.0238175,0.0288306,0.0264075,0.013662,0.00768239,-0.00685156,-0.0121867,-0.0150968,-0.0162971,-0.0167894
43.2,-0.5847557999999999,1725820.0,0.359792,1.19171,1.03141,1.13756,1.15993,0.0404516,0.0590923,0.0521155,0.038733,0.0334609,-0.00620887,-0.0113075,-0.0143115,-0.0157732,-0.016378
43.22,-0.17477598,1525210.0,-0.1761,0.456085,0.651271,0.909564,0.942072,0.0422885,0.0755703,0.0689422,0.0592042,0.0544809,-0.00538147,-0.00996088,-0.0131009,-0.0147938,-0.0154986
43.24,0.18921560999999998,1321040.0,0.182861,0.119806,0.733957,1.03263,1.15422,0.0423561,0.0813292,0.0827945,0.0786262,0.0754438,-0.00453502,-0.00839189,-0.0115836,-0.0134155,-0.0141993
43.26,0.10322297999999999,1066160.0,0.119786,-0.314827,0.530843,0.886539,1.0866,0.0453826,0.079379,0.0954425,0.0978179,0.097852,-0.00365764,-0.00678481,-0.00980121,-0.0116511,-0.0124664
43.28,0.20908724999999997,797630.0,-0.543704,-0.669664,0.015881,0.492149,0.704736,0.0411434,0.0695341,0.10091,0.111605,0.115765,-0.00279238,-0.00529568,-0.00783769,-0.00955685,-0.0103302
43.300000000000004,0.49405536,604368.0,-0.830435,-0.62127,-0.407364,0.136499,0.342395,0.027402,0.0566247,0.0969949,0.117891,0.126237,-0.00210692,-0.00403409,-0.00585864,-0.00726189,-0.00791019
43.32,0.6255507,500599.0,-0.23333,-0.213134,-0.425044,-0.0184153,0.194935,0.0167644,0.0482807,0.0886708,0.119072,0.13161,-0.00166526,-0.00298503,-0.00400198,-0.00489226,-0.00533172
43.34,0.41633543999999995,419881.0,0.227982,-0.112141,-0.446937,-0.39181,-0.230606,0.0167109,0.0450279,0.079951,0.11497,0.131253,-0.00133051,-0.00205195,-0.00231577,-0.00255184,-0.00270309
43.36,0.35671592999999996,309325.0,0.243302,-0.104754,-0.383543,-0.732024,-0.771936,0.0214237,0.042859,0.0716462,0.103732,0.121228,-0.000949163,-0.00117308,-0.000799793,-0.000364822,-0.00017828
43.38,0.32445282,171267.0,-0.00373442,-0.101839,-0.422883,-1.036,-1.36906,0.0238194,0.0407931,0.063582,0.0860513,0.0998179,-0.000496732,-0.000336559,0.000552489,0.00153301,0.00203218
43.4,0.39592268999999997,34030.9,-0.0376789,-2.24524e-05,-0.485871,-1.1612,-1.67586,0.0234053,0.0397744,0.0544944,0.0640793,0.0693686,-2.44858e-05,0.000469116,0.00173325,0.00303431,0.00372404
43.42,0.41184386999999995,-83156.3,-0.164244,-0.200656,-0.751136,-1.35428,-1.78748,0.021386,0.0377677,0.0421244,0.0389245,0.0347351,0.000423427,0.00124454,0.00269944,0.00406435,0.00476508
43.44,0.5711439,-192637.0,0.000195231,-0.200757,-0.605374,-1.06751,-1.23154,0.0197455,0.0337535,0.0285593,0.0147066,0.00454494,0.000834743,0.00195975,0.00340628,0.00460066,0.00515788
43.46,0.33061617,-324835.0,0.0491972,-0.262801,-0.45952,-0.693858,-0.630848,0.0202395,0.029118,0.0179103,-0.00290703,-0.0140789,0.00123459,0.00258846,0.00387097,0.00471866,0.00506254
43.480000000000004,0.12888719999999998,-464203.0,-0.209364,-0.468483,-0.555906,-0.464037,-0.347249,0.0186378,0.0218051,0.00775606,-0.014486,-0.0238599,0.00162337,0.00309769,0.00412764,0.00454473,0.00468315
43.5,0.18632646,-550436.0,-0.554902,-0.688745,-0.714189,-0.31353,-0.221106,0.0109951,0.0102329,-0.00494489,-0.0222617,-0.0295434,0.00191969,0.00341807,0.00415575,0.00417725,0.00414912
43.52,0.31896165,-572207.0,-0.385208,-0.546359,-0.417304,0.0951907,0.241656,0.00159404,-0.00211818,-0.0162598,-0.0244451,-0.0293379,0.00204559,0.00349922,0.0039437,0.00371018,0.00356031
43.54,0.051835889999999996,-579231.0,-0.127804,-0.388727,-0.0392143,0.348326,0.606464,-0.00353608,-0.011469,-0.020825,-0.0200099,-0.0208567,0.00202617,0.00336335,0.00357285,0.00326563,0.00305836
43.56,-0.21745175999999997,-584379.0,-0.178804,-0.280253,0.162886,0.349529,0.601127,-0.00660217,-0.0181588,-0.0195883,-0.0130313,-0.00878081,0.00192478,0.00306707,0.00316872,0.00293522,0.00276198
43.58,-0.28733348999999997,-555479.0,-0.104375,0.167712,0.475129,0.553305,0.61292,-0.00943395,-0.0192842,-0.0132081,-0.004003,0.00335967,0.00176442,0.00269264,0.00284076,0.00276488,0.00270777
43.6,-0.5356428,-502673.0,0.208591,0.650551,0.728647,0.772866,0.626319,-0.00839179,-0.0111016,-0.00117037,0.00925871,0.0157521,0.00158616,0.00238878,0.00269697,0.00281743,0.00289889
43.62,-0.8165303999999999,-462688.0,0.229469,0.528851,0.487128,0.442798,0.277087,-0.00401119,0.00069241,0.0109874,0.0214154,0.0247861,0.00146214,0.00228469,0.00279514,0.00312417,0.00330427
43.64,-0.6284016,-433071.0,0.0724572,0.179419,0.148835,-0.0497041,-0.0829049,-0.000991935,0.00777511,0.017347,0.0253463,0.026728,0.0014121,0.00236936,0.00307848,0.00359179,0.00381941
43.660000000000004,-0.31551251999999996,-413479.0,0.228077,0.211839,0.178492,-0.0915293,-0.0564638,0.0020134,0.0116877,0.0206203,0.023934,0.0253343,0.00142232,0.00256399,0.00345816,0.00408459,0.00434004
43.68,-0.37160997,-457252.0,0.75358,0.677257,0.546937,0.383581,0.331116,0.01183,0.0205787,0.0278746,0.0268545,0.0280808,0.00156075,0.00288666,0.00394311,0.00459248,0.00487419
43.7,-0.8197332,-608506.0,0.845139,0.918321,0.691378,0.701485,0.559458,0.0278172,0.0365344,0.0402577,0.0377051,0.0369865,0.00195722,0.00345779,0.00462443,0.00523807,0.00552486
43.72,-1.0766253,-816362.0,0.0178116,0.421143,0.241394,0.310669,0.242642,0.0364467,0.0499291,0.0495855,0.0478267,0.0450075,0.00259986,0.00432242,0.00552286,0.00609339,0.0063448
43.74,-0.6911826,-996001.0,-0.349173,0.115519,0.160331,0.162105,0.260802,0.033133,0.0552957,0.0536027,0.0525544,0.050042,0.00329566,0.00537467,0.00655474,0.0070972,0.00729529
43.76,-0.5965929,-1143500.0,-0.212907,-0.161276,0.175773,0.147045,0.294096,0.0275122,0.0548381,0.0569637,0.0556459,0.0555909,0.00390211,0.00647601,0.00766041,0.00817921,0.00835162
43.78,-0.5889684,-1277410.0,-0.414874,-0.783111,-0.27792,-0.185245,-0.156169,0.0212344,0.0453943,0.0559423,0.0552639,0.0569702,0.00438958,0.00747833,0.00878947,0.0092883,0.00947723
43.800000000000004,-0.19389230999999998,-1344750.0,-0.987287,-1.42167,-1.0284,-0.744083,-0.806911,0.00721283,0.0233464,0.042879,0.0459706,0.0473394,0.00467405,0.00816574,0.00977768,0.0103007,0.0105203
43.82,0.39371286,-1290670.0,-1.04312,-1.5001,-1.47891,-1.10945,-1.06831,-0.0130912,-0.00587132,0.0178058,0.0274353,0.0285872,0.00461527,0.00834049,0.0103845,0.0110347,0.0112796
43.84,0.6411669,-1154990.0,-0.248406,-0.917673,-1.31886,-1.05771,-0.815442,-0.0260064,-0.030049,-0.010172,0.00576365,0.00974977,0.00422429,0.00798128,0.0104609,0.0113667,0.011663
43.86,0.34227272999999997,-1026560.0,0.360828,-0.311643,-0.969881,-0.963044,-0.68967,-0.0248822,-0.0423422,-0.0330594,-0.0144439,-0.00530135,0.00371541,0.00725737,0.0100286,0.0112799,0.0117075
43.88,0.0049573683,-914487.0,-0.199262,-0.423847,-1.12135,-1.42049,-1.4055,-0.0232665,-0.0496971,-0.0539717,-0.0382792,-0.026253,0.00323392,0.00633698,0.00915824,0.0107527,0.0113919
43.9,0.34340135999999993,-746287.0,-0.665212,-0.531962,-1.11066,-1.69074,-2.05281,-0.0319113,-0.0592552,-0.0762918,-0.0693915,-0.0608361,0.00268214,0.00524746,0.00785561,0.00967596,0.010521
43.92,0.6346847999999999,-505369.0,-0.29271,-0.377119,-0.735338,-1.49659,-2.07173,-0.0414905,-0.068346,-0.0947518,-0.101265,-0.102082,0.00194812,0.00397145,0.00614517,0.00796939,0.00889184
43.94,0.5573994,-268233.0,0.38727,-0.0579993,-0.185265,-0.937696,-1.43496,-0.0405449,-0.0726972,-0.103958,-0.125608,-0.137148,0.00112777,0.00256101,0.00415808,0.00570067,0.00649954
43.96,0.19627247999999997,-101550.0,0.551723,0.280479,0.232075,-0.265568,-0.4938,-0.031155,-0.0704724,-0.10349,-0.13764,-0.156436,0.00041077,0.00112932,0.0020836,0.00306819,0.00356369
43.980000000000004,-0.17264723999999998,-6910.3,0.542933,0.870169,0.704611,0.647589,0.699398,-0.0202084,-0.0589659,-0.0941229,-0.13382,-0.15438,-0.000102864,-0.000165063,0.000107475,0.000353586,0.000455533
44.0,-0.6814416,51378.0,0.304177,1.01688,0.790278,1.17063,1.41244,-0.0117373,-0.0400954,-0.079174,-0.115638,-0.133262,-0.000422321,-0.00115568,-0.00162549,-0.00214099,-0.00242089
44.02,-0.7724816999999999,124181.0,-0.158763,0.423686,0.512834,1.12631,1.46045,-0.0102832,-0.0256898,-0.0661429,-0.0926684,-0.104533,-0.000642526,-0.00181353,-0.00307866,-0.00422406,-0.00479883
44.04,-0.36681137999999996,226781.0,-0.120429,0.0177283,0.742582,1.34182,1.67678,-0.0130751,-0.0212757,-0.0535887,-0.0679871,-0.0731605,-0.000876108,-0.00228318,-0.00427598,-0.00583061,-0.00657577
44.06,-0.3466872899999999,301537.0,0.264095,0.0847231,1.28183,1.77202,2.01476,-0.0116384,-0.0202512,-0.0333446,-0.0368487,-0.0362451,-0.00112324,-0.00269845,-0.00514531,-0.00687897,-0.00766982
44.08,-0.6646728,317323.0,0.185619,0.196087,1.28531,1.74265,1.85534,-0.00714126,-0.0174431,-0.00767316,-0.00170199,0.0024559,-0.00131104,-0.0030754,-0.00555549,-0.00726448,-0.00800771
44.1,-0.6405141,352040.0,-0.422053,0.110904,0.617292,1.09838,1.16303,-0.0095056,-0.0143732,0.0113529,0.0267083,0.0326396,-0.00147751,-0.00339356,-0.00551869,-0.00701442,-0.00765676
44.12,-0.15058311,474883.0,-0.369585,0.289802,0.236167,0.616305,0.76418,-0.017422,-0.0103661,0.0198875,0.0438552,0.0519116,-0.00174678,-0.00364095,-0.00520629,-0.00630878,-0.00681125
44.14,0.010056689999999998,611486.0,0.592296,0.727727,0.481647,0.547309,0.770231,-0.0151949,-0.000190808,0.0270656,0.0554913,0.0672558,-0.00207295,-0.00374652,-0.00473676,-0.00531532,-0.00561957
44.160000000000004,-0.32626331999999997,652058.0,0.850397,0.542312,0.347668,0.0397002,0.123458,-0.000767934,0.0125096,0.0353588,0.0613614,0.0761927,-0.00223258,-0.00362333,-0.00411251,-0.00414679,-0.00418509
44.18,-0.14314578,624593.0,0.107971,-0.0205258,-0.252546,-0.762816,-1.02421,0.00881575,0.0177275,0.03631,0.0541303,0.0671851,-0.0021521,-0.00332096,-0.00339583,-0.00299187,-0.00275131
44.2,0.5112393,602581.0,-0.00164177,0.140994,-0.290627,-0.792977,-1.31469,0.00987904,0.0189321,0.0308782,0.0385723,0.0437961,-0.00196515,-0.00295437,-0.00272394,-0.00206485,-0.0016415
44.22,0.50091435,558450.0,0.276543,0.242321,-0.30614,-0.745505,-1.17788,0.012628,0.0227653,0.0249106,0.0231875,0.0188704,-0.00174008,-0.00253739,-0.00216606,-0.00144725,-0.00101483
44.24,0.4078674,462092.0,0.0715925,-0.197168,-0.607718,-1.02063,-1.11014,0.0161094,0.0232168,0.015772,0.00552616,-0.00400974,-0.00145271,-0.00207757,-0.00175923,-0.00116011,-0.000866226
44.26,0.6546156,370354.0,-0.429895,-0.600373,-0.763278,-1.07804,-0.933399,0.0125264,0.0152414,0.00206203,-0.0154606,-0.0244451,-0.00116635,-0.00169299,-0.00158089,-0.00125945,-0.00115077
44.28,0.8324780999999999,328073.0,-0.411753,-0.510207,-0.534723,-0.565096,-0.480696,0.0041099,0.00413558,-0.010918,-0.031892,-0.0385861,-0.000999989,-0.00149922,-0.00166945,-0.00173298,-0.00178109
44.300000000000004,0.6252854999999999,301188.0,0.16039,-0.118257,-0.101927,0.220227,0.160402,0.00159627,-0.00214905,-0.0172845,-0.0353407,-0.041789,-0.000942927,-0.00147935,-0.00195147,-0.00240531,-0.00258484
44.32,0.16851623999999998,253668.0,0.171225,-0.105075,-0.00205753,0.479573,0.491745,0.00491242,-0.00438237,-0.0183243,-0.0283426,-0.0352675,-0.00087784,-0.00154467,-0.00230756,-0.00304214,-0.0033554
44.34,0.05883411,211460.0,-0.289691,-0.194869,0.0484926,0.412215,0.677402,0.00372776,-0.00738182,-0.01786,-0.0194248,-0.0235761,-0.000791439,-0.00166231,-0.0026694,-0.00351981,-0.00394384
44.36,0.08104665,211766.0,-0.466692,-0.116451,0.212073,0.373677,0.740879,-0.00383607,-0.010495,-0.0152543,-0.0115658,-0.00939325,-0.000792522,-0.00184108,-0.00300055,-0.00382972,-0.00427353
44.38,0.04287748499999999,254178.0,-0.167673,0.0413165,0.372306,0.455157,0.599536,-0.0101797,-0.0112464,-0.00941053,-0.0032775,0.0040109,-0.00093268,-0.00205849,-0.0032472,-0.00397815,-0.00432735
44.4,-0.030184808999999996,330825.0,-0.176123,-0.191444,0.107083,0.207523,0.0367719,-0.0136177,-0.0127476,-0.00461664,0.0033493,0.010374,-0.00117065,-0.00229843,-0.00338747,-0.00397743,-0.00418351
44.42,0.24115758,433170.0,-0.00776003,-0.0970429,0.104173,0.160685,-0.0752352,-0.0154565,-0.0156325,-0.00250408,0.00703138,0.00998934,-0.0014614,-0.00258223,-0.00345867,-0.00387363,-0.00397987
44.44,0.19187526,494284.0,0.839292,0.775177,0.739955,0.665607,0.634394,-0.00714118,-0.00885116,0.0059372,0.0152943,0.0155809,-0.00168737,-0.00282707,-0.00342434,-0.00365037,-0.00372417
44.46,-0.5290535999999999,430528.0,1.23223,1.40795,1.07052,0.904968,1.05178,0.0135741,0.0129801,0.024042,0.0310001,0.0324427,-0.00162304,-0.00278578,-0.00312455,-0.00318743,-0.00324393
44.480000000000004,-0.9581421,250210.0,0.88128,1.56276,1.10127,0.944273,1.0264,0.0347092,0.0426871,0.04576,0.0494925,0.0532246,-0.00114021,-0.00222911,-0.00242653,-0.0023825,-0.00238726
44.5,-1.0515027,13698.5,0.378481,1.34284,1.12441,0.984741,0.862053,0.0473068,0.071743,0.0680168,0.0687826,0.0721092,-0.00032005,-0.00108481,-0.00128876,-0.00119975,-0.00113392
44.52,-1.0501308,-264102.0,0.340424,0.962254,1.26907,1.09707,0.865667,0.0544959,0.094794,0.0919515,0.0896007,0.0893864,0.000697977,0.000580562,0.000310918,0.000384082,0.000481033
44.54,-1.1205566999999999,-602444.0,0.472936,0.567036,1.34185,1.20778,1.04893,0.0626295,0.110087,0.118061,0.112649,0.108532,0.00186923,0.00262937,0.00241104,0.00240658,0.00246022
44.56,-1.2183899999999999,-991017.0,0.133739,0.147669,1.00208,1.12524,1.13981,0.0686962,0.117234,0.1415,0.135979,0.13042,0.00318249,0.00490258,0.00500665,0.00489286,0.00484974
44.58,-1.1372948999999999,-1373410.0,-0.490844,-0.268528,0.253716,0.781594,0.992835,0.0651252,0.116025,0.154058,0.155048,0.151746,0.0045207,0.00723517,0.00796223,0.00780313,0.0076714
44.6,-0.847467,-1692840.0,-0.668506,-0.536249,-0.440814,0.356568,0.756682,0.0535317,0.107978,0.152187,0.166429,0.169241,0.00570727,0.0094752,0.0110247,0.0110179,0.0108813
44.62,-0.6146571,-1936640.0,-0.496171,-0.811233,-0.908233,-0.190923,0.30558,0.0418849,0.0945027,0.138697,0.168086,0.179864,0.00666143,0.0115,0.0139335,0.014363,0.0143723
44.64,-0.42272216999999995,-2123490.0,-0.447057,-1.12685,-1.18906,-0.844696,-0.478113,0.0324526,0.0751219,0.117724,0.157729,0.178139,0.00740481,0.0131962,0.0164977,0.0176212,0.0179524
44.660000000000004,-0.20459261999999998,-2263430.0,-0.592898,-1.31821,-1.40332,-1.49861,-1.49541,0.0220531,0.0506713,0.0917998,0.134296,0.158404,0.00794987,0.0144542,0.018593,0.0205415,0.0213178
44.68,0.036875600999999994,-2360770.0,-0.324817,-0.894986,-1.23905,-1.68616,-2.06716,0.0128759,0.0285394,0.0653761,0.102449,0.122778,0.00829916,0.0152463,0.0201647,0.0229089,0.0241296
44.7,-0.13757708999999999,-2442710.0,0.105612,-0.217456,-0.920446,-1.62658,-2.15995,0.0106839,0.017415,0.0437812,0.0693213,0.0805068,0.00853475,0.0157058,0.0212563,0.0246266,0.0261625
44.72,-0.5223726,-2519670.0,-0.172886,-0.215299,-1.11823,-2.00485,-2.42999,0.0100111,0.0130874,0.0233944,0.033007,0.0346074,0.0087417,0.0160109,0.021928,0.0256499,0.0273136
44.74,-0.37761725999999995,-2550450.0,-0.551315,-0.521159,-1.36054,-2.27348,-2.53629,0.00276911,0.00572283,-0.00139328,-0.00977626,-0.0150555,0.00886951,0.016199,0.0221481,0.0258822,0.0275091
44.76,-0.12603222,-2518180.0,-0.340754,-0.63869,-1.23794,-1.93509,-2.15602,-0.00615159,-0.00587567,-0.0273781,-0.051862,-0.0619786,0.00883568,0.0161974,0.0218603,0.0252658,0.0267388
44.78,-0.20175549,-2471670.0,0.0640422,-0.649986,-0.977159,-1.26328,-1.49717,-0.00891871,-0.0187624,-0.0495291,-0.0838456,-0.0985105,0.00868498,0.015951,0.0210913,0.0239087,0.0251339
44.800000000000004,-0.4245658199999999,-2437950.0,-0.205903,-0.91301,-1.0397,-0.902392,-1.01325,-0.0103373,-0.0343924,-0.0696977,-0.105502,-0.123615,0.00849242,0.0154195,0.019899,0.0220153,0.0229126
44.82,-0.3325098,-2362260.0,-0.882265,-1.21939,-1.23762,-0.82883,-0.64883,-0.021219,-0.0557164,-0.0924709,-0.122815,-0.140235,0.00817686,0.0145184,0.0182773,0.0197321,0.0202741
44.84,-0.06478632,-2175310.0,-1.13923,-1.28621,-1.21333,-0.716648,-0.28632,-0.041434,-0.0807723,-0.11698,-0.138269,-0.149587,0.00755032,0.0131535,0.0161828,0.0171213,0.0173759
44.86,0.06892089,-1876750.0,-0.682382,-0.985272,-0.757232,-0.298393,0.121952,-0.0596502,-0.103487,-0.136686,-0.14842,-0.151231,0.00653948,0.0113109,0.0136461,0.0142544,0.0143677
44.88,-0.13508726999999998,-1508580.0,-0.445872,-0.851188,-0.463513,-0.120532,0.0495861,-0.0709327,-0.121852,-0.148894,-0.152609,-0.149515,0.00523365,0.00905755,0.0107903,0.0112441,0.0113603
44.9,-0.12598478999999999,-1066270.0,-0.787458,-1.02404,-0.655597,-0.488227,-0.57714,-0.083266,-0.140604,-0.160085,-0.158697,-0.154791,0.00369167,0.00643299,0.00770057,0.00813102,0.0083172
44.92,0.34907154,-527132.0,-0.49843,-0.590443,-0.501242,-0.539002,-0.706819,-0.0961249,-0.156749,-0.171653,-0.168969,-0.16763,0.00189776,0.00345946,0.00438319,0.00485436,0.00509299
44.94,0.40221302999999997,44184.3,0.449515,0.316108,0.0213575,-0.203604,-0.297099,-0.096614,-0.159492,-0.176452,-0.176395,-0.17767,-2.96297e-05,0.000297052,0.000902142,0.00140073,0.00163999
44.96,0.022517162999999996,536478.0,1.06065,1.03782,0.489646,0.126363,0.0930121,-0.0815123,-0.145953,-0.171342,-0.177167,-0.17971,-0.00181089,-0.0027574,-0.0025758,-0.0021349,-0.00193381
44.980000000000004,-0.28825607999999997,923160.0,0.710467,1.11836,0.549707,0.106817,0.0094832,-0.0638011,-0.124391,-0.160948,-0.174836,-0.178686,-0.00326403,-0.00546084,-0.0058987,-0.00565492,-0.00551777
45.0,-0.10548483,1253630.0,0.453863,1.16096,0.78178,0.334138,0.0993433,-0.0521578,-0.101598,-0.147633,-0.170426,-0.177597,-0.00442362,-0.00772073,-0.00898451,-0.00910754,-0.0090806
45.02,-0.025057523999999998,1531620.0,0.771414,1.29597,1.27121,0.919974,0.620382,-0.039905,-0.0770284,-0.127104,-0.157885,-0.1704,-0.00534425,-0.00950699,-0.0117319,-0.0123906,-0.0125606
45.04,-0.22155215999999997,1713390.0,0.783544,1.01916,1.41572,1.27387,1.08075,-0.0243555,-0.0538771,-0.100234,-0.135946,-0.153389,-0.00598685,-0.010816,-0.0140053,-0.015329,-0.0157985
45.06,-0.17362338,1810030.0,0.240986,0.533701,1.22299,1.38734,1.43649,-0.0141102,-0.0383485,-0.073847,-0.109334,-0.128216,-0.00637151,-0.0117383,-0.0157461,-0.0177818,-0.0186145
45.08,0.08519805,1884900.0,-0.147728,0.338748,1.05598,1.57314,1.86995,-0.0131776,-0.029624,-0.0510573,-0.0797294,-0.095152,-0.00664438,-0.012418,-0.0169951,-0.0196724,-0.0208482
45.1,0.21213908999999997,1977080.0,-0.120015,0.284963,0.865173,1.67874,2.11934,-0.015855,-0.0233869,-0.0318457,-0.0472106,-0.0552591,-0.00693471,-0.0129481,-0.0178241,-0.0209418,-0.0223523
45.12,0.31226381999999997,2079770.0,0.17205,0.305916,0.797235,1.71114,2.17154,-0.0153347,-0.0174781,-0.0152216,-0.0133117,-0.0123503,-0.00724661,-0.0133568,-0.0182948,-0.021547,-0.0230284
45.14,0.31638972,2168750.0,0.179664,0.193133,0.683647,1.42291,1.80682,-0.0118175,-0.0124876,-0.000412816,0.0180288,0.0274333,-0.00751813,-0.0136564,-0.0184512,-0.0214999,-0.0228776
45.160000000000004,0.44585933999999994,2236360.0,0.0764377,0.172871,0.591819,0.954688,1.17624,-0.00925653,-0.00882754,0.0123418,0.0418048,0.0572639,-0.00772887,-0.0138696,-0.0183319,-0.0209015,-0.0220306
45.18,0.6109086,2290880.0,0.144298,0.353228,0.533718,0.493363,0.480304,-0.00704918,-0.00356654,0.0235972,0.0562853,0.0738294,-0.00789193,-0.0139935,-0.0179725,-0.0199206,-0.0207197
45.2,0.7199262,2317730.0,0.57883,0.854703,0.739788,0.394236,0.152467,0.000182107,0.00851278,0.0363323,0.0651613,0.0801571,-0.0079606,-0.0139441,-0.0173732,-0.0187062,-0.0191798
45.22,0.48764975999999993,2270310.0,0.85302,1.19889,0.890563,0.352307,-0.000751313,0.0145006,0.0290487,0.0526358,0.0726267,0.0816742,-0.00781377,-0.0135685,-0.0164835,-0.0173283,-0.0175615
45.24,0.24959195999999997,2123230.0,0.792417,1.22168,0.853578,0.229416,-0.0874276,0.030955,0.0532544,0.0700772,0.078444,0.0807924,-0.00735922,-0.0127454,-0.0152564,-0.0158176,-0.0159368
45.26,0.17964036,1904160.0,0.467083,0.900017,0.559633,0.00233286,-0.213414,0.04355,0.0744714,0.0842093,0.0807614,0.077784,-0.00661417,-0.0114682,-0.0137135,-0.0142255,-0.0143511
45.28,0.35242836,1657580.0,0.108401,0.349642,0.125439,-0.185908,-0.316127,0.0493048,0.086968,0.09106,0.0789257,0.0724886,-0.00568562,-0.00985377,-0.0119608,-0.0126286,-0.0128483
45.300000000000004,0.6341289,1392710.0,0.0758673,-0.036253,-0.0413253,-0.0130518,-0.0542194,0.0511475,0.0901019,0.0919012,0.0769361,0.0687852,-0.0046811,-0.00808307,-0.0101312,-0.01107,-0.0114356
45.32,0.6253875,1079580.0,0.267607,-0.083655,0.147123,0.463937,0.568145,0.0545822,0.0889028,0.0929591,0.081445,0.0739244,-0.0036238,-0.00629302,-0.0082826,-0.00948621,-0.0100085
45.34,0.27044433,713084.0,0.105841,-0.0941556,0.244361,0.724341,0.993601,0.0583167,0.0871247,0.096874,0.0933277,0.0895419,-0.00249481,-0.00453275,-0.00638427,-0.00773848,-0.00837384
45.36,0.031308441,352978.0,-0.341091,-0.138409,0.159422,0.691321,1.03458,0.0559642,0.0847991,0.100912,0.107484,0.109824,-0.001352,-0.00281351,-0.00440641,-0.00573036,-0.00638018
45.38,-0.008279238,55732.5,-0.428765,-0.0490188,0.211448,0.692946,0.968078,0.0482657,0.0829248,0.104621,0.121327,0.12985,-0.0003097,-0.00113627,-0.00235109,-0.00344225,-0.00398344
45.4,-0.16505435999999998,-186719.0,-0.304574,-0.156005,0.187353,0.495518,0.623173,0.0409323,0.0808745,0.108609,0.133212,0.145763,0.00058228,0.000501721,-0.0002188,-0.000896861,-0.00122731
45.42,-0.21158879999999997,-395960.0,-0.326699,-0.484085,-0.0540446,-0.000651795,-0.0115761,0.0346195,0.0744736,0.109942,0.13816,0.151879,0.0013378,0.0020552,0.0019667,0.00181686,0.00174911
45.44,-0.031688390999999996,-552232.0,-0.608641,-0.871143,-0.588884,-0.738329,-0.845563,0.0252661,0.0609214,0.103512,0.130771,0.143307,0.00193666,0.00340915,0.00410124,0.00450617,0.00470097
45.46,0.37283753999999997,-639501.0,-0.407466,-0.718698,-0.870358,-1.07928,-1.23295,0.0151051,0.045023,0.0889199,0.112594,0.122522,0.00234037,0.0044686,0.00602556,0.00693982,0.00735927
45.480000000000004,0.40890117,-701198.0,0.0936592,-0.3406,-0.978986,-1.17666,-1.30754,0.011967,0.03443,0.0704265,0.090035,0.0971175,0.00261109,0.00526313,0.00761903,0.00896611,0.00955567
45.5,0.23224532999999997,-772071.0,-0.103684,-0.569437,-1.4681,-1.73116,-1.79134,0.0118668,0.0253296,0.0459555,0.0609568,0.0661287,0.00284943,0.00586072,0.00878285,0.010476,0.0111881
45.52,0.5535183,-806408.0,-0.675473,-1.06565,-1.926,-2.35417,-2.39833,0.00407519,0.0089787,0.0120145,0.0201035,0.0242319,0.00300885,0.0062038,0.00936255,0.0112866,0.0120917
45.54,1.0479531,-764492.0,-0.611785,-1.10215,-1.74561,-2.3032,-2.46725,-0.00879739,-0.0126994,-0.0247017,-0.0264702,-0.0244238,0.00296162,0.0061666,0.00923567,0.011223,0.0120898
45.56,1.0426796999999999,-683071.0,-0.258725,-0.996738,-1.39753,-1.92752,-2.26505,-0.0175025,-0.0336883,-0.0561331,-0.0687774,-0.0717468,0.00269862,0.00570272,0.00842732,0.0102705,0.0111281
45.58,0.877404,-600783.0,-0.112847,-0.795623,-1.03545,-1.40571,-1.77197,-0.0212182,-0.0516119,-0.080463,-0.10211,-0.112117,0.00231142,0.00484972,0.00706136,0.00856162,0.00928947
45.6,0.6388565999999999,-494684.0,-0.489262,-0.720189,-0.919887,-1.09875,-1.26352,-0.0272393,-0.06677,-0.100016,-0.127154,-0.142472,0.00182684,0.0036659,0.00525657,0.00626898,0.00674358
45.62,0.6115919999999999,-318060.0,-0.638329,-0.526004,-0.72802,-0.729608,-0.612421,-0.0385152,-0.079232,-0.116495,-0.145438,-0.161231,0.0011693,0.00220588,0.00309145,0.00354305,0.00370655
45.64,0.5274929999999999,-68044.1,-0.315113,-0.292015,-0.38388,-0.215865,0.0385748,-0.0480496,-0.0874122,-0.127614,-0.154893,-0.16697,0.000303648,0.000539437,0.000650353,0.000539746,0.000424545
45.660000000000004,0.34421633999999995,216340.0,-0.0479742,-0.246376,-0.0748683,0.229488,0.421132,-0.0516805,-0.0927961,-0.132202,-0.154756,-0.162373,-0.000693653,-0.00126265,-0.00194781,-0.00255675,-0.00286888
45.68,0.25287482999999994,507100.0,-0.0423346,-0.218767,0.196497,0.547719,0.618602,-0.0525836,-0.0974475,-0.130986,-0.146984,-0.151975,-0.00173629,-0.00316508,-0.00457969,-0.00557415,-0.00601236
45.7,0.22532157,795922.0,0.0770391,0.13392,0.574739,0.876209,0.913861,-0.0522366,-0.098296,-0.123273,-0.132745,-0.136651,-0.0027845,-0.00512252,-0.00712228,-0.00837145,-0.00889861
45.72,0.05839296,1066440.0,0.412129,0.726798,0.998828,1.20759,1.29692,-0.0473449,-0.0896888,-0.107538,-0.111907,-0.114543,-0.00378031,-0.00700236,-0.00943039,-0.010818,-0.0114105
45.74,-0.22600752,1295840.0,0.561758,1.10628,1.2273,1.34036,1.46333,-0.037606,-0.071358,-0.0852763,-0.0864277,-0.0869404,-0.00462982,-0.00861283,-0.0113585,-0.0128013,-0.0134254
45.76,-0.36085866,1472590.0,0.569768,1.26241,1.39467,1.40736,1.47828,-0.0262908,-0.047671,-0.0590565,-0.0589506,-0.0575243,-0.00526879,-0.00980312,-0.0128019,-0.0142551,-0.01487
45.78,-0.42538233,1591740.0,0.583793,1.23347,1.48562,1.40988,1.36896,-0.0147551,-0.0227121,-0.0302537,-0.0307781,-0.029052,-0.00567925,-0.010507,-0.013695,-0.0151524,-0.0157358
45.800000000000004,-0.40374353999999996,1648910.0,0.636713,1.09661,1.43814,1.34709,1.21818,-0.00255008,0.000588679,-0.00101615,-0.00320845,-0.00318064,-0.0058523,-0.0107282,-0.0140077,-0.0154923,-0.0160581
45.82,-0.30572409,1641770.0,0.57855,0.885833,1.21431,1.21441,1.09973,0.00960256,0.0204131,0.0255083,0.0224066,0.0199984,-0.00578177,-0.0105182,-0.0137627,-0.0153003,-0.0158899
45.84,-0.15573921,1576020.0,0.291852,0.542123,0.778127,0.920209,0.935824,0.0183066,0.0346926,0.0454328,0.0437528,0.0403539,-0.00550268,-0.00996711,-0.0130533,-0.0146387,-0.0152864
45.86,0.108426,1464270.0,0.223203,0.418262,0.546958,0.789391,0.968972,0.0234571,0.0442965,0.0586836,0.0608488,0.0594019,-0.00508504,-0.00917722,-0.0120122,-0.0135927,-0.0142889
45.88,0.15802808999999998,1306190.0,0.428436,0.557372,0.622936,0.885499,1.1335,0.0299735,0.0540528,0.0703825,0.0775977,0.0804266,-0.00455074,-0.00819373,-0.0107215,-0.0122082,-0.0128906
45.9,-0.046420913999999994,1085410.0,0.646392,0.811884,0.883843,1.10604,1.2709,0.0407218,0.0677454,0.0854503,0.097513,0.104471,-0.00384378,-0.00697574,-0.00916317,-0.0104571,-0.0110416
45.92,-0.38604348,802717.0,0.40086,0.722126,0.853204,0.992522,1.00294,0.0511943,0.0830855,0.102821,0.118499,0.127209,-0.00292462,-0.00546743,-0.00728046,-0.00829698,-0.00872481
45.94,-0.41998550999999995,491942.0,0.0768681,0.496054,0.70218,0.721595,0.636915,0.0559716,0.0952673,0.118375,0.13564,0.143608,-0.00185296,-0.00368391,-0.0050685,-0.00575559,-0.00601664
45.96,-0.34969884,183936.0,-0.0873076,0.220072,0.483527,0.387008,0.3089,0.0558672,0.102429,0.130232,0.146726,0.153066,-0.000734575,-0.00170695,-0.00258244,-0.00293194,-0.00304991
45.980000000000004,-0.25332056999999997,-110123.0,-0.243229,-0.190322,0.0721918,-0.0568807,-0.0911704,0.0525619,0.102726,0.135789,0.150027,0.155243,0.000349716,0.000344598,7.7768e-05,3.55913e-05,3.31815e-05
46.0,-0.031700937,-371473.0,-0.506745,-0.706056,-0.554885,-0.595693,-0.608864,0.0450621,0.0937623,0.130962,0.143501,0.148243,0.00132596,0.00230948,0.00274528,0.00297088,0.00306804
46.02,0.33063707999999997,-580051.0,-0.482163,-0.903001,-0.987262,-0.88798,-0.882539,0.035173,0.0776717,0.115541,0.128665,0.133329,0.00212831,0.00402382,0.0052103,0.00569254,0.00588375
46.04,0.4596018,-762834.0,0.0850889,-0.489399,-0.856228,-0.694542,-0.633951,0.0312023,0.0637477,0.0971056,0.112839,0.118164,0.00279206,0.00543802,0.00733676,0.00810758,0.00839868
46.06,0.062189909999999994,-975862.0,0.348663,-0.132049,-0.694497,-0.625402,-0.511892,0.0355398,0.0575332,0.0815983,0.09964,0.106705,0.00345948,0.00665082,0.0091238,0.0102324,0.0106474
46.08,-0.25045997999999997,-1214140.0,-0.106936,-0.223853,-0.796007,-0.939573,-0.872244,0.0379571,0.0539742,0.0666933,0.0839902,0.0928639,0.00419445,0.0077659,0.0106067,0.0120687,0.0126431
46.1,-0.15030873,-1407520.0,-0.686289,-0.555804,-0.942441,-1.30956,-1.41876,0.0300248,0.0461776,0.0493088,0.0614988,0.0699539,0.00487427,0.00876742,0.0117667,0.0135236,0.0142712
46.12,0.10643444999999999,-1519060.0,-0.631364,-0.70749,-0.800188,-1.29292,-1.60449,0.0168483,0.0335447,0.0318826,0.0354741,0.0397213,0.005343,0.00956464,0.0125787,0.0144933,0.015368
46.14,0.08983904999999999,-1570380.0,-0.516886,-1.00223,-0.867959,-1.3236,-1.70174,0.00536578,0.0164475,0.0152011,0.00930887,0.00665906,0.00556514,0.0100646,0.0130495,0.0149411,0.0158318
46.160000000000004,0.19599249,-1572520.0,-0.543485,-1.16404,-1.05655,-1.30804,-1.54418,-0.00523793,-0.00521526,-0.00404406,-0.0170076,-0.0258001,0.00556642,0.0101769,0.0131611,0.0148641,0.0156404
46.18,0.28753443,-1519490.0,-0.419003,-0.879419,-1.07367,-1.02801,-0.993668,-0.0148628,-0.0256498,-0.0253463,-0.0403682,-0.0511785,0.00536541,0.00986823,0.0128672,0.0142904,0.0148706
46.2,0.11899065,-1416780.0,-0.370625,-0.6839,-1.21581,-0.929113,-0.66244,-0.0227591,-0.041283,-0.0482411,-0.0599395,-0.0677396,0.00498919,0.00919891,0.0121313,0.0132873,0.0136814
46.22,0.12499691999999998,-1266990.0,-0.30135,-0.59752,-1.18953,-0.865429,-0.54056,-0.0294788,-0.0540972,-0.0722945,-0.0778849,-0.0797696,0.00446681,0.0082451,0.0109259,0.0119091,0.0122063
46.24,0.15802910999999997,-1081910.0,-0.143012,-0.448848,-0.752437,-0.619494,-0.440514,-0.0339225,-0.0645609,-0.0917142,-0.0927341,-0.0895804,0.0038328,0.00705852,0.00928584,0.0102029,0.0105128
46.26,0.00852669,-888933.0,-0.109839,-0.349681,-0.261639,-0.409524,-0.493772,-0.036451,-0.0725462,-0.101855,-0.103024,-0.0989232,0.00312907,0.00568745,0.00735015,0.00824528,0.00862779
46.28,-0.08789288999999999,-667332.0,-0.6497,-0.735082,-0.452179,-0.778357,-1.08093,-0.0440464,-0.0833938,-0.108993,-0.114903,-0.11467,0.00232409,0.00412805,0.00524167,0.00606601,0.00649185
46.300000000000004,0.42238250999999993,-344644.0,-0.980244,-0.98299,-0.780627,-1.09674,-1.42668,-0.0603458,-0.100575,-0.121321,-0.133654,-0.139746,0.00128017,0.00228837,0.00293853,0.00358044,0.00394769
46.32,0.8972838,65882.0,-0.11773,-0.277107,-0.295834,-0.473477,-0.621883,-0.0713256,-0.113176,-0.132086,-0.149356,-0.160232,-3.6542e-05,0.000150866,0.000404459,0.000750333,0.000947905
46.34,0.4248636599999999,448374.0,0.57192,0.255967,0.0217859,0.0047683,0.102788,-0.0667837,-0.113387,-0.134826,-0.154043,-0.165423,-0.00141763,-0.00211476,-0.00226466,-0.00228366,-0.00230864
46.36,0.10550574,770029.0,0.295541,0.201294,-0.181007,-0.0774667,0.140984,-0.0581091,-0.108814,-0.136418,-0.15477,-0.162985,-0.00266656,-0.00433677,-0.00497711,-0.0053718,-0.00559273
46.38,0.39384291,1107780.0,-0.172107,0.0849471,-0.315008,-0.163181,-0.0141876,-0.0568747,-0.105952,-0.141379,-0.157177,-0.161717,-0.0038164,-0.00648443,-0.00775508,-0.00849127,-0.00883975
46.4,0.7334003999999998,1472710.0,0.147686,0.327596,0.134644,0.227905,0.223808,-0.0571189,-0.101826,-0.143182,-0.15653,-0.159621,-0.00495634,-0.00856222,-0.0106007,-0.0116283,-0.0120531
46.42,0.5902689,1764360.0,0.928121,0.82201,1.02255,0.965267,0.863889,-0.0463609,-0.0903304,-0.13161,-0.144598,-0.148744,-0.00599113,-0.0104838,-0.0133486,-0.0146396,-0.0151368
46.44,0.05216687999999999,1924690.0,0.788755,0.933046,1.45279,1.27618,1.16572,-0.0291921,-0.0727798,-0.106857,-0.122183,-0.128448,-0.00674666,-0.0121149,-0.0157333,-0.0173074,-0.0179087
46.46,-0.08336307,2038390.0,-0.146819,0.683906,1.21748,1.10112,1.02229,-0.0227727,-0.0566103,-0.0801542,-0.0984104,-0.106568,-0.00726631,-0.0134088,-0.0176034,-0.0195134,-0.0202589
46.480000000000004,0.29305517999999997,2233130.0,-0.829957,0.134776,0.486231,0.609709,0.594042,-0.0325405,-0.0484235,-0.0631171,-0.0813021,-0.0904045,-0.00781944,-0.0144591,-0.0190361,-0.0213105,-0.0222286
46.5,1.0002783,2525130.0,-0.292072,-0.115469,0.164355,0.532147,0.646086,-0.0437608,-0.0482304,-0.0566112,-0.0698836,-0.0780032,-0.00858246,-0.0154257,-0.0202334,-0.0228223,-0.0239127
46.52,1.2315837,2812940.0,0.379572,-0.289428,0.0655088,0.523364,0.797134,-0.0428858,-0.0522794,-0.0543126,-0.0593284,-0.063571,-0.00944892,-0.0164308,-0.0213426,-0.0241145,-0.0253284
46.54,1.2832416,3007850.0,0.717541,0.0588249,0.324383,0.733811,1.065,-0.0319146,-0.0545854,-0.0504137,-0.0467567,-0.0449497,-0.0101969,-0.0174994,-0.0223899,-0.0251753,-0.0264136
46.56,1.0347237,3108350.0,0.622169,0.69482,0.552967,0.86436,1.07389,-0.0185175,-0.047049,-0.0416402,-0.030775,-0.0235609,-0.0107012,-0.0185158,-0.0233104,-0.0259506,-0.0270987
46.58,0.8291222999999999,3160710.0,0.48528,1.21668,0.704913,0.84024,0.844159,-0.00744304,-0.027934,-0.0290614,-0.013729,-0.00438039,-0.0109609,-0.0192656,-0.0240174,-0.0263957,-0.0273781
46.6,0.7352669999999999,3185620.0,0.465912,1.30604,0.933885,0.727201,0.587592,0.00206889,-0.00270683,-0.0126734,0.00194543,0.00993712,-0.0110146,-0.019572,-0.0244348,-0.0265135,-0.0273226
46.62,0.6832878,3157870.0,0.466941,1.01819,1.24183,0.638307,0.421643,0.0113974,0.0205355,0.00908371,0.0156005,0.0200295,-0.0108799,-0.0193937,-0.0244707,-0.026338,-0.0270229
46.64,0.6482252999999999,3051490.0,0.56538,0.854685,1.55484,0.838987,0.524847,0.0217206,0.0392643,0.0370504,0.0303735,0.0294944,-0.0105488,-0.0187957,-0.0240093,-0.0258783,-0.0265277
46.660000000000004,0.4901650799999999,2867690.0,0.686265,0.985884,1.60879,1.27282,0.899948,0.0342371,0.05767,0.0686868,0.0514915,0.0437423,-0.00998917,-0.0178264,-0.022952,-0.0250596,-0.0257953
46.68,0.25396979999999997,2626520.0,0.512336,0.971927,1.13982,1.44381,1.26935,0.0462231,0.0772481,0.0961729,0.0786578,0.0654353,-0.00918457,-0.0164772,-0.0213034,-0.0237582,-0.0247035
46.7,0.2449173,2332520.0,0.603546,1.08611,0.946809,1.67981,2.00115,0.0573819,0.0978285,0.117039,0.109894,0.0981402,-0.00814852,-0.0147264,-0.0191713,-0.0218726,-0.0230678
46.72,-0.040082124,1954510.0,0.739506,1.07292,1.0621,1.79743,2.55002,0.0708124,0.119419,0.137128,0.144666,0.143652,-0.00686658,-0.0125539,-0.0166296,-0.019327,-0.0206498
46.74,-0.37678596,1493660.0,0.321873,0.579165,0.96655,1.47665,2.15323,0.0814262,0.13594,0.157415,0.177407,0.190684,-0.00534419,-0.0100004,-0.0136842,-0.0161063,-0.0173065
46.76,-0.26302892999999994,1027500.0,-0.364828,-0.068814,0.645157,0.976489,1.09799,0.0809967,0.141043,0.173532,0.201939,0.223197,-0.00371996,-0.00723054,-0.0103747,-0.0123128,-0.0131677
46.78,0.09413273999999999,629758.0,-0.749565,-0.590097,0.188031,0.406332,0.0351808,0.0698527,0.134454,0.181864,0.215767,0.234528,-0.00221147,-0.00447557,-0.00682073,-0.00813577,-0.00859042
46.800000000000004,0.42185108999999993,298659.0,-0.496498,-0.710306,-0.143434,-0.099916,-0.448998,0.0573921,0.12145,0.18231,0.218831,0.23039,-0.000939021,-0.00191653,-0.00317899,-0.00378979,-0.00394123
46.82,0.44034317999999995,-6176.21,-0.194926,-0.632434,-0.518468,-0.68813,-0.649128,0.0504779,0.108023,0.175691,0.210951,0.219409,0.000139678,0.000378197,0.000401012,0.000508028,0.000556757
46.84,0.39822992999999995,-293968.0,-0.163998,-0.466903,-0.959704,-1.21443,-0.945045,0.0468886,0.0970292,0.160909,0.191925,0.203467,0.00111334,0.00242871,0.00376701,0.00453679,0.00478552
46.86,0.40768584,-556867.0,0.0262867,-0.121929,-1.13085,-1.32439,-1.23295,0.0455115,0.0911409,0.140003,0.166537,0.181687,0.00203734,0.00431041,0.00677613,0.00812141,0.00863706
46.88,0.22960811999999997,-832107.0,0.546133,0.28533,-0.844309,-1.05014,-1.29023,0.0512357,0.0927749,0.120252,0.142792,0.156455,0.00300482,0.00614957,0.00937869,0.0112147,0.0120185
46.9,-0.21919902,-1176040.0,0.604927,0.231328,-0.558049,-1.00624,-1.38278,0.0627463,0.0979415,0.106228,0.122228,0.129725,0.00414464,0.00805674,0.0116435,0.0138649,0.0148803
46.92,-0.45098585999999996,-1568320.0,-0.231021,-0.41811,-0.688364,-1.42855,-1.73391,0.0664854,0.0960736,0.0937641,0.0978798,0.0985583,0.00543695,0.00999689,0.0136434,0.016066,0.0171631
46.94,-0.16778132999999998,-1919200.0,-0.899566,-0.866866,-0.783849,-1.5186,-1.76124,0.0551795,0.0832239,0.079042,0.0684082,0.0636068,0.0066536,0.0117899,0.0153715,0.0177288,0.0187848
46.96,-0.017429811,-2172360.0,-0.989718,-1.10335,-0.91876,-1.24955,-1.48857,0.0362867,0.0635217,0.0620159,0.0407266,0.0311087,0.00756826,0.0132573,0.0167821,0.0188202,0.0197319
46.980000000000004,-0.024729797999999997,-2328020.0,-0.781676,-1.27508,-1.11597,-0.904181,-1.01609,0.0185727,0.0397373,0.0416686,0.0191893,0.00606214,0.00811686,0.0142899,0.0178189,0.0194193,0.0201036
47.0,-0.08980794,-2390830.0,-0.800343,-1.50842,-1.4297,-0.85545,-0.632785,0.00275252,0.0119023,0.0162119,0.00159302,-0.0104266,0.00833011,0.0148063,0.0183977,0.0196272,0.02006
47.02,-0.007703295,-2345520.0,-0.995117,-1.70456,-1.78864,-1.12236,-0.581934,-0.0152021,-0.0202275,-0.0159714,-0.0181851,-0.0225738,0.00820561,0.014723,0.0184001,0.0194613,0.01973
47.04,0.24465362999999998,-2188410.0,-0.78888,-1.4883,-1.77051,-1.20823,-0.664726,-0.0330421,-0.0521561,-0.0515629,-0.0414909,-0.0350404,0.00772317,0.0139992,0.0177248,0.0188645,0.0191539
47.06,0.26969921999999996,-1943750.0,-0.684087,-1.36614,-1.73444,-1.44299,-1.2299,-0.0477717,-0.0807005,-0.0866124,-0.0680031,-0.0539867,0.00691503,0.0126706,0.016343,0.0177696,0.0182636
47.08,0.43801911,-1621530.0,-0.787522,-1.33004,-1.62934,-1.78524,-1.97543,-0.0624878,-0.107662,-0.12025,-0.100285,-0.08604,0.00581244,0.010787,0.0142744,0.0160867,0.0168633
47.1,0.6851799,-1215350.0,-0.678849,-1.03943,-1.27328,-1.92763,-2.3606,-0.0771515,-0.131357,-0.149276,-0.137414,-0.1294,0.00441605,0.00839683,0.0115791,0.0137097,0.0147089
47.12,0.7299783,-746771.0,-0.195223,-0.458089,-0.799903,-1.74532,-2.23783,-0.0858922,-0.146332,-0.170008,-0.174144,-0.175385,0.00278561,0.00561994,0.00838627,0.0105941,0.0116611
47.14,0.5581644,-257599.0,0.142917,-0.032053,-0.618542,-1.49828,-1.94135,-0.0864153,-0.151234,-0.184193,-0.20658,-0.217176,0.00106253,0.00264428,0.00484426,0.00678686,0.00773545
47.160000000000004,0.5214800999999999,217428.0,0.403168,0.382029,-0.375442,-0.946781,-1.25322,-0.0809545,-0.147734,-0.194133,-0.23103,-0.249122,-0.000611165,-0.000345395,0.00106101,0.00241076,0.00307247
47.18,0.36263957999999996,635113.0,0.749747,0.860444,0.185707,-0.061388,-0.153919,-0.0694253,-0.135309,-0.19603,-0.241112,-0.263193,-0.00211496,-0.00317582,-0.00284061,-0.00231067,-0.00205068
47.2,-0.028809492,957328.0,0.82994,1.03745,0.719504,0.713611,0.819859,-0.0536284,-0.11633,-0.186978,-0.23459,-0.256534,-0.0033455,-0.00569222,-0.00667069,-0.00706768,-0.00724796
47.22,-0.25671768,1207430.0,0.316385,0.680088,0.879493,1.08331,1.2646,-0.0421652,-0.0991547,-0.170988,-0.216621,-0.235689,-0.00430344,-0.00784707,-0.0102503,-0.0115798,-0.0121702
47.24,-0.043187565,1455240.0,-0.29717,0.175447,0.892484,1.31549,1.46797,-0.041973,-0.0905994,-0.153268,-0.192633,-0.208364,-0.00514482,-0.00974461,-0.0134929,-0.0156723,-0.0166107
47.26,0.28416588,1717590.0,-0.0068923,0.356727,1.43934,2.04473,2.19789,-0.0450137,-0.0852776,-0.12995,-0.15903,-0.171705,-0.00601469,-0.0115034,-0.0163251,-0.0191889,-0.0204114
47.28,-0.020707835999999997,1950070.0,0.280007,0.532938,1.7076,2.40965,2.66487,-0.0422825,-0.076381,-0.0984804,-0.114487,-0.123078,-0.00688765,-0.01312,-0.0186094,-0.0219241,-0.0233592
47.300000000000004,-0.17157471,2157730.0,0.106095,0.552707,1.50693,2.23158,2.60975,-0.0384215,-0.0655245,-0.0663352,-0.0680745,-0.0703315,-0.00769469,-0.014539,-0.0202575,-0.0237497,-0.0252933
47.32,0.024049509,2381320.0,0.181785,0.881383,1.4208,2.09979,2.49718,-0.0355427,-0.0511836,-0.0370579,-0.0247607,-0.0192622,-0.00843433,-0.0157061,-0.0212915,-0.0246781,-0.0261893
47.34,0.025419164999999997,2584810.0,0.766668,1.36575,1.53825,2.0431,2.32614,-0.0260582,-0.0287123,-0.00746737,0.0166682,0.028971,-0.00905034,-0.0165051,-0.0217367,-0.024759,-0.0260922
47.36,-0.16843463999999997,2696710.0,0.934746,1.26986,1.29025,1.45017,1.54348,-0.00904405,-0.00235615,0.0208176,0.0516009,0.0676672,-0.00940136,-0.0168157,-0.0216032,-0.0240763,-0.0251258
47.38,0.08590592999999999,2707040.0,0.799647,1.12253,1.14054,0.882707,0.767503,0.00829988,0.0215678,0.0451254,0.0749297,0.090777,-0.0094088,-0.0166236,-0.0209438,-0.022811,-0.0235414
47.4,0.30056646,2607910.0,1.14892,1.63585,1.62016,1.07138,0.769102,0.0277856,0.0491516,0.0727324,0.0944706,0.106143,-0.00904795,-0.0159164,-0.0197652,-0.021117,-0.0215722
47.42,-0.17096169,2355640.0,1.2709,1.87036,1.74385,1.15191,0.755827,0.0519838,0.0842136,0.106373,0.116704,0.121392,-0.00825026,-0.0145828,-0.0179742,-0.0190053,-0.0192968
47.44,-0.42785532,1967530.0,0.86276,1.56859,1.39044,0.952323,0.632433,0.0733204,0.118603,0.137715,0.137746,0.135275,-0.00699721,-0.0125546,-0.0155333,-0.0164608,-0.0167301
47.46,-0.31957874999999997,1516530.0,0.353188,1.07959,1.03411,0.829279,0.731948,0.0854799,0.145085,0.161961,0.155562,0.148919,-0.00540921,-0.00991773,-0.0125365,-0.0135277,-0.0138882
47.480000000000004,-0.23509826999999997,1019010.0,0.419847,0.835387,1.06622,1.12867,1.25766,0.0932102,0.164235,0.182964,0.175141,0.168815,-0.00362231,-0.00682454,-0.00908726,-0.0102207,-0.0107109
47.5,-0.5308181999999999,435007.0,0.675076,0.671089,1.16013,1.53059,1.76764,0.104159,0.1793,0.205228,0.201734,0.199068,-0.00164861,-0.00338919,-0.00520534,-0.0064519,-0.00703204
47.52,-0.9141138,-224913.0,0.253216,0.237285,0.830237,1.4888,1.74235,0.113442,0.188383,0.225131,0.231928,0.234168,0.000527407,0.000287634,-0.000901752,-0.00211528,-0.00269969
47.54,-0.9263895,-864407.0,-0.757208,-0.502849,0.0353727,0.821375,1.10831,0.108402,0.185728,0.233787,0.25503,0.262674,0.00274586,0.00402874,0.00368744,0.00275429,0.00226873
47.56,-0.4910943,-1392290.0,-1.19364,-1.0499,-0.616195,0.0498681,0.398429,0.088894,0.1702,0.227979,0.263742,0.277741,0.00471882,0.00758802,0.0083051,0.00794201,0.00767288
47.58,-0.15562190999999997,-1807660.0,-0.779017,-1.21456,-0.868872,-0.501921,-0.185653,0.0691675,0.147556,0.213129,0.259222,0.279869,0.00629944,0.0107656,0.0127162,0.0131717,0.013249
47.6,-0.16077291,-2165760.0,-0.328521,-1.14809,-0.979144,-0.936136,-0.831058,0.0580921,0.123929,0.194648,0.244841,0.269702,0.00757203,0.0134804,0.016794,0.0182123,0.0187447
47.62,-0.29442707999999995,-2485150.0,-0.47575,-1.12171,-1.37039,-1.58717,-1.77171,0.0500494,0.101231,0.171153,0.219608,0.243674,0.00865345,0.015732,0.020452,0.0228568,0.0238785
47.64,-0.17667878999999997,-2723300.0,-0.850247,-1.2111,-2.03789,-2.48037,-2.83547,0.0367894,0.077903,0.13707,0.178933,0.197603,0.00952183,0.0175234,0.0235342,0.0268422,0.0282912
47.660000000000004,0.21237827999999997,-2861540.0,-0.482598,-0.944948,-2.1761,-2.86561,-3.20419,0.0234609,0.0563426,0.0949305,0.125473,0.137206,0.0101243,0.0188658,0.0258542,0.0298862,0.0316393
47.68,0.15451928999999998,-2969130.0,0.100362,-0.666874,-1.89318,-2.81149,-3.08357,0.0196386,0.0402243,0.0542377,0.0687019,0.0743284,0.0105553,0.0198315,0.0273459,0.031828,0.0337547
47.7,-0.17107134,-3122750.0,0.256493,-0.498146,-1.44195,-2.43529,-2.75226,0.0232071,0.0285741,0.0208864,0.016234,0.01597,0.0109838,0.0205195,0.0280971,0.0326773,0.0346577
47.72,-0.5344391999999999,-3305640.0,-0.213864,-0.570973,-1.24484,-2.05998,-2.49882,0.0236334,0.017883,-0.00598148,-0.0287188,-0.0365408,0.0114522,0.020984,0.0282462,0.0325525,0.0344519
47.74,-0.6155088,-3435550.0,-0.667301,-0.709621,-1.18716,-1.62842,-2.05581,0.0148218,0.00507701,-0.0303015,-0.0656028,-0.0820871,0.0118367,0.0212136,0.0278833,0.0316093,0.0332657
47.76,-0.605676,-3463250.0,-0.86551,-1.02543,-1.2105,-1.25328,-1.40616,-0.000506355,-0.0122735,-0.0542781,-0.0944197,-0.116707,0.0119799,0.0211417,0.0270376,0.0300091,0.0312777
47.78,-0.5422880999999999,-3394390.0,-0.96285,-1.48315,-1.24194,-0.975239,-0.732278,-0.01879,-0.0373592,-0.0788024,-0.116705,-0.138091,0.0117869,0.0206454,0.0257067,0.0278978,0.0287298
47.800000000000004,-0.43197051,-3228230.0,-1.16371,-1.88479,-1.33454,-0.822922,-0.350563,-0.0400556,-0.0710386,-0.104567,-0.134686,-0.14892,0.0111985,0.0195614,0.0238731,0.0253839,0.0258596
47.82,-0.21261287999999998,-2921440.0,-1.44431,-2.12155,-1.62285,-0.896493,-0.480177,-0.0661358,-0.111102,-0.134141,-0.151881,-0.157227,0.0101366,0.01774,0.021486,0.0225182,0.0227982
47.84,0.20230526999999998,-2440410.0,-1.20997,-1.8333,-1.66922,-0.868176,-0.625897,-0.0926786,-0.150651,-0.167062,-0.169527,-0.168288,0.00854842,0.0151224,0.0184739,0.0193041,0.019543
47.86,0.37004018999999994,-1842200.0,-0.324459,-0.962174,-1.13151,-0.572458,-0.410143,-0.108023,-0.178605,-0.195069,-0.183934,-0.178648,0.00654141,0.0118299,0.0148526,0.0157695,0.0160737
47.88,0.030106523999999996,-1241200.0,0.39441,-0.0458706,-0.400953,-0.394127,-0.251999,-0.107323,-0.188686,-0.210394,-0.1936,-0.185269,0.00438795,0.00815698,0.010798,0.0119942,0.0124345
47.9,-0.34876451999999997,-676831.0,0.212959,0.329101,-0.129786,-0.71683,-0.752034,-0.10125,-0.185853,-0.215701,-0.204709,-0.19531,0.00230222,0.00441158,0.00653706,0.00801112,0.00862871
47.92,-0.14896386,-104008.0,0.090302,0.693951,0.172522,-0.754334,-1.17053,-0.0982171,-0.175623,-0.215274,-0.219421,-0.214535,0.00030755,0.00079682,0.00222731,0.00376982,0.00453026
47.94,0.011599694999999998,476171.0,0.419488,0.950041,0.504316,-0.441491,-1.16451,-0.0931191,-0.159183,-0.208505,-0.231379,-0.237886,-0.00160581,-0.00255124,-0.00201048,-0.000738179,6.04273e-06
47.96,0.035722541999999996,997822.0,0.685052,0.790595,0.590899,-0.168293,-0.814592,-0.0820737,-0.141777,-0.197553,-0.237477,-0.257677,-0.00335774,-0.00556084,-0.00607106,-0.00542674,-0.00494959
47.980000000000004,0.18923651999999996,1425410.0,0.649906,0.583758,0.618059,0.18425,-0.0346836,-0.0687242,-0.128033,-0.185464,-0.237317,-0.26617,-0.00486572,-0.00825893,-0.00990123,-0.0101747,-0.0101881
48.0,0.3109725,1772110.0,0.510832,0.657243,0.736071,0.787439,1.0101,-0.0571168,-0.115623,-0.171922,-0.2276,-0.256416,-0.00612413,-0.0106955,-0.0134751,-0.0148239,-0.0154139
48.02,0.26752305,2059060.0,0.413586,0.795254,0.846498,1.4542,1.8803,-0.0478726,-0.101098,-0.156097,-0.205184,-0.227512,-0.00717402,-0.0128627,-0.0167553,-0.0191517,-0.0202532
48.04,0.21407556,2304560.0,0.294512,0.716355,0.961246,1.92726,2.36519,-0.0407916,-0.085982,-0.138019,-0.171369,-0.185057,-0.00806067,-0.0147335,-0.0196964,-0.0229172,-0.0243789
48.06,0.25242908999999997,2522960.0,0.180497,0.551564,1.26671,2.19373,2.60388,-0.0360415,-0.0733028,-0.11574,-0.130159,-0.135366,-0.008829,-0.0163264,-0.022234,-0.0259325,-0.0275831
48.08,0.25665290999999996,2713380.0,0.216217,0.597559,1.74299,2.35574,2.70466,-0.0320744,-0.0618116,-0.0856425,-0.0846648,-0.0822806,-0.00951016,-0.0176775,-0.0242478,-0.0280808,-0.0297595
48.1,0.14069982,2874580.0,0.208995,0.719858,1.90583,2.24383,2.42387,-0.0278223,-0.0486375,-0.0491543,-0.0386691,-0.0309953,-0.0101091,-0.018782,-0.0255958,-0.0293141,-0.0308923
48.120000000000005,0.18527331,3019770.0,0.294485,0.987184,1.80681,2.05396,2.02629,-0.0227875,-0.031567,-0.012028,0.0043089,0.0135064,-0.0106152,-0.019584,-0.0262076,-0.0296577,-0.0310672
48.14,0.23695415999999997,3138400.0,0.634681,1.38255,1.70754,1.90872,1.82015,-0.0134958,-0.00786964,0.0231155,0.0439357,0.0519708,-0.0109781,-0.0199784,-0.0260968,-0.0291753,-0.0304124
48.160000000000004,0.12457973999999998,3172550.0,1.15822,1.77566,1.73702,1.7769,1.8072,0.00443316,0.0237125,0.0575611,0.080792,0.0882443,-0.0110687,-0.01982,-0.02529,-0.027928,-0.0290103
48.18,-0.11815832999999999,3069080.0,1.34589,1.84452,1.63182,1.45221,1.57176,0.0294743,0.0599143,0.0912496,0.113083,0.122034,-0.0107296,-0.0189837,-0.0238019,-0.0259892,-0.0269075
48.2,-0.15828666,2839970.0,0.866793,1.3786,1.13119,0.842334,0.838942,0.0516011,0.0921456,0.11888,0.136028,0.146141,-0.00991885,-0.0174631,-0.0217006,-0.0234981,-0.0242257
48.22,0.22581219,2522720.0,0.65517,1.11422,0.953963,0.699269,0.466162,0.0668207,0.117074,0.139731,0.151444,0.159192,-0.00873464,-0.0153709,-0.0191145,-0.0206234,-0.0211724
48.24,0.26541471,2093560.0,1.00633,1.25893,1.30016,1.11245,0.809621,0.0834357,0.140805,0.162272,0.169562,0.17195,-0.00723207,-0.0127921,-0.0160944,-0.0174133,-0.017861
48.26,-0.24960623999999998,1512920.0,0.995541,1.22666,1.48885,1.35504,1.22742,0.103454,0.165661,0.190163,0.194237,0.19232,-0.00536317,-0.00972746,-0.0125701,-0.0137753,-0.0142183
48.28,-0.6466544999999999,843285.0,0.101357,0.650202,1.02268,1.02294,1.13113,0.114423,0.18443,0.215278,0.218016,0.215906,-0.00318439,-0.00622655,-0.00851569,-0.00965281,-0.010136
48.300000000000004,-0.46254552,216997.0,-0.766185,-0.101503,0.27362,0.541469,0.754163,0.107775,0.189917,0.228241,0.23366,0.234759,-0.000962407,-0.00248308,-0.0040805,-0.00513604,-0.00562939
48.32,-0.08177544,-319419.0,-0.520642,-0.410917,-0.00985656,0.527932,0.735393,0.0949068,0.184793,0.230878,0.244354,0.249654,0.00106441,0.00126401,0.000510693,-0.000355896,-0.000785267
48.34,-0.20121335999999998,-849781.0,0.330625,-0.265755,0.202735,0.824623,1.04685,0.0930067,0.178026,0.232807,0.25788,0.267477,0.00294355,0.0048922,0.00514755,0.00466645,0.00438604
48.36,-0.7838598,-1440470.0,0.232288,-0.351856,0.0302091,0.522653,0.790358,0.0986358,0.17185,0.235137,0.271353,0.285849,0.00485997,0.00839096,0.00982699,0.00995877,0.0099193
48.38,-0.9393638999999999,-2022960.0,-0.618428,-0.593405,-0.574179,-0.302954,-0.0730099,0.0947744,0.162397,0.229697,0.27355,0.293022,0.00679407,0.0117334,0.0144753,0.0154078,0.015708
48.4,-0.6541872,-2500340.0,-0.835184,-0.563552,-0.952311,-0.923665,-0.864325,0.0802383,0.150828,0.214432,0.261283,0.283649,0.0085442,0.0148657,0.0189166,0.0207561,0.0214747
48.42,-0.5757441,-2883760.0,-0.445643,-0.643597,-1.1343,-1.40938,-1.56273,0.06743,0.138756,0.193566,0.237953,0.259378,0.0100209,0.0177615,0.0229966,0.0257485,0.026905
48.44,-0.605574,-3238130.0,-0.244429,-0.968512,-1.28154,-1.89538,-2.20192,0.0605293,0.122635,0.169408,0.204905,0.221732,0.0113005,0.0203754,0.0266263,0.0301771,0.0317161
48.46,-0.5687265,-3577320.0,-0.396646,-1.1487,-1.41874,-2.21552,-2.60352,0.0541185,0.101463,0.142405,0.163796,0.173677,0.012447,0.0226164,0.0297445,0.0338641,0.0356702
48.480000000000004,-0.5539875,-3857320.0,-0.783663,-1.31792,-1.91491,-2.58593,-2.98379,0.0423154,0.0767967,0.109068,0.115782,0.117804,0.0134113,0.024399,0.0322592,0.0366599,0.038585
48.5,-0.30680784,-4030390.0,-0.904656,-1.45225,-2.45295,-2.81447,-3.0929,0.0254323,0.049095,0.0653896,0.0617778,0.0570374,0.0140888,0.0256579,0.0340038,0.0384355,0.0403334
48.52,-0.07951308,-4099620.0,-0.789848,-1.61347,-2.6512,-2.81186,-2.84232,0.00848721,0.0184378,0.0143481,0.00551446,-0.00231481,0.014428,0.0263332,0.0348011,0.0391084,0.0408806
48.54,-0.04104051599999999,-4101870.0,-0.772694,-1.81598,-2.4975,-2.67165,-2.50579,-0.00713821,-0.0158568,-0.0371389,-0.0493206,-0.055796,0.0144415,0.0263591,0.0345732,0.0386703,0.0402995
48.56,-0.07718748,-4035920.0,-0.945804,-1.92395,-2.2295,-2.44795,-2.34262,-0.0243232,-0.0532561,-0.0844089,-0.100517,-0.10428,0.0141268,0.0256679,0.0333578,0.037172,0.0386988
48.58,-0.0514692,-3851280.0,-1.157,-1.87381,-2.05284,-2.17321,-2.32194,-0.0453512,-0.0912337,-0.127232,-0.146728,-0.150926,0.0134301,0.024223,0.0312413,0.0346995,0.0361467
48.6,0.050959556999999996,-3520540.0,-1.03099,-1.55115,-1.75577,-1.73108,-2.00823,-0.0672311,-0.125483,-0.165318,-0.185771,-0.194227,0.0123043,0.0220559,0.0283158,0.0313745,0.0326952
48.620000000000005,-0.038692527,-3080610.0,-0.72403,-1.19562,-1.37256,-1.35576,-1.45364,-0.0847814,-0.152951,-0.196602,-0.21664,-0.228846,0.0107842,0.0192715,0.0246966,0.0273504,0.0284645
48.64,-0.19234802999999998,-2580850.0,-0.398217,-0.780192,-0.875912,-0.998658,-0.826859,-0.0960038,-0.172709,-0.219086,-0.240184,-0.251651,0.0089763,0.0160149,0.0205398,0.0227822,0.0236595
48.660000000000004,-0.36917778,-2032300.0,-0.270706,-0.404727,-0.498974,-0.669675,-0.48364,-0.102693,-0.184558,-0.232835,-0.256867,-0.264756,0.00698933,0.0124422,0.0160206,0.0178117,0.0184954
48.68,-0.39071712,-1420140.0,-0.339973,-0.273653,-0.444795,-0.485018,-0.549015,-0.1088,-0.191342,-0.242273,-0.268414,-0.275083,0.0048744,0.00868324,0.0112695,0.0125588,0.013097
48.7,-0.12718992,-740857.0,-0.382624,-0.409773,-0.58063,-0.498803,-0.736381,-0.116026,-0.198176,-0.252527,-0.278252,-0.287937,0.00262614,0.00478805,0.00632148,0.00709218,0.00746683
48.72,0.31268151,-28399.4,-0.0662429,-0.360756,-0.3947,-0.379413,-0.49222,-0.120514,-0.205882,-0.26228,-0.287034,-0.300223,0.00026074,0.000747473,0.00117341,0.00143931,0.00158524
48.74,0.48405936,655089.0,0.38447,0.0509309,0.133995,-0.00311234,0.116989,-0.117332,-0.20898,-0.264887,-0.29086,-0.303975,-0.00211773,-0.00340114,-0.00409827,-0.00433963,-0.00445674
48.76,0.35246711999999997,1275310.0,0.473225,0.516921,0.540417,0.402826,0.547606,-0.108755,-0.203301,-0.258143,-0.286863,-0.297329,-0.0043786,-0.00752395,-0.00932858,-0.0101169,-0.0104698
48.78,0.30133554,1850740.0,0.43079,0.971458,0.855557,0.889224,0.849906,-0.0997151,-0.188418,-0.244184,-0.273942,-0.283354,-0.00646331,-0.0114411,-0.0143518,-0.0157249,-0.0162766
48.800000000000004,0.27605126999999996,2389170.0,0.686056,1.42335,1.353,1.50179,1.35683,-0.0885467,-0.164469,-0.222098,-0.250032,-0.261287,-0.00834592,-0.01497,-0.0190147,-0.0209646,-0.021723
48.82,0.07577478,2850550.0,0.934351,1.56982,1.82452,1.89758,1.87339,-0.0723426,-0.134538,-0.190323,-0.216038,-0.228984,-0.00995482,-0.0179601,-0.0231389,-0.0256253,-0.0266257
48.84,-0.039149283,3197140.0,1.0143,1.60948,2.24974,2.22495,2.36431,-0.0528561,-0.102745,-0.14958,-0.174813,-0.186607,-0.0112068,-0.0203329,-0.0265379,-0.0295339,-0.0307816
48.86,-0.12536361,3431340.0,0.841929,1.6135,2.41926,2.51664,2.64849,-0.0342939,-0.0705149,-0.10289,-0.127397,-0.136479,-0.0120783,-0.0220655,-0.0290626,-0.032556,-0.0340125
48.88,-0.11314706999999999,3569080.0,0.895314,1.84222,2.57096,2.98316,3.01829,-0.0169214,-0.0359576,-0.0529879,-0.0723991,-0.0798115,-0.0125905,-0.0231302,-0.0306214,-0.0345539,-0.0361754
48.9,-0.28230081,3610770.0,0.91246,1.84743,2.47064,3.11857,3.21163,0.0011563,0.000938906,-0.00257189,-0.0113818,-0.0175123,-0.0127481,-0.0234804,-0.031177,-0.0353917,-0.0371487
48.92,-0.29999933999999995,3561160.0,0.745144,1.54787,2.18714,2.82001,3.14482,0.0177323,0.0348918,0.044006,0.0480039,0.0460523,-0.0125592,-0.0231221,-0.0307626,-0.0350255,-0.0368633
48.94,-0.12073535999999999,3436620.0,0.588228,1.23555,1.93573,2.41271,2.8734,0.0310661,0.062726,0.0852347,0.100331,0.106235,-0.0120712,-0.0221459,-0.0294702,-0.0335422,-0.0353404
48.96,0.045989913,3232340.0,0.761418,1.25235,1.90433,2.27449,2.57727,0.0445625,0.087605,0.123635,0.147203,0.160741,-0.011315,-0.0206426,-0.0273815,-0.0310668,-0.0326706
48.980000000000004,-0.06190328999999999,2906460.0,1.28626,1.73429,2.20264,2.52073,2.52157,0.0650393,0.117471,0.164705,0.195155,0.21173,-0.0102189,-0.0185919,-0.0244981,-0.0276432,-0.0289459
49.0,-0.5947313999999999,2425160.0,1.30005,1.96116,2.21458,2.39818,2.25708,0.0909024,0.154426,0.208877,0.244344,0.259516,-0.00865952,-0.0158729,-0.0207623,-0.0232482,-0.0242335
49.02,-0.9010118999999999,1817970.0,0.849388,1.81936,1.93643,1.87297,1.81989,0.112397,0.192231,0.250387,0.287056,0.300286,-0.00662652,-0.0124063,-0.0161697,-0.0179342,-0.0186354
49.04,-0.9311324999999999,1143360.0,0.459993,1.425,1.53266,1.26793,1.31369,0.125491,0.224675,0.285078,0.318465,0.331622,-0.00424765,-0.00823726,-0.010815,-0.011879,-0.0123164
49.06,-0.8568866999999999,411057.0,0.629941,1.1666,1.37113,1.10872,1.08251,0.13639,0.250591,0.314116,0.342231,0.355584,-0.00162884,-0.0034846,-0.00482305,-0.00527207,-0.00544431
49.08,-1.0887735,-412970.0,0.726334,0.814981,1.12033,1.04111,0.873552,0.149953,0.270407,0.339031,0.36373,0.375144,0.00123459,0.00172537,0.00170841,0.00178754,0.00186298
49.1,-1.3206654,-1318070.0,0.202449,0.184554,0.457736,0.593646,0.447854,0.159241,0.280402,0.354811,0.380077,0.388358,0.00432652,0.00723346,0.00864683,0.0092256,0.009498
49.120000000000005,-1.2180890999999998,-2223480.0,-0.477595,-0.451776,-0.370712,-0.0962005,-0.0114294,0.156489,0.27773,0.355682,0.385052,0.392723,0.00748382,0.0128148,0.0157518,0.0168769,0.0173088
49.14,-0.9865082999999999,-3062810.0,-0.707717,-0.883629,-1.00662,-0.689246,-0.372301,0.144636,0.264376,0.341908,0.377197,0.388885,0.0104951,0.0182358,0.0227277,0.0244994,0.0251249
49.160000000000004,-0.9172655999999999,-3837410.0,-0.578848,-1.15937,-1.34266,-1.07773,-0.74857,0.13177,0.243946,0.318415,0.359527,0.377677,0.0132591,0.023319,0.0293309,0.0318666,0.0327905
49.18,-1.0418942999999998,-4558180.0,-0.786823,-1.59372,-1.74048,-1.6312,-1.51877,0.118114,0.216415,0.287584,0.332438,0.355003,0.015758,0.0279226,0.0353909,0.0387863,0.0401173
49.2,-0.9699027,-5183900.0,-1.18444,-1.94894,-2.15709,-2.27677,-2.43057,0.098401,0.180988,0.248608,0.293358,0.31551,0.0179231,0.0318967,0.0407528,0.0450442,0.0468224
49.22,-0.7987263,-5667680.0,-1.18885,-1.9302,-2.3799,-2.72798,-3.02179,0.0746682,0.142197,0.203238,0.243311,0.260986,0.0196538,0.0351285,0.0452713,0.0504109,0.0525874
49.24,-0.8241039,-6008790.0,-1.14995,-2.03427,-2.77744,-3.29886,-3.57488,0.0512802,0.102552,0.151665,0.183042,0.19502,0.0209133,0.037576,0.0488203,0.0546745,0.0571475
49.26,-0.6870413999999999,-6213000.0,-1.32585,-2.37084,-3.30387,-3.9368,-4.13856,0.0265223,0.0585008,0.0908518,0.110686,0.117885,0.0216913,0.0391865,0.0512455,0.0576117,0.0602765
49.28,-0.35596418999999996,-6272130.0,-1.33438,-2.47609,-3.48508,-4.16323,-4.3537,-8.00181e-05,0.0100314,0.0229623,0.0296855,0.0329629,0.0219557,0.0398719,0.0523836,0.0590155,0.061785
49.300000000000004,-0.23758962,-6197810.0,-1.05546,-2.27988,-3.32269,-3.95785,-4.22059,-0.0239784,-0.0375283,-0.0451154,-0.0515254,-0.05278,0.0217152,0.0395969,0.0521621,0.0587971,0.0615868
49.32,-0.33990683999999993,-6015980.0,-0.819446,-2.03597,-3.07753,-3.59704,-3.91774,-0.0427274,-0.0806868,-0.109118,-0.127074,-0.134163,0.0210481,0.0384147,0.0506198,0.0570111,0.0597174
49.34,-0.4414478399999999,-5730820.0,-0.954859,-1.96603,-2.90935,-3.31705,-3.57715,-0.0604705,-0.120707,-0.168986,-0.196215,-0.209112,0.0200161,0.0364008,0.0478387,0.0537782,0.0562846
49.36,-0.37736837999999995,-5330010.0,-1.09113,-1.83087,-2.54825,-2.90156,-3.00813,-0.0809303,-0.158676,-0.223562,-0.258401,-0.274965,0.0186021,0.033607,0.0439132,0.049232,0.0514439
49.38,-0.38286107999999996,-4811810.0,-1.04833,-1.64349,-2.053,-2.36051,-2.36232,-0.102325,-0.193419,-0.269575,-0.311022,-0.32867,0.0167696,0.030086,0.0389819,0.0435378,0.0454075
49.4,-0.40947696,-4173640.0,-1.04666,-1.59158,-1.70128,-1.88083,-1.90958,-0.123275,-0.22577,-0.307118,-0.353435,-0.371389,0.0145136,0.0258941,0.0332149,0.0368932,0.0384069
49.42,-0.25314462,-3395870.0,-1.16893,-1.66839,-1.57778,-1.54581,-1.63894,-0.145431,-0.25837,-0.339908,-0.387702,-0.406874,0.0118265,0.0210527,0.0267447,0.0294818,0.0306243
49.44,0.09827292,-2476210.0,-0.977841,-1.48998,-1.35432,-1.13288,-1.16983,-0.166898,-0.289953,-0.369229,-0.414489,-0.434962,0.00870322,0.0155695,0.0196533,0.0214599,0.022206
49.46,0.30625143,-1458240.0,-0.512638,-1.06779,-1.0293,-0.735719,-0.588913,-0.181803,-0.315531,-0.393065,-0.433175,-0.452549,0.00521621,0.00951467,0.0120304,0.0129833,0.0133309
49.480000000000004,0.41457797999999996,-402587.0,0.0203854,-0.384355,-0.504504,-0.256144,0.026256,-0.186726,-0.330052,-0.408403,-0.443093,-0.458176,0.00153092,0.00305884,0.00401567,0.00422061,0.00422362
49.5,0.37720467,646586.0,0.321318,0.332292,0.101119,0.2351,0.448834,-0.183309,-0.330573,-0.412437,-0.443304,-0.453425,-0.00216942,-0.00354742,-0.00419274,-0.00464336,-0.00489239
49.52,0.33932594999999993,1660370.0,0.591462,1.03396,0.831171,0.802661,0.787165,-0.174181,-0.316911,-0.403114,-0.432926,-0.441065,-0.00574431,-0.0100223,-0.0123483,-0.0134057,-0.0138373
49.54,0.25093989,2614100.0,0.79174,1.46234,1.45695,1.23454,1.01392,-0.160349,-0.291947,-0.380233,-0.412554,-0.423054,-0.00908961,-0.0161108,-0.0201817,-0.0218605,-0.0224785
49.56,0.29618046,3477680.0,1.12009,1.88547,2.17539,1.81234,1.53794,-0.141231,-0.258469,-0.34391,-0.382085,-0.397535,-0.0121054,-0.021615,-0.0274232,-0.0298069,-0.0306844
49.58,0.19190433,4204390.0,1.44549,2.34666,2.88589,2.56755,2.37388,-0.115575,-0.216148,-0.293297,-0.338286,-0.358417,-0.0146735,-0.0263612,-0.0337952,-0.0370106,-0.0382439
49.6,-0.05920895999999999,4766140.0,1.33101,2.44087,3.08804,3.05356,3.00345,-0.0878097,-0.168273,-0.233558,-0.282075,-0.304644,-0.0167073,-0.0302054,-0.0390638,-0.0432142,-0.0448745
49.620000000000005,-0.0012960222,5196580.0,0.962042,2.19908,2.86639,3.24862,3.37634,-0.0648791,-0.121873,-0.174013,-0.219053,-0.240846,-0.0182342,-0.0331068,-0.0431395,-0.0482255,-0.0503294
49.64,0.32458796999999995,5535220.0,0.93746,2.03427,2.77317,3.5122,3.84145,-0.0458841,-0.0795398,-0.117618,-0.151445,-0.168668,-0.0193418,-0.035121,-0.0460558,-0.0519304,-0.0544245
49.660000000000004,0.45767093999999997,5751600.0,1.32224,2.09431,3.0011,3.91098,4.40058,-0.0232871,-0.0382539,-0.0598751,-0.0772133,-0.0862475,-0.0200335,-0.0362989,-0.0478307,-0.054217,-0.0569737
49.68,0.26696306999999997,5796360.0,1.33886,1.98404,3.03144,3.93228,4.44519,0.00332388,0.00252957,0.000450399,0.00121925,0.00221016,-0.0202332,-0.0366562,-0.048425,-0.054977,-0.057814
49.7,0.2643585,5696710.0,0.860562,1.74324,2.75798,3.53544,3.91526,0.0253181,0.0398023,0.0583447,0.0758964,0.0858147,-0.0199467,-0.0362328,-0.047837,-0.0542058,-0.0569338
49.72,0.50940789,5518610.0,0.611402,1.72652,2.55355,3.12494,3.31234,0.0400377,0.0744999,0.11146,0.1425,0.158091,-0.0192932,-0.0350898,-0.046139,-0.0520218,-0.0544947
49.74,0.5979597,5258610.0,1.04952,2.04144,2.67485,2.96385,3.01476,0.056647,0.112179,0.163744,0.203388,0.221362,-0.0183263,-0.033223,-0.0433869,-0.048563,-0.0507002
49.76,0.27662909999999996,4854920.0,1.43482,2.18492,2.68454,2.67363,2.66074,0.0814905,0.154443,0.217338,0.259763,0.278117,-0.016945,-0.0305568,-0.0395761,-0.0439315,-0.0457054
49.78,-0.009335958,4297350.0,1.10182,1.85748,2.19156,1.98219,1.91394,0.106857,0.194867,0.266099,0.306321,0.323864,-0.0150615,-0.0270637,-0.0347417,-0.0382706,-0.0396856
49.800000000000004,0.11628407999999998,3648320.0,0.538008,1.34472,1.42333,1.19071,1.05254,0.123255,0.226889,0.302248,0.33805,0.353528,-0.0127604,-0.0228461,-0.0290583,-0.0318269,-0.0329117
49.82,0.4122687,2941870.0,0.597042,1.08761,0.94694,0.808261,0.652381,0.134606,0.251213,0.32595,0.35804,0.370578,-0.0101818,-0.0180651,-0.0227763,-0.024866,-0.0256706
49.84,0.34510068,2141120.0,0.822409,0.801382,0.630266,0.577368,0.510213,0.1488,0.270102,0.341722,0.371896,0.382204,-0.0073477,-0.012852,-0.0160996,-0.0175666,-0.0181428
49.86,0.1232721,1235100.0,0.358996,0.154149,0.0864993,0.0637673,0.126703,0.160614,0.279658,0.34889,0.378307,0.388573,-0.00425355,-0.00735436,-0.00919345,-0.0100646,-0.0104351
49.88,0.18606890999999998,309152.0,-0.594522,-0.671002,-0.688188,-0.677139,-0.568513,0.158259,0.274489,0.342873,0.372174,0.384155,-0.00106482,-0.00181289,-0.00227582,-0.00255979,-0.00270778
49.9,0.5224133999999999,-545107.0,-0.780498,-0.929193,-0.994323,-0.907159,-0.863358,0.144509,0.258487,0.326048,0.356331,0.369836,0.00196286,0.00351687,0.0044134,0.00472526,0.00483213
49.92,0.39281780999999993,-1336870.0,-0.317521,-0.826537,-0.917872,-0.782523,-0.80597,0.133529,0.24093,0.306926,0.339434,0.353143,0.00474323,0.00851104,0.0107431,0.0116829,0.0120619
49.94,-0.11312463,-2109150.0,-0.354057,-1.01745,-1.08093,-1.01039,-1.01447,0.126813,0.22249,0.286938,0.321505,0.334938,0.00734665,0.0131452,0.0166818,0.0182923,0.0189427
49.96,-0.33256947,-2825220.0,-0.932103,-1.3679,-1.48562,-1.55657,-1.51135,0.113951,0.198637,0.261273,0.295835,0.30968,0.00975429,0.0173565,0.0221639,0.0244657,0.0253889
49.980000000000004,-0.25443645,-3405420.0,-1.32166,-1.6339,-1.95023,-2.12364,-2.11426,0.0914136,0.168619,0.226914,0.259033,0.273424,0.0118079,0.0210291,0.0270458,0.0300144,0.03122
50.0,-0.09294647999999998,-3831640.0,-1.03467,-1.6652,-2.17298,-2.38025,-2.4902,0.0678503,0.135628,0.185682,0.213994,0.22738,0.0134006,0.0240715,0.0311717,0.0347447,0.036228
50.02,-0.15635274,-4151840.0,-0.772418,-1.81576,-2.37205,-2.63038,-2.82381,0.0497794,0.100818,0.140232,0.163888,0.17424,0.0145769,0.026436,0.0344309,0.0385235,0.0402442
50.04,-0.17941085999999998,-4395660.0,-0.873421,-1.97355,-2.53859,-2.90994,-3.08745,0.033321,0.0629248,0.0911254,0.108485,0.115127,0.0154079,0.0280734,0.0367444,0.0412472,0.0431379
50.06,-0.13590786,-4543300.0,-1.00548,-1.88124,-2.58316,-3.04568,-3.18268,0.014532,0.0243769,0.0399079,0.0489287,0.0524256,0.0158864,0.0289464,0.0380548,0.0428213,0.0448134
50.08,-0.14208192,-4573010.0,-0.914175,-1.62666,-2.52247,-2.97272,-3.1297,-0.00466451,-0.0107021,-0.0111484,-0.0112553,-0.0106981,0.0159851,0.0290832,0.0383424,0.0431981,0.0452307
50.1,-0.21082074,-4494550.0,-0.760683,-1.46658,-2.36675,-2.75831,-2.96247,-0.0214131,-0.0416345,-0.0600405,-0.0685657,-0.0716198,0.0157243,0.0285598,0.0376305,0.0423999,0.0444075
50.120000000000005,-0.29414352,-4334870.0,-0.688287,-1.40218,-2.04256,-2.43111,-2.62822,-0.0359028,-0.070322,-0.104134,-0.12046,-0.127527,0.0151511,0.0274402,0.0359887,0.0405096,0.042416
50.14,-0.41072645999999996,-4102310.0,-0.786432,-1.42193,-1.74529,-2.15071,-2.29531,-0.05065,-0.0985631,-0.142012,-0.166278,-0.176762,0.0142856,0.0257514,0.0335273,0.0376422,0.0393731
50.160000000000004,-0.3990903,-3773590.0,-0.882298,-1.38809,-1.55427,-1.85669,-1.97171,-0.0673373,-0.126663,-0.175008,-0.206352,-0.219432,0.0131057,0.0234991,0.0303571,0.0339159,0.0354112
50.18,-0.29256099,-3329870.0,-0.837652,-1.2627,-1.41656,-1.47298,-1.56843,-0.0845368,-0.153171,-0.204716,-0.239649,-0.254834,0.011587,0.0207008,0.0265598,0.0294559,0.0306685
50.2,-0.2040714,-2790490.0,-0.649338,-1.08388,-1.22004,-1.04915,-1.04828,-0.0994067,-0.176637,-0.231082,-0.26487,-0.281001,0.00974757,0.0174027,0.0222019,0.0244107,0.0253102
50.22,-0.18238977,-2199410.0,-0.268172,-0.689486,-0.750415,-0.51749,-0.352596,-0.108582,-0.194371,-0.250787,-0.280536,-0.295009,0.00766769,0.0136926,0.0173832,0.0189567,0.0195501
50.24,-0.34772360999999996,-1587320.0,-0.0547263,-0.281811,-0.283908,-0.113415,0.129935,-0.111811,-0.204084,-0.26113,-0.286845,-0.297236,0.00546376,0.00970808,0.012264,0.0132829,0.0136276
50.26,-0.41793123,-950796.0,-0.100421,-0.00762061,-0.00270861,0.107569,0.239167,-0.113362,-0.206978,-0.263996,-0.286904,-0.293545,0.00321203,0.00559746,0.00701275,0.00754537,0.00771981
50.28,-0.27818255999999997,-284038.0,-0.0333419,0.24374,0.28052,0.350563,0.287545,-0.1147,-0.204617,-0.261218,-0.282323,-0.288278,0.000931409,0.00148152,0.00176061,0.0018531,0.00190158
50.300000000000004,-0.15847179,382516.0,0.252747,0.486088,0.639998,0.618172,0.472546,-0.112506,-0.197318,-0.252013,-0.272635,-0.280677,-0.00134065,-0.00253783,-0.0033717,-0.00369648,-0.00378797
50.32,-0.12563085,1002400.0,0.563694,0.765554,1.04199,0.897345,0.818033,-0.104341,-0.184802,-0.235193,-0.25748,-0.267771,-0.00350912,-0.00635904,-0.00824375,-0.00899763,-0.00927245
50.34,-0.15738905999999997,1571960.0,0.280176,0.64025,0.911401,0.753352,0.753527,-0.0959027,-0.170744,-0.215659,-0.240973,-0.252056,-0.00551156,-0.0099145,-0.0127523,-0.0139822,-0.0144707
50.36,0.26472111,2126780.0,0.170366,0.659164,0.802422,0.805598,0.81064,-0.0913973,-0.15775,-0.198521,-0.225384,-0.236414,-0.00738456,-0.0131994,-0.0168941,-0.0186457,-0.0193554
50.38,0.5558744999999999,2653600.0,0.619749,0.969298,1.02119,1.22883,1.2384,-0.0834961,-0.141465,-0.180285,-0.205039,-0.215924,-0.0091335,-0.0161916,-0.0206821,-0.02295,-0.0238788
50.4,0.46610481,3074720.0,1.22138,1.41201,1.52094,1.79995,1.89683,-0.0650849,-0.117652,-0.154863,-0.174751,-0.184571,-0.0106193,-0.0187828,-0.0240336,-0.0267479,-0.0278837
50.42,0.13315641,3357180.0,0.924606,1.32621,1.57432,1.786,1.98112,-0.0436251,-0.09027,-0.123911,-0.138892,-0.145792,-0.0117064,-0.020862,-0.0268213,-0.0298843,-0.0311874
50.44,0.30560526,3556220.0,0.478614,1.28121,1.63739,1.784,1.95284,-0.0295929,-0.0641958,-0.0917937,-0.103192,-0.106452,-0.0124386,-0.0224066,-0.0289784,-0.0323051,-0.0337098
50.46,0.4602153299999999,3707180.0,0.595107,1.47479,1.92218,2.08474,2.11467,-0.0188557,-0.0366358,-0.056198,-0.0645047,-0.0657769,-0.0129231,-0.023415,-0.0304583,-0.0339821,-0.0354321
50.480000000000004,0.31440582,3772150.0,0.943143,1.58339,2.17302,2.37173,2.31479,-0.00347316,-0.00605406,-0.015246,-0.01994,-0.0214824,-0.0131464,-0.0238419,-0.0311728,-0.0348266,-0.0363047
50.5,0.11394266999999998,3715640.0,1.03499,1.60009,2.31344,2.5123,2.52215,0.0163082,0.0257807,0.0296186,0.0289004,0.0268871,-0.013018,-0.0236446,-0.031029,-0.034737,-0.0362506
50.52,-0.05618517,3551020.0,0.794342,1.567,2.22822,2.44841,2.5929,0.0346016,0.0574517,0.0750353,0.0785075,0.0780376,-0.0125089,-0.0228123,-0.0299825,-0.0336629,-0.0352014
50.54,-0.10364679,3313020.0,0.596352,1.47517,1.91789,2.2409,2.44903,0.0485085,0.0878734,0.116496,0.125401,0.128457,-0.0116778,-0.021359,-0.0280672,-0.0316238,-0.0331364
50.56,-0.04047900599999999,3018680.0,0.582969,1.2413,1.51779,1.9443,2.13041,0.0603017,0.115038,0.150853,0.167253,0.174251,-0.0105897,-0.0193299,-0.0253937,-0.0286973,-0.0301094
50.58,0.060312599999999994,2664080.0,0.461678,0.775083,1.08014,1.46707,1.62211,0.0707482,0.135202,0.176833,0.201366,0.211777,-0.00927921,-0.0168275,-0.0221168,-0.0250111,-0.0262491
50.6,0.23993204999999998,2248320.0,0.290193,0.382584,0.774789,0.977184,1.10707,0.0782669,0.146779,0.195382,0.225809,0.239068,-0.00778906,-0.0140077,-0.0183947,-0.0207393,-0.0217406
50.620000000000005,0.34010573999999993,1792540.0,0.0364024,0.0575976,0.364625,0.393459,0.447112,0.0815328,0.15118,0.206776,0.239515,0.25461,-0.00619106,-0.0110281,-0.0143731,-0.0160861,-0.0168038
50.64,0.5125805999999999,1332720.0,-0.0764984,-0.0768878,-0.0493094,-0.0816409,-0.147632,0.0811319,0.150988,0.209929,0.242634,0.257605,-0.00456441,-0.00800642,-0.010206,-0.0112646,-0.0116817
50.660000000000004,0.5944662,883686.0,-0.0550344,-0.116728,-0.369238,-0.430629,-0.555433,0.0798166,0.149051,0.205744,0.237511,0.250574,-0.00295493,-0.00500603,-0.00604931,-0.00646314,-0.00659989
50.68,0.5419107,438874.0,-0.170001,-0.351956,-0.731745,-0.905621,-0.981719,0.0775662,0.144365,0.194734,0.224148,0.235203,-0.0013811,-0.00207187,-0.00204454,-0.00184655,-0.00174212
50.7,0.5990664,13907.7,-0.426599,-0.747836,-1.13711,-1.46536,-1.49234,0.0716002,0.133367,0.176045,0.200439,0.210462,0.000110564,0.00070544,0.00166326,0.00239932,0.00271453
50.72,0.7982519999999999,-351244.0,-0.680035,-1.15137,-1.54563,-1.926,-2.02051,0.0605338,0.114375,0.149218,0.166525,0.175334,0.0014319,0.00318285,0.00491589,0.00606896,0.00657249
50.74,1.0386864,-637077.0,-0.705982,-1.36633,-1.79823,-2.09385,-2.3126,0.0466737,0.0891976,0.115779,0.126326,0.132003,0.00250398,0.00521857,0.00756586,0.00899747,0.00964585
50.76,1.110984,-857764.0,-0.644168,-1.46223,-1.93123,-2.12721,-2.35445,0.0331722,0.060912,0.0784845,0.0841158,0.0853322,0.00330244,0.00671967,0.00950849,0.0111019,0.0118192
50.78,1.081149,-1022550.0,-0.658991,-1.45286,-1.94495,-2.12748,-2.20736,0.0201406,0.0317611,0.0397227,0.0415689,0.0397142,0.00383557,0.0076464,0.0106906,0.0123587,0.0130697
50.800000000000004,1.0098,-1109140.0,-0.851862,-1.45233,-1.96286,-2.17322,-2.11432,0.00503206,0.00270915,0.000644535,-0.001438,-0.00350265,0.00408729,0.0079911,0.0110942,0.01276,0.0134318
50.82,1.0366617,-1088990.0,-0.900999,-1.3668,-1.85934,-2.05005,-2.01653,-0.0124965,-0.0254821,-0.0375775,-0.0436706,-0.0448112,0.00401265,0.00776337,0.0107249,0.012309,0.0129486
50.84,1.0131710999999999,-971056.0,-0.615975,-1.12904,-1.51347,-1.65183,-1.75477,-0.0276663,-0.0504405,-0.0713057,-0.0806894,-0.0825242,0.00361102,0.00700415,0.00963608,0.0110654,0.0116753
50.86,0.8041068,-803967.0,-0.167791,-0.711302,-0.9236,-1.05629,-1.23062,-0.0355039,-0.068844,-0.0956764,-0.107771,-0.112378,0.00297932,0.0058113,0.00796626,0.00918076,0.00972627
50.88,0.40310858999999993,-626191.0,-0.0445735,-0.355473,-0.445871,-0.616688,-0.729699,-0.0376276,-0.0795117,-0.109371,-0.124501,-0.131981,0.002248,0.00432774,0.00591578,0.00685805,0.00728267
50.9,0.13565133,-427986.0,-0.227354,-0.144308,-0.220996,-0.378691,-0.393609,-0.0403469,-0.0845096,-0.11604,-0.134454,-0.143214,0.00146826,0.00268753,0.00366167,0.0042685,0.00453072
50.92,0.09480746999999999,-174200.0,-0.466751,-0.199107,-0.273789,-0.323647,-0.302127,-0.0472879,-0.0879437,-0.120988,-0.141478,-0.150172,0.000591908,0.000962998,0.0012914,0.00150918,0.00159685
50.94,0.29674707,141618.0,-0.316803,-0.240698,-0.198341,-0.121387,-0.106131,-0.0551235,-0.0923418,-0.125709,-0.145928,-0.154254,-0.000432206,-0.000839856,-0.00117556,-0.00136488,-0.00144741
50.96,0.37587,482969.0,-0.0573036,-0.286113,-0.0555746,0.0851485,0.118203,-0.0588645,-0.0976099,-0.128248,-0.14629,-0.154134,-0.00157209,-0.00273937,-0.00371513,-0.00428706,-0.00453129
50.980000000000004,0.41662716,832148.0,-0.258733,-0.56103,-0.267396,-0.104371,-0.026778,-0.0620249,-0.106081,-0.131478,-0.146483,-0.153219,-0.00278098,-0.00477628,-0.00631239,-0.00721479,-0.00760482
51.0,0.8049788999999999,1227890.0,-0.588875,-0.769051,-0.639591,-0.438095,-0.334099,-0.070501,-0.119382,-0.140548,-0.151907,-0.156828,-0.00410624,-0.00703092,-0.00903265,-0.0101987,-0.0107053
51.02,1.3038762,1686530.0,-0.264928,-0.418694,-0.543436,-0.323588,-0.222747,-0.079039,-0.13126,-0.152378,-0.159524,-0.162397,-0.00560164,-0.00953733,-0.0119619,-0.013313,-0.0138975
51.04,1.3143209999999999,2139370.0,0.471607,0.259981,0.0037739,0.1212,0.204747,-0.0769722,-0.132847,-0.157775,-0.161548,-0.162577,-0.00716175,-0.0121784,-0.0150634,-0.0165237,-0.0171473
51.06,0.9420974999999999,2510590.0,0.801022,0.789083,0.568341,0.458712,0.4879,-0.0642459,-0.122356,-0.152053,-0.155749,-0.15565,-0.00857393,-0.0147304,-0.0181617,-0.0196967,-0.0203295
51.08,0.6625359,2805940.0,0.542053,1.01857,0.891686,0.5714,0.471947,-0.0508151,-0.104279,-0.137453,-0.145448,-0.146052,-0.00972454,-0.0169968,-0.0210568,-0.0227087,-0.0233466
51.1,0.6687119999999999,3064930.0,0.477137,1.26865,1.2474,0.87064,0.619158,-0.0406232,-0.0814073,-0.116062,-0.131027,-0.135141,-0.0106389,-0.0188536,-0.0235919,-0.0254734,-0.0261585
51.120000000000005,0.5803596,3269500.0,0.80723,1.4817,1.64507,1.36724,1.07941,-0.0277796,-0.0539038,-0.0871375,-0.108649,-0.118155,-0.011323,-0.0202068,-0.0256239,-0.0278702,-0.0286914
51.14,0.33992723999999996,3370840.0,0.892707,1.35945,1.78188,1.68466,1.55003,-0.0107802,-0.0254922,-0.052868,-0.0781296,-0.0918605,-0.0117085,-0.0210007,-0.027024,-0.029738,-0.0307916
51.160000000000004,0.26589716999999996,3380100.0,0.413232,0.910995,1.50807,1.65335,1.76442,0.00227917,-0.00278777,-0.0199686,-0.0447495,-0.0587161,-0.0117936,-0.0212835,-0.0277523,-0.0309667,-0.0322974
51.18,0.5191545,3358320.0,0.0803585,0.634268,1.20865,1.66598,1.95378,0.00721507,0.0126649,0.00719871,-0.0115562,-0.0215342,-0.0116986,-0.0211847,-0.02788,-0.0315298,-0.0330999
51.2,0.7064621999999999,3326780.0,0.261414,0.607098,1.06703,1.80976,2.15777,0.0106328,0.0250785,0.0299555,0.0232012,0.0195813,-0.0115201,-0.0208073,-0.0275085,-0.0314134,-0.0331194
51.22,0.6779736,3251580.0,0.50866,0.585284,1.01089,1.82744,2.18522,0.0183335,0.0370024,0.0507347,0.0595732,0.0630112,-0.0112305,-0.0201865,-0.0267016,-0.0305856,-0.0322935
51.24,0.5973782999999999,3117510.0,0.264025,0.360543,0.819892,1.42241,1.76124,0.0260604,0.0464606,0.0690425,0.0920717,0.102476,-0.0107865,-0.0193519,-0.0255038,-0.0290692,-0.0306386
51.26,0.7454414999999999,2952130.0,0.124493,0.44262,0.84933,1.08997,1.30767,0.0299456,0.0544923,0.0857347,0.117196,0.133165,-0.0102265,-0.0183423,-0.023956,-0.0269765,-0.0282822
51.28,0.7177332,2762360.0,0.446362,0.876751,1.09813,1.03267,1.00569,0.0356541,0.067686,0.105209,0.138422,0.156299,-0.00957048,-0.0171206,-0.0220466,-0.0244203,-0.0253875
51.300000000000004,0.41090393999999997,2514450.0,0.76262,1.18523,1.21051,0.957872,0.700137,0.0477439,0.0883058,0.128296,0.158327,0.173357,-0.0087365,-0.0155606,-0.0197116,-0.0214528,-0.022091
51.32,0.13957017,2184700.0,0.749409,1.21368,1.13364,0.757505,0.447093,0.0628642,0.112295,0.151737,0.175481,0.184829,-0.00763042,-0.0135546,-0.0169112,-0.0181147,-0.0185091
51.34,-0.0039048812999999995,1773430.0,0.705029,1.21606,1.09485,0.659087,0.463976,0.0774086,0.136592,0.174022,0.189647,0.19394,-0.00622769,-0.0110658,-0.0136536,-0.0144634,-0.0147214
51.36,-0.21300404999999997,1288420.0,0.559887,0.975492,0.835736,0.489819,0.41909,0.0900578,0.158508,0.193328,0.201136,0.202771,-0.00455303,-0.00811477,-0.00998014,-0.0105556,-0.0107543
51.38,-0.24224132999999998,754328.0,0.219088,0.416961,0.321876,0.228441,0.201637,0.0978475,0.172432,0.204904,0.208319,0.208978,-0.00267397,-0.00480537,-0.00599782,-0.00646106,-0.00663684
51.4,-0.06206495999999999,202247.0,-0.0672647,-0.117571,-0.0691895,0.114331,0.123531,0.0993657,0.175426,0.207431,0.211747,0.21223,-0.00070184,-0.00132678,-0.00187447,-0.00226041,-0.00242477
51.42,-0.006647187,-348955.0,-0.372332,-0.653741,-0.4412,-0.104691,0.0136339,0.0949698,0.167713,0.202327,0.211843,0.213601,0.00124151,0.00210461,0.0022231,0.00197548,0.00183354
51.44,0.07532802,-875419.0,-0.504488,-0.915692,-0.651866,-0.292609,-0.0529443,0.0862016,0.152019,0.191396,0.20787,0.213208,0.00305323,0.00530192,0.00616033,0.00617261,0.00610163
51.46,0.035151036,-1351180.0,-0.497532,-0.867503,-0.708857,-0.378158,-0.128969,0.0761814,0.134187,0.177789,0.201162,0.211389,0.00467706,0.00816398,0.00985219,0.0102629,0.0103476
51.480000000000004,-0.15575858999999997,-1772060.0,-0.408801,-0.647976,-0.666765,-0.407564,-0.273687,0.0671181,0.119032,0.164033,0.193305,0.207362,0.00611005,0.0106962,0.0132704,0.0142076,0.0145351
51.5,-0.43787121,-2141360.0,-0.474891,-0.636866,-0.794605,-0.714417,-0.717717,0.0582811,0.106184,0.149419,0.182085,0.197448,0.00736404,0.0129483,0.0164049,0.0179615,0.0185832
51.52,-0.49361063999999993,-2437080.0,-0.72024,-0.923127,-1.1503,-1.3482,-1.44242,0.0463298,0.0905836,0.12997,0.161459,0.175847,0.00841015,0.014916,0.0191988,0.021397,0.0223162
51.54,-0.24610458,-2638830.0,-0.658114,-1.02909,-1.31024,-1.75031,-1.91957,0.0325463,0.0710614,0.105365,0.130474,0.142227,0.00919892,0.0165324,0.0215522,0.0243163,0.0254969
51.56,-0.17018393999999998,-2774080.0,-0.407645,-1.00507,-1.39177,-1.91069,-2.1644,0.0218887,0.0507197,0.0783443,0.093864,0.101388,0.00974327,0.0177503,0.0233893,0.0265597,0.0279331
51.58,-0.21074168999999998,-2880650.0,-0.307252,-1.00269,-1.55799,-2.00735,-2.29432,0.0147397,0.0306421,0.0488467,0.0546836,0.0568004,0.0101095,0.0185639,0.0246612,0.0280451,0.029515
51.6,-0.19854912,-2953740.0,-0.427158,-1.00353,-1.72385,-2.07021,-2.27592,0.00739563,0.0105799,0.0160283,0.013908,0.011098,0.0103309,0.0189761,0.0253099,0.0287311,0.0301939
51.620000000000005,-0.14766080999999998,-2970760.0,-0.497915,-0.92241,-1.68934,-1.97366,-2.03583,-0.0018551,-0.00867947,-0.0181036,-0.0265307,-0.0320196,0.0103863,0.0189951,0.0252892,0.0286048,0.0299847
51.64,-0.19045236,-2934140.0,-0.413926,-0.839391,-1.45415,-1.70004,-1.68674,-0.0109735,-0.0262975,-0.0495385,-0.0632678,-0.0692453,0.010258,0.0186453,0.0246127,0.0277068,0.0289721
51.660000000000004,-0.31190273999999996,-2856380.0,-0.434832,-0.913455,-1.21998,-1.40819,-1.4415,-0.0194611,-0.0438259,-0.0762797,-0.0943501,-0.100528,0.00995368,0.0179441,0.0233546,0.0261307,0.0272743
51.68,-0.34412454,-2721160.0,-0.723909,-1.14131,-1.14268,-1.24489,-1.35977,-0.0310485,-0.0643735,-0.0999063,-0.120881,-0.12854,0.00944858,0.0168621,0.0215927,0.0239784,0.0249837
51.7,-0.18953843999999997,-2493210.0,-0.914151,-1.23338,-1.08022,-1.08082,-1.18885,-0.0474291,-0.0881204,-0.122135,-0.144138,-0.154027,0.0086638,0.0153372,0.0193723,0.0213282,0.022158
51.72,-0.0481338,-2163220.0,-0.761258,-1.09561,-0.958782,-0.852855,-0.842308,-0.0641832,-0.11141,-0.142525,-0.163475,-0.174338,0.00754768,0.0133419,0.0167257,0.018252,0.0188743
51.74,-0.020052945,-1758730.0,-0.400946,-0.785261,-0.754865,-0.559004,-0.408866,-0.0758052,-0.130219,-0.159662,-0.177593,-0.18685,0.0061478,0.0109256,0.0137038,0.0148414,0.0152625
51.76,-0.10060566,-1309450.0,-0.25915,-0.557078,-0.645728,-0.419932,-0.216214,-0.0824062,-0.143642,-0.173668,-0.187383,-0.193101,0.00456568,0.00818695,0.0103705,0.0111916,0.011463
51.78,-0.04829409299999999,-819500.0,-0.28453,-0.406966,-0.586377,-0.426692,-0.288836,-0.087843,-0.153283,-0.185989,-0.195849,-0.198151,0.00286319,0.0052177,0.00677395,0.00735928,0.00755043
51.800000000000004,0.13870674,-289009.0,-0.147584,-0.194884,-0.398925,-0.39247,-0.39095,-0.0921641,-0.159301,-0.195842,-0.204041,-0.204949,0.00106312,0.00209186,0.00295564,0.00336039,0.00351943
51.82,0.27558615,253674.0,0.156264,0.0761176,-0.0670036,-0.245054,-0.371114,-0.0920773,-0.160489,-0.200501,-0.210416,-0.21257,-0.000779295,-0.00110605,-0.00100778,-0.000784177,-0.000655762
51.84,0.29911703999999995,758630.0,0.529275,0.511398,0.461664,0.143778,-0.0479181,-0.0852219,-0.154614,-0.196554,-0.211429,-0.21676,-0.00255229,-0.00425707,-0.00497834,-0.00500262,-0.00494906
51.86,0.1043052,1189560.0,0.668683,0.926131,0.9146,0.566528,0.378146,-0.0732424,-0.140239,-0.182792,-0.204326,-0.213458,-0.00413693,-0.0072056,-0.0087718,-0.00916016,-0.00925124
51.88,-0.07310799,1548380.0,0.629019,1.22616,1.20125,0.954603,0.819925,-0.0602654,-0.118716,-0.161633,-0.189114,-0.201477,-0.00547201,-0.00979514,-0.012216,-0.0130946,-0.0134006
51.9,-0.15331722,1858160.0,0.490334,1.22563,1.25907,1.20465,1.15858,-0.0490718,-0.0941978,-0.13703,-0.167522,-0.181692,-0.00656538,-0.0119243,-0.0152027,-0.0166609,-0.0172323
51.92,-0.05480205,2127800.0,0.438171,1.01062,1.26496,1.41736,1.48212,-0.0397868,-0.0718353,-0.11179,-0.141302,-0.155285,-0.00745397,-0.0135846,-0.0176909,-0.0197492,-0.0206021
51.94,0.07703958,2343010.0,0.464932,0.755662,1.30327,1.62916,1.79848,-0.0307557,-0.0541725,-0.0861073,-0.110836,-0.122479,-0.00815939,-0.0148447,-0.0196698,-0.0222705,-0.0233797
51.96,0.16353966,2487990.0,0.520603,0.698031,1.40729,1.87595,2.10824,-0.0209004,-0.0396356,-0.0590017,-0.0757853,-0.0834118,-0.00867595,-0.0157828,-0.0211209,-0.0241367,-0.0254386
51.980000000000004,0.13739808,2557540.0,0.656353,0.99648,1.63795,2.21547,2.46424,-0.00913083,-0.0226905,-0.0285494,-0.0348711,-0.037687,-0.00897626,-0.016406,-0.0219965,-0.0252433,-0.0266496
52.0,-0.09445760999999998,2555380.0,0.610692,1.2353,1.69452,2.28728,2.5347,0.00353963,-0.00037275,0.00477526,0.0101564,0.0123025,-0.00903218,-0.0166367,-0.0222342,-0.0254905,-0.0269034
52.02,-0.20700491999999998,2501340.0,0.40748,1.18913,1.54671,1.99738,2.23259,0.0137213,0.0238716,0.0371875,0.053003,0.0599754,-0.00885957,-0.0164017,-0.0218146,-0.0248589,-0.0261807
52.04,-0.10383701999999999,2411790.0,0.423117,1.10718,1.5074,1.69569,1.86135,0.0220273,0.0468347,0.0677286,0.0899337,0.100915,-0.00850208,-0.0156946,-0.0207654,-0.0234295,-0.0245718
52.06,-0.07369397999999999,2266330.0,0.685491,1.12926,1.59375,1.54302,1.54925,0.0331134,0.0691991,0.0987402,0.122321,0.135021,-0.00795067,-0.0145343,-0.0191007,-0.021307,-0.0222124
52.08,-0.19785704999999998,2032680.0,0.775671,1.08559,1.47124,1.32677,1.15735,0.047725,0.0913476,0.12939,0.151018,0.162087,-0.00714229,-0.0129288,-0.0168194,-0.0185736,-0.0192413
52.1,-0.2344776,1713460.0,0.619033,0.986746,1.12406,1.01781,0.801413,0.0616721,0.112071,0.155343,0.174464,0.181674,-0.00604832,-0.0108946,-0.0139721,-0.0153187,-0.0158037
52.120000000000005,-0.18867143999999997,1328770.0,0.548341,0.976722,0.844329,0.799395,0.71824,0.0733458,0.131706,0.175027,0.192636,0.196871,-0.00469814,-0.00845685,-0.0106684,-0.0116477,-0.0120183
52.14,-0.27501698999999996,879251.0,0.541808,0.869551,0.630901,0.600288,0.706279,0.0842473,0.150168,0.189779,0.206633,0.211116,-0.00312221,-0.00563811,-0.00702031,-0.00765504,-0.00793839
52.160000000000004,-0.38704205999999997,366575.0,0.345846,0.497455,0.366076,0.330458,0.4849,0.0931238,0.163838,0.199749,0.21594,0.223028,-0.0013485,-0.00249804,-0.00312502,-0.0034293,-0.00359695
52.18,-0.36320976,-176289.0,-0.0659394,-0.0458897,0.0256272,0.0209646,0.0483551,0.0959229,0.168354,0.203666,0.219455,0.228361,0.00054197,0.000823889,0.000909133,0.000924648,0.00091694
52.2,-0.21870737999999998,-705082.0,-0.380679,-0.497881,-0.289945,-0.230128,-0.344054,0.0914567,0.162916,0.201023,0.217363,0.225404,0.00241577,0.0041366,0.00495603,0.00529283,0.00545458
52.22,-0.12320988,-1194260.0,-0.518682,-0.821954,-0.62182,-0.514549,-0.61266,0.0824631,0.149718,0.191905,0.209916,0.215836,0.00415496,0.00726294,0.00888531,0.00956562,0.00986698
52.24,-0.06863121,-1633830.0,-0.548622,-0.9767,-0.911094,-0.801978,-0.742281,0.0717901,0.131732,0.176576,0.196751,0.202287,0.0056975,0.0100774,0.0125701,0.0136323,0.0140482
52.26,-0.09104927999999998,-2014020.0,-0.625655,-1.04707,-1.18637,-1.10547,-0.92237,0.0600473,0.111494,0.155602,0.177677,0.18564,0.00701587,0.0125097,0.0158919,0.0173766,0.0179275
52.28,-0.10844232,-2322930.0,-0.638906,-1.03391,-1.37753,-1.34424,-1.20587,0.0474017,0.0906841,0.129963,0.15318,0.164358,0.00809036,0.0145315,0.0187476,0.0206851,0.0214275
52.300000000000004,-0.1410456,-2554430.0,-0.592898,-1.05688,-1.52698,-1.5893,-1.62043,0.0350836,0.0697762,0.100918,0.123844,0.136095,0.00891521,0.0161361,0.0210564,0.0234554,0.024432
52.32,-0.12001217999999998,-2712010.0,-0.55672,-1.13819,-1.62465,-1.85441,-2.03539,0.0235874,0.0478255,0.0694013,0.089407,0.0995368,0.00950192,0.0173121,0.0227595,0.0255879,0.0267883
52.34,-0.06005148,-2799230.0,-0.699758,-1.34398,-1.79381,-2.21544,-2.4472,0.0110227,0.0230038,0.0352167,0.0487085,0.054711,0.00984802,0.0180204,0.0238057,0.026969,0.0283308
52.36,0.12856794,-2812780.0,-0.75105,-1.39021,-1.8445,-2.37749,-2.59841,-0.00348543,-0.00433814,-0.00116635,0.00277916,0.00425493,0.00992339,0.018207,0.0241462,0.0274839,0.0289205
52.38,0.21199221,-2757740.0,-0.547214,-1.14496,-1.66897,-2.16692,-2.37512,-0.0164681,-0.0296899,-0.0363011,-0.0426649,-0.0454803,0.00972386,0.0178668,0.0237716,0.0270851,0.0285082
52.4,0.060733859999999994,-2651760.0,-0.345913,-0.851953,-1.4373,-1.79376,-1.98124,-0.0253993,-0.0496591,-0.0673638,-0.0822717,-0.0890439,0.00930519,0.0170733,0.0227349,0.0258357,0.027163
52.42,-0.13302176999999998,-2500910.0,-0.371265,-0.739006,-1.28646,-1.49444,-1.61389,-0.0325711,-0.0655687,-0.0946014,-0.115154,-0.124995,0.00872548,0.015921,0.0211153,0.0238614,0.0250226
52.44,-0.18569253,-2294760.0,-0.464826,-0.739845,-1.125,-1.2345,-1.25198,-0.040932,-0.0803572,-0.118716,-0.142443,-0.153654,0.00799045,0.0144617,0.0189821,0.0212855,0.0222361
52.46,-0.16337952,-2027510.0,-0.510461,-0.803086,-0.950277,-0.990133,-0.940577,-0.0506849,-0.0957865,-0.139469,-0.164689,-0.175579,0.00707428,0.0127003,0.0164002,0.0182141,0.0189438
52.480000000000004,-0.08811525,-1701250.0,-0.55405,-0.896905,-0.816828,-0.77462,-0.729827,-0.06133,-0.112786,-0.15714,-0.182337,-0.192283,0.00595413,0.0106146,0.0134341,0.0147439,0.0152651
52.5,0.04908393,-1317810.0,-0.509775,-0.824272,-0.613734,-0.478865,-0.463729,-0.0719683,-0.129998,-0.171446,-0.194872,-0.204219,0.00462115,0.00818672,0.0101483,0.0109718,0.0113001
52.52,0.0985371,-883512.0,-0.36309,-0.565739,-0.364803,-0.166055,-0.134337,-0.0806969,-0.143898,-0.181231,-0.201321,-0.2102,0.0030945,0.00544776,0.00662152,0.00700987,0.00715592
52.54,0.07148159999999999,-409980.0,-0.174434,-0.239398,-0.152168,0.0509886,0.147894,-0.0860722,-0.15195,-0.186401,-0.202472,-0.210064,0.00142681,0.00248928,0.00294521,0.00297195,0.00295328
52.56,0.06518207999999999,83551.1,0.13148,0.198721,0.16683,0.314026,0.451995,-0.0865017,-0.152356,-0.186254,-0.198821,-0.204065,-0.000298933,-0.000553781,-0.000781338,-0.00104098,-0.00118801
52.58,-0.032894336999999996,565575.0,0.352334,0.540198,0.471318,0.519114,0.610491,-0.0816636,-0.144967,-0.179873,-0.19049,-0.19344,-0.00198059,-0.00352702,-0.0044426,-0.00493409,-0.00516306
52.6,-0.07783314,1008600.0,0.459755,0.751481,0.74177,0.673682,0.647333,-0.0735427,-0.13205,-0.167742,-0.178562,-0.180862,-0.00353265,-0.00629719,-0.00791874,-0.00862461,-0.00890609
52.620000000000005,-0.055938329999999994,1392250.0,0.699934,1.0843,1.17893,1.02045,0.885718,-0.0619458,-0.113693,-0.148535,-0.161621,-0.165532,-0.00488753,-0.00875462,-0.0110815,-0.0120264,-0.01237
52.64,-0.21266796,1693550.0,0.829626,1.32343,1.51059,1.3348,1.17365,-0.0466502,-0.0896154,-0.121639,-0.138068,-0.144938,-0.00597349,-0.0107877,-0.0137832,-0.0150233,-0.0154747
52.660000000000004,-0.33169482,1906070.0,0.721888,1.3427,1.59432,1.49752,1.40483,-0.0311351,-0.0629541,-0.0905903,-0.109745,-0.119153,-0.00675135,-0.0123134,-0.0159055,-0.0175015,-0.0181156
52.68,-0.29638394999999995,2043500.0,0.624415,1.30871,1.62109,1.67945,1.70656,-0.017672,-0.0364401,-0.0584362,-0.0779753,-0.0880392,-0.00723942,-0.0133073,-0.0173958,-0.0193787,-0.0201875
52.7,-0.28290771,2113450.0,0.583274,1.19281,1.58968,1.82992,1.96779,-0.00559514,-0.011425,-0.0263285,-0.0428815,-0.0512956,-0.00747209,-0.013786,-0.0182435,-0.0205872,-0.0215809
52.72,-0.25838844,2114590.0,0.571604,1.03014,1.525,1.92301,2.12589,0.00595363,0.0108045,0.00481819,-0.00535221,-0.0103588,-0.0074685,-0.0137922,-0.0184586,-0.0210696,-0.0221974
52.74,-0.22879365,2045750.0,0.594231,0.963294,1.51929,2.0128,2.23599,0.017612,0.0307389,0.035261,0.0340059,0.03326,-0.00723285,-0.0133768,-0.0180578,-0.020783,-0.0219684
52.76,-0.28759818,1902080.0,0.653937,1.05405,1.59149,2.09315,2.31177,0.0300937,0.0509123,0.0663689,0.0750655,0.0787376,-0.00675579,-0.0125603,-0.0170415,-0.0196923,-0.0208485
52.78,-0.45871542,1687110.0,0.48986,0.991492,1.4452,1.86023,2.05681,0.0415316,0.0713678,0.0967358,0.114599,0.122423,-0.00603954,-0.0113374,-0.0154104,-0.0177957,-0.0188368
52.800000000000004,-0.43835264999999995,1430700.0,0.203928,0.758751,1.12297,1.37842,1.52167,0.0484695,0.0888702,0.122418,0.146986,0.158208,-0.00513953,-0.00973507,-0.0132189,-0.0151798,-0.0160305
52.82,-0.25682784,1150910.0,0.336686,0.787457,1.09128,1.16604,1.21549,0.0538757,0.104332,0.14456,0.17243,0.18558,-0.00411607,-0.00780304,-0.0105491,-0.0119857,-0.0125926
52.84,-0.38661111,822791.0,0.515994,0.76492,1.00217,0.935085,0.876222,0.0624025,0.119856,0.165495,0.193441,0.206497,-0.00295329,-0.00556116,-0.00744856,-0.00832694,-0.00867188
52.86,-0.50523966,438934.0,0.282145,0.417212,0.51881,0.383394,0.25668,0.0703839,0.131677,0.180704,0.206626,0.217826,-0.00162543,-0.00304583,-0.00398657,-0.00432627,-0.00442865
52.88,-0.29438526,37349.7,0.0176205,0.125285,0.0237958,-0.116,-0.231943,0.0733815,0.137102,0.18613,0.2093,0.218073,-0.000187774,-0.000358029,-0.000318226,-0.000167002,-6.96581e-05
52.9,-0.12380097,-362600.0,-0.0107971,-0.0384295,-0.317601,-0.438352,-0.484896,0.0734498,0.137971,0.183192,0.203757,0.210905,0.00128054,0.0023927,0.003375,0.00396357,0.00422012
52.92,-0.11132075999999999,-777477.0,0.0467574,-0.219211,-0.558169,-0.671535,-0.658132,0.0738094,0.135395,0.174435,0.192658,0.199475,0.00275313,0.00512636,0.00695127,0.00792771,0.00832392
52.94,-0.14880066,-1202740.0,-0.210884,-0.59054,-0.883175,-1.00386,-0.996322,0.0721681,0.127297,0.160021,0.175904,0.18293,0.0042129,0.00775327,0.0102958,0.0116133,0.012148
52.96,-0.027157499999999998,-1596190.0,-0.541959,-0.885379,-1.11662,-1.24038,-1.29484,0.0646397,0.112538,0.140023,0.153461,0.160018,0.00558098,0.0101516,0.0132963,0.014907,0.0155775
52.980000000000004,0.05694302999999999,-1935130.0,-0.455694,-0.814077,-1.02218,-1.13661,-1.24242,0.0546631,0.0955433,0.118635,0.129691,0.134646,0.00677401,0.0122324,0.0158829,0.0177385,0.0185241
53.0,-0.16946943,-2240750.0,-0.220706,-0.641829,-0.842469,-0.949008,-1.04119,0.0478991,0.0809842,0.0999888,0.108835,0.11181,0.00779963,0.0139977,0.0180691,0.0201238,0.0209887
53.02,-0.47663579999999994,-2525140.0,-0.2804,-0.607087,-0.791073,-0.900855,-0.931367,0.0428881,0.068495,0.0836534,0.0903365,0.0920842,0.0087075,0.0154925,0.0199055,0.0221155,0.0230276
53.04,-0.6364289999999999,-2760480.0,-0.577733,-0.703157,-0.873176,-0.980805,-0.969757,0.0343068,0.0553926,0.0670109,0.0715199,0.073073,0.00947945,0.0167314,0.0214122,0.0237341,0.0246792
53.06,-0.6313289999999999,-2924400.0,-0.49744,-0.603812,-0.760527,-0.839816,-0.846219,0.023555,0.0423229,0.0506738,0.0533137,0.0549132,0.0100581,0.0177085,0.022589,0.0249824,0.025959
53.08,-0.7969871999999999,-3037000.0,-0.235629,-0.522794,-0.637233,-0.672986,-0.720358,0.0162243,0.0310569,0.0366963,0.0381857,0.0392474,0.0104559,0.0184423,0.0234627,0.0258974,0.0269006
53.1,-0.961401,-3117090.0,-0.347025,-0.728155,-0.784909,-0.795035,-0.844724,0.0103978,0.0185474,0.0224748,0.0235055,0.0235966,0.0107221,0.0189384,0.0240544,0.0265143,0.0275291
53.120000000000005,-0.8431932,-3141770.0,-0.689959,-1.00515,-1.06016,-1.07244,-1.07701,2.79765e-05,0.00121427,0.00402416,0.00483077,0.00437932,0.0108263,0.019136,0.0243194,0.0267977,0.0278088
53.14,-0.5824965,-3080090.0,-0.822908,-1.1505,-1.2889,-1.3092,-1.27409,-0.0151007,-0.0203423,-0.0194664,-0.0189856,-0.0191316,0.0106756,0.0189447,0.024165,0.0266561,0.0276613
53.160000000000004,-0.35328974999999996,-2927860.0,-0.730756,-1.23823,-1.48065,-1.50595,-1.4811,-0.0306373,-0.0442296,-0.0471619,-0.0471372,-0.0466835,0.0102182,0.018299,0.0234987,0.0259949,0.0270032
53.18,-0.13586246999999999,-2700990.0,-0.546858,-1.19799,-1.50332,-1.5585,-1.58033,-0.0434135,-0.0685919,-0.0770016,-0.0777816,-0.0772978,0.00947773,0.0171708,0.0222571,0.0247457,0.0257633
53.2,-0.038517801,-2423150.0,-0.370843,-0.973328,-1.32782,-1.46075,-1.5262,-0.0525905,-0.0903051,-0.105313,-0.107974,-0.108363,0.00851769,0.0155818,0.0204339,0.0228881,0.0239067
53.22,-0.07538972999999999,-2112120.0,-0.253825,-0.669872,-1.10326,-1.33697,-1.43195,-0.0588372,-0.106737,-0.129624,-0.135951,-0.137945,0.00740341,0.0136114,0.0180846,0.0204489,0.0214437
53.24,-0.10665986999999999,-1764170.0,-0.299047,-0.514126,-1.00485,-1.31452,-1.43981,-0.0643659,-0.118577,-0.150705,-0.162466,-0.166662,0.00617138,0.0113582,0.0152813,0.0174647,0.0183976
53.26,0.027053204999999997,-1367050.0,-0.351289,-0.461975,-0.88614,-1.22593,-1.38196,-0.0708693,-0.128338,-0.169615,-0.187871,-0.19488,0.00481903,0.00888909,0.0120781,0.0139613,0.0147822
53.28,0.17688534,-932443.0,-0.217739,-0.371428,-0.598573,-0.922372,-1.08642,-0.0765595,-0.136672,-0.184462,-0.209354,-0.219564,0.00334474,0.00623899,0.00853731,0.00998909,0.0106377
53.300000000000004,0.18933494999999997,-487162.0,-0.0833594,-0.311126,-0.336745,-0.579396,-0.712458,-0.0795705,-0.143498,-0.193815,-0.224371,-0.237552,0.00178344,0.00343729,0.00475453,0.00565184,0.00606657
53.32,0.22535624999999998,-36929.8,-0.0382375,-0.195591,-0.139842,-0.214323,-0.278963,-0.0807865,-0.148565,-0.198581,-0.232309,-0.247467,0.000179872,0.000516663,0.000830573,0.00108504,0.00121638
53.34,0.27836361,421190.0,0.0785344,0.11211,0.143698,0.284418,0.320437,-0.0803835,-0.1494,-0.198542,-0.231608,-0.247052,-0.00143183,-0.00246298,-0.00314066,-0.00355412,-0.00372881
53.36,0.19228071,869079.0,0.233766,0.417132,0.44896,0.747032,0.898869,-0.0772605,-0.144107,-0.192616,-0.221293,-0.234859,-0.00300827,-0.00539805,-0.00705224,-0.00808313,-0.00854791
53.38,0.08830802999999998,1283530.0,0.371734,0.641753,0.79246,1.11575,1.34377,-0.0712055,-0.133518,-0.180202,-0.202665,-0.212432,-0.00449293,-0.00817431,-0.0107804,-0.0123227,-0.0130208
53.4,0.009046278,1659630.0,0.378484,0.761948,1.11068,1.36171,1.56063,-0.0637033,-0.119481,-0.16117,-0.177891,-0.183388,-0.00584202,-0.0107043,-0.0141941,-0.0161283,-0.016979
53.42,0.006381528,2000970.0,0.383712,0.886447,1.39509,1.57374,1.64562,-0.0560814,-0.102997,-0.136113,-0.148536,-0.151326,-0.00703986,-0.0129291,-0.017167,-0.0193925,-0.0203262
53.44,0.008393274,2301820.0,0.455856,0.994228,1.54946,1.70638,1.66214,-0.0476857,-0.0841907,-0.106667,-0.115735,-0.118248,-0.00807753,-0.014801,-0.0195948,-0.0220353,-0.0230219
53.46,0.036315774,2547250.0,0.611181,1.12933,1.62553,1.78582,1.74648,-0.0370153,-0.0629551,-0.074917,-0.080813,-0.0841622,-0.00892455,-0.0162724,-0.0214106,-0.0240007,-0.025046
53.480000000000004,0.026730017999999998,2716670.0,0.821046,1.36372,1.74072,1.8969,1.9689,-0.0226931,-0.0380246,-0.0412545,-0.0439858,-0.0470085,-0.00952163,-0.0172822,-0.0225723,-0.0252487,-0.0263577
53.5,-0.10045317,2794160.0,0.82735,1.44438,1.6916,1.84604,2.00932,-0.0062091,-0.00994366,-0.0069314,-0.00655639,-0.00722629,-0.00981065,-0.0177619,-0.0230542,-0.0257542,-0.0269001
53.52,-0.10057353,2781310.0,0.804764,1.45115,1.61827,1.78721,1.92944,0.010112,0.0190116,0.0261672,0.0297761,0.0321613,-0.00977162,-0.0176712,-0.0228618,-0.025522,-0.0266507
53.54,-0.08991401999999998,2682690.0,0.789724,1.36294,1.55112,1.72242,1.77079,0.0260569,0.0471526,0.0578611,0.0648724,0.0691635,-0.00940993,-0.0170096,-0.0220215,-0.0245755,-0.0256375
53.56,-0.08845338,2488800.0,0.844625,1.30753,1.602,1.72854,1.7148,0.0424004,0.0738573,0.0893923,0.099382,0.104019,-0.00872536,-0.0157995,-0.020549,-0.0229329,-0.0239057
53.58,-0.21339318,2188610.0,0.795075,1.23478,1.62731,1.68817,1.68466,0.0587974,0.0992804,0.121685,0.133549,0.138014,-0.00771338,-0.0140681,-0.0184382,-0.0206036,-0.0214853
53.6,-0.35163989999999995,1801100.0,0.46723,0.987727,1.38609,1.43324,1.46619,0.0714205,0.121505,0.151819,0.164763,0.169522,-0.0064112,-0.0118603,-0.0157032,-0.0176205,-0.01841
53.620000000000005,-0.30026045999999995,1368030.0,0.273492,0.821875,1.14837,1.26174,1.31282,0.0788277,0.139601,0.177164,0.191713,0.197313,-0.00490872,-0.00924919,-0.0124133,-0.0140557,-0.0147416
53.64,-0.33761285999999996,907612.0,0.257264,0.644669,0.904644,1.10534,1.16964,0.0841352,0.154267,0.197694,0.215384,0.222137,-0.00327909,-0.00631051,-0.00866477,-0.00998476,-0.0105471
53.660000000000004,-0.41880078,423729.0,0.0440138,0.163387,0.397195,0.630249,0.727136,0.087148,0.162347,0.210712,0.23274,0.241105,-0.00156626,-0.00314436,-0.0045807,-0.00550352,-0.00591469
53.68,-0.23840000999999997,-51575.3,-0.359675,-0.470006,-0.28166,-0.0818029,0.0429483,0.0839914,0.159281,0.211868,0.238224,0.248806,0.000145137,7.19236e-05,-0.000354898,-0.000793886,-0.00101558
53.7,0.12849704999999997,-479952.0,-0.549714,-0.86551,-0.811866,-0.67215,-0.569662,0.0748975,0.145926,0.200933,0.230685,0.243539,0.00173403,0.003124,0.00377311,0.0038952,0.00390786
53.72,0.35132675999999996,-865353.0,-0.335102,-0.857634,-1.01653,-0.954205,-0.923168,0.0660494,0.128695,0.182649,0.214421,0.22861,0.0031435,0.0058702,0.00760892,0.00834626,0.00862935
53.74,0.25691657999999995,-1234500.0,-0.201459,-0.783251,-1.16001,-1.22694,-1.27057,0.0606838,0.112286,0.160883,0.19261,0.206673,0.00441083,0.00828001,0.0110442,0.0124166,0.0129822
53.76,0.14647148999999998,-1580210.0,-0.385882,-0.800949,-1.34084,-1.59853,-1.69711,0.0548104,0.0964438,0.135875,0.164355,0.176996,0.00556577,0.0103673,0.0140118,0.0159862,0.0168189
53.78,0.15573206999999997,-1871390.0,-0.501343,-0.751131,-1.36627,-1.81476,-1.97444,0.0459381,0.080923,0.108803,0.130222,0.140281,0.00657325,0.012141,0.0164586,0.018932,0.0199916
53.800000000000004,0.09016646999999998,-2108410.0,-0.309739,-0.613856,-1.19242,-1.74621,-1.98861,0.0378273,0.0672731,0.0832166,0.0946123,0.10065,0.00741091,0.0136229,0.0183788,0.0211803,0.022401
53.82,-0.12917942999999998,-2317530.0,-0.21108,-0.648902,-1.09597,-1.63183,-1.93154,0.0326191,0.0546455,0.0603327,0.0608319,0.0614487,0.00811537,0.0148421,0.0198143,0.0227348,0.0240219
53.84,-0.25996944,-2505370.0,-0.29138,-0.704875,-1.01016,-1.42167,-1.68463,0.0275945,0.0411077,0.0392715,0.0302969,0.025287,0.00871751,0.0157997,0.0208103,0.0236461,0.0248893
53.86,-0.38792690999999996,-2653400.0,-0.502456,-0.788829,-1.01992,-1.23381,-1.35886,0.0196561,0.0261707,0.0189707,0.00374222,-0.00514783,0.00919001,0.0164724,0.0213928,0.0239864,0.0250907
53.88,-0.43333628999999996,-2735850.0,-0.669021,-0.93447,-1.1325,-1.11687,-1.07275,0.00794138,0.00893771,-0.00255343,-0.0197645,-0.0294639,0.00946599,0.0168235,0.0215569,0.0238262,0.0247446
53.9,-0.37258101,-2732620.0,-0.766966,-1.15462,-1.2711,-1.0604,-0.897896,-0.0064185,-0.0119532,-0.0265895,-0.0415372,-0.0491703,0.00948122,0.0167934,0.0212655,0.0232132,0.0239582
53.92,-0.24225356999999997,-2639220.0,-0.795187,-1.32608,-1.30321,-1.0007,-0.805974,-0.02204,-0.0367601,-0.0523326,-0.0621481,-0.066209,0.00919663,0.0163062,0.0204763,0.0221764,0.0228044
53.94,-0.13985118,-2464240.0,-0.727894,-1.31485,-1.20438,-0.929919,-0.777218,-0.0372708,-0.0631695,-0.0774085,-0.0814543,-0.082041,0.00860352,0.0153069,0.0191789,0.0207403,0.0213219
53.96,-0.09851058,-2228640.0,-0.323187,-0.813823,-0.766194,-0.598107,-0.52769,-0.0477816,-0.0844563,-0.0971142,-0.0967345,-0.09509,0.007753,0.0138307,0.0174336,0.0189584,0.0195506
53.980000000000004,-0.37373361,-1959770.0,-0.0975953,-0.319886,-0.447862,-0.422422,-0.435217,-0.0519895,-0.0957934,-0.109255,-0.10694,-0.104719,0.00675529,0.0120282,0.0153699,0.0169217,0.0175525
54.0,-0.5354745,-1660820.0,-0.221459,-0.133681,-0.408427,-0.552039,-0.623656,-0.05518,-0.100329,-0.117818,-0.116684,-0.115308,0.00568359,0.010067,0.0130992,0.0146855,0.0153523
54.02,-0.40306524,-1323990.0,-0.134366,0.0624337,-0.222538,-0.540564,-0.656083,-0.0587383,-0.101042,-0.124127,-0.12761,-0.128105,0.00454441,0.00805325,0.0106798,0.0122425,0.0129181
54.04,-0.37372341,-977871.0,0.214667,0.274147,0.0975418,-0.32622,-0.496462,-0.0579352,-0.0976757,-0.125377,-0.136278,-0.139631,0.00337768,0.00606608,0.00818473,0.00960362,0.0102408
54.06,-0.45807893999999993,-664283.0,0.374038,0.312415,0.249497,-0.131579,-0.351955,-0.0520482,-0.0918101,-0.121907,-0.140856,-0.148115,0.00227784,0.00417122,0.00571189,0.00683228,0.00736332
54.08,-0.41757474,-385395.0,0.184552,0.202429,0.167522,-0.0269856,-0.221932,-0.0464623,-0.0866616,-0.117737,-0.142442,-0.153854,0.00129274,0.0023865,0.00331545,0.00399929,0.00434364
54.1,-0.22409654999999998,-122685.0,0.119299,0.259299,0.195202,0.230979,0.183297,-0.0434238,-0.0820444,-0.114109,-0.140402,-0.15424,0.000393876,0.000699443,0.000996991,0.00117085,0.0012627
54.120000000000005,-0.18964095,111166.0,0.386622,0.529647,0.496314,0.699829,0.854372,-0.0383646,-0.0741549,-0.107194,-0.131094,-0.143863,-0.000424008,-0.000862549,-0.00121605,-0.0015441,-0.00171834
54.14,-0.40686015,298891.0,0.267343,0.418133,0.542243,0.821857,1.08898,-0.0318249,-0.0646771,-0.0968087,-0.115877,-0.12443,-0.0011259,-0.00225087,-0.00325608,-0.00401381,-0.00440127
54.160000000000004,-0.30228159,469297.0,-0.0471873,0.207351,0.549118,0.84919,1.06266,-0.0296234,-0.0584223,-0.0858951,-0.0991666,-0.102913,-0.00174039,-0.00348186,-0.00508312,-0.00616425,-0.0066747
54.18,-0.11345714999999999,653069.0,-0.0751641,0.205597,0.6994,0.995535,1.06799,-0.0308469,-0.0542928,-0.0734099,-0.0807193,-0.0816069,-0.00234509,-0.00460901,-0.00667617,-0.00796311,-0.0085199
54.2,-0.08944022999999998,830230.0,0.272001,0.44176,0.953892,1.21747,1.2113,-0.0288785,-0.0478192,-0.056877,-0.0585893,-0.058814,-0.00294234,-0.00563013,-0.00797904,-0.00935619,-0.00992411
54.22,-0.24475665,971537.0,0.338034,0.502456,0.906745,1.10252,1.13847,-0.0227782,-0.0383771,-0.0382706,-0.0353893,-0.0353162,-0.00345891,-0.0064921,-0.00893051,-0.010296,-0.0108654
54.24,-0.1788876,1085710.0,0.188969,0.533056,0.746708,0.861574,0.975846,-0.0175081,-0.0280219,-0.0217361,-0.0157483,-0.0141731,-0.00386177,-0.00715609,-0.00953058,-0.0108074,-0.0113603
54.26,-0.048883499999999996,1185240.0,0.24191,0.665887,0.683421,0.732581,0.84505,-0.0131994,-0.0160325,-0.00743482,0.000193246,0.00403591,-0.00416885,-0.00759663,-0.00982229,-0.0109629,-0.0114617
54.28,-0.026146118999999995,1253390.0,0.440424,0.696537,0.610517,0.604875,0.619747,-0.00637601,-0.00240827,0.00550457,0.0135678,0.0186839,-0.0043646,-0.00778104,-0.00984159,-0.0108253,-0.0112345
54.300000000000004,0.023146553999999996,1264230.0,0.632793,0.715272,0.650865,0.576967,0.485779,0.00435617,0.0117098,0.0181184,0.0253862,0.0297391,-0.0043848,-0.00768802,-0.00960536,-0.0104358,-0.0107503
54.32,-0.018972408,1203240.0,0.544151,0.659578,0.661277,0.514184,0.389006,0.0161256,0.0254583,0.0312398,0.0362977,0.038487,-0.00417998,-0.00731634,-0.00911178,-0.00981892,-0.010068
54.34,-0.031914728999999996,1078580.0,0.326707,0.577496,0.596643,0.423688,0.333436,0.0248342,0.0378291,0.043819,0.0456764,0.0457114,-0.00377039,-0.00668347,-0.00836119,-0.00899917,-0.00922601
54.36,-0.0039022599,918317.0,0.147565,0.447845,0.454177,0.339444,0.300733,0.0295769,0.0480825,0.0543272,0.0533077,0.0520531,-0.00322627,-0.00582435,-0.00737973,-0.00800933,-0.00824836
54.38,0.05579247,747602.0,0.0398574,0.257995,0.309315,0.308659,0.310589,0.0314511,0.0551409,0.0619621,0.0597888,0.0581663,-0.00261599,-0.00479212,-0.00621684,-0.00687837,-0.00714617
54.4,0.09352023,574538.0,-0.0530748,0.00303652,0.165875,0.274686,0.315911,0.031319,0.0577512,0.066714,0.0656222,0.0644313,-0.00198829,-0.0036632,-0.00493007,-0.00562426,-0.00592019
54.42,0.13217057999999998,397799.0,-0.0310753,-0.130141,0.106828,0.293055,0.377554,0.0304775,0.0564801,0.069441,0.0712996,0.071366,-0.00137033,-0.00252089,-0.00356852,-0.00425504,-0.00456222
54.44,0.08598701999999998,217788.0,0.0100136,-0.132637,0.0542208,0.291964,0.407904,0.0302668,0.0538523,0.0710515,0.0771498,0.0792206,-0.000762886,-0.00141756,-0.0021636,-0.00277054,-0.00305635
54.46,0.013182276,39539.8,-0.0223318,-0.074954,-0.0224036,0.226182,0.348608,0.0301437,0.0517764,0.0713697,0.0823313,0.0867857,-0.000158781,-0.000361274,-0.000739386,-0.00117573,-0.00139629
54.480000000000004,-0.047449839,-129908.0,-0.127366,-0.0766544,-0.124529,0.0511778,0.154389,0.0286467,0.0502604,0.0699004,0.0851049,0.0918157,0.000429123,0.000659095,0.000673315,0.00049863,0.000389725
54.5,-0.05005491899999999,-284049.0,-0.170998,-0.127261,-0.178492,-0.163426,-0.112887,0.0256631,0.0482212,0.0668702,0.0839824,0.0922307,0.00097222,0.00164391,0.00204102,0.0021895,0.00223019
54.52,-0.038483069999999994,-412927.0,-0.270834,-0.331625,-0.339428,-0.496541,-0.542117,0.0212447,0.0436323,0.061691,0.0773827,0.0856806,0.0014413,0.00256245,0.00332663,0.00380315,0.0040093
54.54,0.11347091999999999,-505124.0,-0.30686,-0.491964,-0.509358,-0.754939,-0.909467,0.0154678,0.0353965,0.0532031,0.0648679,0.0711648,0.00180842,0.00335273,0.00447557,0.00522566,0.00557776
54.56,0.24354234,-565316.0,-0.214464,-0.504388,-0.632284,-0.861861,-1.06069,0.0102546,0.0254329,0.0417867,0.0486999,0.0514633,0.00206565,0.00396103,0.00542547,0.00636134,0.00680404
54.58,0.26345528999999995,-621574.0,0.0888905,-0.234957,-0.530998,-0.700773,-0.830964,0.00899883,0.0180395,0.0301538,0.0330736,0.0325467,0.00225818,0.00439575,0.00614487,0.00717907,0.00764414
54.6,0.029662773,-698672.0,0.170537,-0.0402411,-0.465378,-0.594767,-0.598816,0.0115931,0.0152875,0.0201901,0.0201182,0.0182489,0.0024641,0.00472902,0.00664831,0.00771099,0.00815209
54.620000000000005,-0.1296471,-785634.0,-0.0308844,-0.0398145,-0.465808,-0.583366,-0.522561,0.0129896,0.014487,0.0108782,0.00833684,0.00703516,0.00270993,0.00502677,0.006959,0.00799554,0.00840493
54.64,-0.13726752,-853795.0,-0.207443,-0.140789,-0.404613,-0.515204,-0.506529,0.0106064,0.0126809,0.002174,-0.00264886,-0.00325573,0.00294589,0.00529845,0.00708952,0.00805242,0.00844273
54.660000000000004,-0.12529475999999998,-895872.0,-0.220142,-0.291162,-0.284134,-0.376303,-0.467624,0.00633051,0.00836142,-0.00471346,-0.0115639,-0.0129973,0.00311526,0.00550887,0.00706412,0.00791029,0.0082802
54.68,-0.13758882,-916377.0,-0.295896,-0.527132,-0.28406,-0.335543,-0.458864,0.00117012,0.000178486,-0.0103954,-0.0186824,-0.0222621,0.00319026,0.00559427,0.00691304,0.00760783,0.0079276
54.7,-0.05620455,-899364.0,-0.526799,-0.764118,-0.468772,-0.438729,-0.483707,-0.00705684,-0.012734,-0.0179237,-0.0264251,-0.0316878,0.0031314,0.00546871,0.00662984,0.00715676,0.0073881
54.72,0.13715481,-822925.0,-0.512353,-0.691218,-0.551223,-0.400887,-0.315701,-0.0174484,-0.0272874,-0.0281237,-0.0348212,-0.0396819,0.00288634,0.0050685,0.00616937,0.00654429,0.00667441
54.74,0.15749106,-694071.0,-0.289402,-0.486869,-0.575195,-0.326306,-0.147953,-0.0254659,-0.0390682,-0.0393879,-0.0420932,-0.0443184,0.0024572,0.00440494,0.00549425,0.00577515,0.0058344
54.76,0.11206331999999998,-533510.0,-0.156588,-0.395871,-0.620792,-0.383804,-0.200208,-0.0299258,-0.0478956,-0.0513478,-0.0491943,-0.0478001,0.00190328,0.0035353,0.0045869,0.00486227,0.00491322
54.78,0.16838669999999997,-358402.0,0.0533632,-0.143478,-0.367639,-0.281538,-0.183964,-0.0309581,-0.0532891,-0.0612321,-0.0558477,-0.0516418,0.00129444,0.00252346,0.0034611,0.00381185,0.0039188
54.800000000000004,0.0433347,-201660.0,0.37436,0.309089,0.150695,0.0196315,-0.0289105,-0.0266808,-0.051633,-0.0634015,-0.0584668,-0.0537705,0.000718056,0.00147423,0.00221476,0.00266871,0.00286468
54.82,-0.2754357,-90039.0,0.366451,0.506032,0.407666,0.105475,-0.0858711,-0.0192727,-0.0434818,-0.0578179,-0.0572157,-0.0549183,0.000258521,0.000523086,0.00100257,0.00151189,0.00177779
54.84,-0.34299999000000003,-462.633,0.0288663,0.380656,0.338317,-0.0241036,-0.27816,-0.0153195,-0.0346149,-0.0503581,-0.056402,-0.0585586,-8.74013e-05,-0.000257881,-7.91897e-05,0.000375709,0.000643019
54.86,-0.14498228999999999,102506.0,-0.0958818,0.276275,0.315883,0.0079565,-0.192387,-0.0159897,-0.0280456,-0.0438161,-0.0565634,-0.0632641,-0.000400493,-0.000884486,-0.00102093,-0.000753945,-0.000575208
54.88,-0.06029526,210906.0,0.043033,0.16786,0.299567,0.146648,0.0772324,-0.0165182,-0.0236043,-0.0376616,-0.0550174,-0.0644157,-0.000725572,-0.00140098,-0.00183571,-0.00186975,-0.00185201
54.9,-0.038136168,303893.0,0.0983348,-0.0369505,0.131655,0.211663,0.274945,-0.0151045,-0.0222952,-0.0333493,-0.0514343,-0.0608939,-0.0010418,-0.00185998,-0.00254582,-0.00293427,-0.0031051
54.92,0.08808312,383958.0,0.102225,-0.0599004,0.0503521,0.372547,0.530295,-0.0130989,-0.0232637,-0.0315293,-0.0455922,-0.0528415,-0.00132383,-0.00231557,-0.0031946,-0.00390453,-0.00424246
54.94,0.10342341,449680.0,0.179881,0.145495,0.157693,0.615104,0.83435,-0.0102778,-0.0224077,-0.0294488,-0.0357157,-0.0391951,-0.0015576,-0.00277228,-0.00380438,-0.00471761,-0.00516282
54.96,-0.04092867299999999,490929.0,0.144348,0.228609,0.221247,0.622882,0.863269,-0.00703555,-0.0186667,-0.0256594,-0.0233358,-0.0222189,-0.00173073,-0.00318302,-0.00435547,-0.00530813,-0.00577696
54.980000000000004,-0.05419872,518084.0,0.0392709,0.221955,0.329148,0.516576,0.692672,-0.00519936,-0.0141611,-0.0201555,-0.0119412,-0.00665945,-0.00185308,-0.0035113,-0.00481362,-0.0056609,-0.00606574
55.0,-0.018164262,539752.0,0.161609,0.426743,0.700302,0.649244,0.658784,-0.00319057,-0.00767407,-0.00986098,-0.000283025,0.0068551,-0.00193698,-0.00372965,-0.00511378,-0.00578314,-0.00606379
55.02,-0.22384461,533734.0,0.375009,0.678294,1.02474,0.839162,0.662846,0.00217561,0.0033763,0.00738945,0.014601,0.0200714,-0.00194713,-0.00377263,-0.00513849,-0.00563996,-0.00579452
55.04,-0.46469006999999996,489042.0,0.301672,0.641095,0.901302,0.718572,0.476619,0.00894242,0.0165702,0.0266499,0.0301784,0.031466,-0.00183595,-0.00357317,-0.0047981,-0.00519217,-0.00527915
55.06,-0.39435392999999996,436468.0,0.0143696,0.370164,0.45268,0.358251,0.2298,0.0121028,0.0266828,0.0401897,0.0409466,0.0385302,-0.0016255,-0.00314064,-0.00412971,-0.00448092,-0.00457918
55.08,-0.10613916,394162.0,0.0371808,0.232871,0.170891,0.184704,0.252815,0.0126183,0.0327131,0.0464254,0.0463761,0.0433564,-0.00137829,-0.00254668,-0.00326356,-0.00360769,-0.00376032
55.1,-0.012611636999999998,331976.0,0.234208,0.113438,0.00675022,0.113275,0.297382,0.0153322,0.0361762,0.0482018,0.0493559,0.0488583,-0.00109878,-0.00185778,-0.00231728,-0.00265037,-0.00283817
55.120000000000005,0.0050180328,228894.0,0.176811,-0.113559,-0.19879,-0.0352286,0.11239,0.0194424,0.036175,0.0462814,0.0501364,0.0529561,-0.000751036,-0.00113427,-0.00137245,-0.00165545,-0.00182003
55.14,0.13131735,112525.0,-0.118645,-0.303019,-0.369425,-0.212464,-0.179271,0.0200241,0.0320092,0.0405993,0.0476595,0.0522873,-0.000356371,-0.000452429,-0.000503644,-0.000677488,-0.000767594
55.160000000000004,0.27722222999999996,14929.7,-0.25812,-0.311633,-0.375215,-0.307307,-0.347941,0.0162564,0.0258627,0.0331529,0.0424618,0.0470151,6.43376e-06,0.00012629,0.000233877,0.000223725,0.00022543
55.18,0.28918682999999995,-62010.4,-0.204119,-0.282499,-0.321614,-0.396563,-0.438888,0.011634,0.0199214,0.0261846,0.0354231,0.0391469,0.000285338,0.000584131,0.000827251,0.00100257,0.00108705
55.2,0.25539015,-120823.0,-0.2249,-0.345833,-0.340661,-0.534268,-0.570601,0.00734382,0.0136381,0.0195618,0.0261148,0.029052,0.000475116,0.000919725,0.00128472,0.00161795,0.00176904
55.22,0.29132934,-148884.0,-0.309366,-0.391124,-0.390401,-0.606394,-0.681824,0.00200117,0.00626848,0.0122512,0.0147081,0.0165277,0.000568566,0.00111879,0.00160285,0.00202618,0.00222484
55.24,0.33158975999999996,-138662.0,-0.259697,-0.351203,-0.444261,-0.584692,-0.705818,-0.00368946,-0.00115478,0.00390458,0.00279726,0.0026513,0.000551683,0.00116993,0.0017644,0.00220123,0.00241663
55.26,0.3353301,-96286.7,-0.189376,-0.404094,-0.620251,-0.659991,-0.754058,-0.00818019,-0.00870775,-0.00674054,-0.00964957,-0.0119475,0.000432987,0.0010713,0.00173604,0.00213271,0.00232366
55.28,0.4424790599999999,-33926.2,-0.0584098,-0.37166,-0.647419,-0.640216,-0.629141,-0.0106581,-0.0164653,-0.0194173,-0.0226516,-0.0257795,0.000244604,0.000819572,0.00147447,0.0018097,0.00194639
55.300000000000004,0.43409058,29801.0,-0.0172532,-0.294765,-0.546019,-0.559527,-0.462407,-0.0114147,-0.0231296,-0.0313516,-0.0346491,-0.0366949,2.38769e-05,0.000423623,0.000966777,0.00123669,0.00132165
55.32,0.37048949999999997,84764.1,-0.0365272,-0.182277,-0.367498,-0.422607,-0.353418,-0.0119525,-0.0279,-0.0404868,-0.0444704,-0.0448532,-0.000209795,-8.66719e-05,0.000248393,0.000445497,0.00050617
55.34,0.29857899,145326.0,-0.134552,-0.139778,-0.241116,-0.318239,-0.368055,-0.0136633,-0.0311205,-0.0465729,-0.0518789,-0.0520679,-0.000465953,-0.000676877,-0.000622205,-0.000517995,-0.000463041
55.36,0.30875859,230587.0,-0.156658,-0.090127,-0.0815019,-0.164506,-0.302619,-0.0165754,-0.0334196,-0.0497991,-0.0567063,-0.0587747,-0.000768339,-0.00132228,-0.00158593,-0.00160385,-0.00157147
55.38,0.27689379,337179.0,-0.109191,-0.0722652,0.050387,-0.0326501,-0.143243,-0.0192339,-0.0350435,-0.0501103,-0.0586779,-0.0632333,-0.00112643,-0.00200691,-0.00258502,-0.00275769,-0.00279155
55.4,0.24161861999999998,451947.0,-0.0782089,-0.100864,0.0715,0.0201971,0.0138911,-0.0211079,-0.0367748,-0.0488914,-0.0588024,-0.0645268,-0.00152985,-0.00272509,-0.00357504,-0.00393249,-0.00406915
55.42,0.27429126,580079.0,-0.165405,-0.190394,-0.0735535,-0.0310378,0.0433808,-0.023544,-0.0396874,-0.0489119,-0.0589108,-0.0639541,-0.00197637,-0.00348971,-0.00455307,-0.00510962,-0.00535396
55.44,0.43007942999999993,738908.0,-0.260703,-0.284021,-0.27864,-0.114236,-0.0232171,-0.0278051,-0.0444315,-0.0524339,-0.0603635,-0.0637524,-0.00248986,-0.0043309,-0.00556653,-0.00630237,-0.00663102
55.46,0.6287942999999999,925962.0,-0.118257,-0.234875,-0.302248,-0.081155,0.00222646,-0.0315947,-0.0496205,-0.0582428,-0.0623175,-0.0639624,-0.00308386,-0.00527142,-0.00667329,-0.00752918,-0.00790817
55.480000000000004,0.6766985999999999,1114150.0,0.0807306,-0.140857,-0.206901,-0.0522961,0.030983,-0.03197,-0.0533778,-0.0633343,-0.063652,-0.0636303,-0.0037195,-0.0063014,-0.00788906,-0.00878887,-0.0091841
55.5,0.6700073999999999,1286190.0,0.107363,-0.0492118,-0.0927582,-0.0838485,-0.0247399,-0.030089,-0.0552785,-0.0663308,-0.0650134,-0.0635678,-0.00434009,-0.00738797,-0.00918572,-0.0100755,-0.0104561
55.52,0.6970782,1444290.0,0.136596,0.199114,0.144455,0.0243041,-0.000245423,-0.0276494,-0.0537795,-0.0658139,-0.0656089,-0.0638177,-0.00491748,-0.00847855,-0.0105072,-0.0113817,-0.0117299
55.54,0.608532,1585040.0,0.236375,0.47815,0.403931,0.220551,0.0920693,-0.0239197,-0.0470068,-0.06033,-0.0631603,-0.0628994,-0.00543317,-0.00948641,-0.0117686,-0.0126694,-0.0129971
55.56,0.47117012999999996,1697290.0,0.3318,0.627637,0.591083,0.394648,0.227424,-0.018238,-0.0359489,-0.0503799,-0.0570083,-0.0597045,-0.00585475,-0.010316,-0.0128757,-0.0138711,-0.0142231
55.58,0.37664979,1774300.0,0.386423,0.683904,0.747542,0.575802,0.465293,-0.0110557,-0.0228335,-0.0369936,-0.0473038,-0.0527773,-0.00614768,-0.0109038,-0.0137494,-0.0149142,-0.015348
55.6,0.28598352,1805690.0,0.503561,0.807344,0.96707,0.885339,0.870593,-0.0021559,-0.00792105,-0.0198475,-0.0326924,-0.0394185,-0.0062798,-0.0112113,-0.0143178,-0.0157142,-0.0162699
55.620000000000005,0.08997878999999999,1779380.0,0.489439,0.808002,1.01366,1.09969,1.15595,0.00777409,0.00823241,-4.01798e-05,-0.0128421,-0.019153,-0.00622362,-0.0112082,-0.0145167,-0.0161696,-0.0168556
55.64,0.010953830999999999,1707610.0,0.249017,0.583084,0.81698,1.08693,1.19007,0.0151586,0.0221433,0.0182663,0.00902424,0.00430729,-0.00599429,-0.0109045,-0.0143345,-0.0162077,-0.0170041
55.660000000000004,0.13880568,1614550.0,0.154384,0.455494,0.7536,1.12761,1.28433,0.0191926,0.0325291,0.0339721,0.0311697,0.0290513,-0.00565078,-0.0103577,-0.0138121,-0.0158058,-0.0166705
55.68,0.1364964,1499470.0,0.18853,0.384622,0.770548,1.13457,1.33676,0.0226218,0.0409302,0.0492136,0.0537915,0.0552622,-0.00523263,-0.00962315,-0.0129802,-0.0149562,-0.0158274
55.7,0.07255616999999999,1358500.0,0.0846539,0.201983,0.621226,0.912729,1.0987,0.0253536,0.0467963,0.0631313,0.0742645,0.0796168,-0.00475288,-0.00874589,-0.0118568,-0.0136756,-0.0144786
55.72,0.16888956,1211450.0,-0.0112418,0.125043,0.46426,0.679813,0.778283,0.0260877,0.0500665,0.0739861,0.0901899,0.0983866,-0.00423846,-0.00777726,-0.0104856,-0.0120311,-0.0126985
55.74,0.23237486999999998,1076510.0,-0.1048,0.0412639,0.212316,0.346548,0.351316,0.0249273,0.0517296,0.0807519,0.100453,0.109683,-0.00372831,-0.0067593,-0.00893822,-0.0101246,-0.0106179
55.76,0.34815710999999994,954622.0,-0.0918158,-0.0572402,-0.0640641,-0.0489362,-0.0810012,0.0229612,0.0515698,0.0822344,0.10343,0.112386,-0.00324943,-0.0057263,-0.00730836,-0.00808581,-0.00839717
55.78,0.47728655999999997,835431.0,0.0575859,-0.0649659,-0.211751,-0.342273,-0.372311,0.0226189,0.0503478,0.0794763,0.0995175,0.107853,-0.00279363,-0.00470713,-0.00569125,-0.00605634,-0.00619479
55.800000000000004,0.49405536,701269.0,0.192014,0.0124248,-0.248108,-0.490664,-0.546567,0.0251149,0.0498224,0.0748777,0.0911881,0.0986639,-0.00231629,-0.00370542,-0.00414771,-0.00414929,-0.00412962
55.82,0.4171953,543402.0,0.129482,0.00860212,-0.350846,-0.632463,-0.757931,0.0283298,0.0500326,0.0688882,0.0799569,0.0856189,-0.00178184,-0.00270687,-0.00271005,-0.00243784,-0.00228679
55.84,0.41784911999999996,373690.0,0.00365755,-0.0520946,-0.452692,-0.72401,-0.900886,0.0296612,0.0495977,0.0608528,0.0663921,0.0690307,-0.00120193,-0.00171057,-0.00141264,-0.000974345,-0.000740298
55.86,0.43717913999999997,207041.0,-0.0771541,-0.150474,-0.478823,-0.731639,-0.885062,0.0289263,0.047572,0.0515376,0.0518357,0.0511712,-0.000616059,-0.000738874,-0.000288739,0.000207933,0.000461722
55.88,0.41555258999999994,44839.6,-0.0984181,-0.246657,-0.408007,-0.626859,-0.705314,0.0271705,0.0436007,0.0426693,0.0382507,0.0352675,-5.50911e-05,0.000172853,0.00065333,0.0011088,0.00132611
55.9,0.32635001999999996,-114174.0,-0.145663,-0.329062,-0.32777,-0.451926,-0.470929,0.0247297,0.0378435,0.0353115,0.0274628,0.0235051,0.000463911,0.000987296,0.00143314,0.00176593,0.00191383
55.92,0.22551740999999997,-261160.0,-0.180678,-0.313532,-0.237014,-0.198756,-0.192273,0.0214663,0.0314176,0.0296637,0.020956,0.016873,0.000925872,0.00167991,0.00208289,0.00225012,0.00231762
55.94,0.08439326999999999,-379239.0,-0.31204,-0.371741,-0.294097,-0.0944641,-0.0509899,0.0165391,0.0245649,0.0243526,0.0180238,0.0144404,0.00130593,0.00223973,0.00262305,0.00263992,0.00263075
55.96,0.07064111999999999,-453338.0,-0.370936,-0.430207,-0.351828,-0.0786969,0.0397085,0.00970937,0.0165454,0.0178933,0.0162922,0.0143276,0.00156841,0.00265083,0.00304551,0.00298308,0.00291843
55.980000000000004,0.07552742999999999,-483274.0,-0.325581,-0.464479,-0.353793,-0.115989,0.0622502,0.00274421,0.00759851,0.0108371,0.0143453,0.0153472,0.00169295,0.00289227,0.00333282,0.00328945,0.00321518
56.0,0.0688194,-480585.0,-0.242877,-0.445958,-0.319522,-0.173229,-0.0271177,-0.00294036,-0.00150585,0.00410397,0.0114531,0.0156985,0.00169099,0.0029532,0.00348223,0.00354744,0.00352564
56.02,0.058596449999999994,-452037.0,-0.201623,-0.376247,-0.311686,-0.257862,-0.232631,-0.00738536,-0.0097279,-0.00220811,0.00714224,0.013101,0.00158773,0.00284086,0.00350119,0.00373339,0.00381363
56.04,0.07567278,-398888.0,-0.136435,-0.228398,-0.295622,-0.331264,-0.421579,-0.0107659,-0.0157744,-0.0082812,0.00125098,0.00655893,0.00140622,0.00258584,0.00339629,0.00381732,0.00401023
56.06,0.06942221999999999,-329134.0,-0.024513,-0.0654705,-0.261578,-0.403592,-0.523862,-0.0123754,-0.018713,-0.0138532,-0.00609758,-0.00289547,0.0011748,0.00224096,0.00317495,0.00376886,0.00404687
56.08,0.04262574899999999,-254642.0,0.00833338,-0.0305456,-0.290022,-0.538968,-0.62575,-0.0125372,-0.0196732,-0.0193692,-0.0155232,-0.0143916,0.000925676,0.0018571,0.00284272,0.00355265,0.00387399
56.1,0.09604880999999998,-177039.0,-0.0505053,-0.107227,-0.36208,-0.662035,-0.735496,-0.0129589,-0.0210509,-0.0258902,-0.0275332,-0.0280041,0.000670714,0.00144986,0.00239013,0.00312208,0.00345004
56.120000000000005,0.21347477999999998,-87060.0,-0.179015,-0.283589,-0.499843,-0.75823,-0.868412,-0.0152541,-0.0249591,-0.0345095,-0.0417359,-0.0440431,0.000388584,0.00098976,0.00178613,0.00242939,0.00272957
56.14,0.40262715,23061.4,-0.209313,-0.411528,-0.580389,-0.731539,-0.865982,-0.0191374,-0.0319103,-0.0453118,-0.0566336,-0.0613871,4.4668e-05,0.000421067,0.000987921,0.0014457,0.00167526
56.160000000000004,0.5296706999999999,140863.0,0.0304202,-0.250215,-0.372976,-0.412988,-0.490546,-0.0209263,-0.0385277,-0.0548454,-0.0680788,-0.0749523,-0.00035597,-0.000283313,-1.36509e-05,0.000198576,0.00031187
56.18,0.36777119999999996,238918.0,0.195426,-0.00970339,-0.0965732,-0.0581851,-0.019235,-0.0186679,-0.0411269,-0.0595409,-0.0727905,-0.0800502,-0.000751912,-0.00107986,-0.00115751,-0.00121012,-0.00123815
56.2,0.1500879,317669.0,0.0079096,0.0455717,-0.00882701,0.0787178,0.199705,-0.0166345,-0.0407682,-0.0605949,-0.0725852,-0.0782455,-0.00110494,-0.00189881,-0.00235887,-0.00266388,-0.00282111
56.22,0.14874099,415203.0,-0.274975,-0.0411488,-0.0246914,0.0910628,0.199235,-0.0193052,-0.040724,-0.0609301,-0.0708874,-0.0742561,-0.00146433,-0.00271373,-0.00357412,-0.0040986,-0.00434613
56.24,0.28416894,559050.0,-0.34338,-0.180354,-0.0218114,0.093595,0.128809,-0.0254887,-0.042939,-0.0613951,-0.0690408,-0.0709756,-0.00191227,-0.00355036,-0.00479738,-0.00549788,-0.00579844
56.26,0.42266351999999996,733673.0,-0.105804,-0.192754,0.119665,0.20882,0.191269,-0.0299806,-0.0466701,-0.0604166,-0.0660167,-0.0677748,-0.00246697,-0.00444645,-0.00601549,-0.00684846,-0.00718595
56.28,0.41028429,900777.0,0.182008,-0.00838624,0.326807,0.39798,0.387778,-0.0292185,-0.0486815,-0.0559519,-0.0599487,-0.0619844,-0.00305896,-0.00539997,-0.00717918,-0.00810811,-0.00848354
56.300000000000004,0.27501648,1042560.0,0.198632,0.201574,0.353396,0.443412,0.478393,-0.0254121,-0.0467496,-0.0491498,-0.0515348,-0.0533226,-0.00360526,-0.00635428,-0.00823019,-0.00922295,-0.00963661
56.32,0.24713121,1172500.0,0.130615,0.404832,0.290563,0.405149,0.480513,-0.0221197,-0.0406855,-0.0427103,-0.0430491,-0.0437336,-0.00408058,-0.00722863,-0.0091488,-0.0101688,-0.0106072
56.34,0.28014045,1292010.0,0.33414,0.673403,0.444084,0.518119,0.59887,-0.0174721,-0.0299032,-0.0353638,-0.0338165,-0.0329398,-0.0044765,-0.00793452,-0.00992954,-0.0109374,-0.0113739
56.36,0.14648372999999998,1367790.0,0.555558,0.781595,0.687533,0.638893,0.671737,-0.00857514,-0.0153532,-0.0240476,-0.0222464,-0.0202337,-0.00473697,-0.00838708,-0.0105237,-0.0114981,-0.0119056
56.38,0.008750274,1376440.0,0.498995,0.681541,0.828723,0.661174,0.596323,0.00197039,-0.000721848,-0.00888506,-0.00924568,-0.00755307,-0.00480302,-0.00854783,-0.010853,-0.011813,-0.0121835
56.4,0.0041615031,1333000.0,0.313142,0.596021,0.873843,0.702105,0.54548,0.0100918,0.0120538,0.0081406,0.00438711,0.00386495,-0.0046824,-0.00843451,-0.0108604,-0.0118616,-0.0122204
56.42,0.021872267999999997,1260020.0,0.216776,0.575233,0.820675,0.774427,0.624741,0.0153909,0.0237663,0.0250858,0.0191524,0.0155672,-0.00442757,-0.00807631,-0.0105282,-0.0116262,-0.0120261
56.44,0.009833157,1159610.0,0.269775,0.57321,0.745439,0.86156,0.85493,0.0202564,0.0352507,0.0407469,0.0355123,0.0303639,-0.0040711,-0.00748614,-0.00986983,-0.0110795,-0.0115668
56.46,-0.06436760999999999,1023900.0,0.281862,0.490803,0.655695,0.880439,1.06209,0.0257728,0.0458909,0.0547583,0.0529323,0.0495341,-0.0036108,-0.00667472,-0.00891478,-0.0101951,-0.0107678
56.480000000000004,-0.12311451,862211.0,0.0741401,0.233576,0.434614,0.70765,0.970165,0.0293328,0.0531347,0.0656613,0.0688132,0.0698567,-0.00305975,-0.00568447,-0.00771058,-0.00897763,-0.00957387
56.5,-0.00838593,702420.0,-0.107961,-0.0140445,0.196812,0.488654,0.670115,0.0289946,0.05533,0.0719756,0.0807762,0.0862595,-0.00247647,-0.00459982,-0.00633421,-0.00748174,-0.00801271
56.52,0.14602881,553974.0,-0.00931717,-0.0490074,0.133189,0.398687,0.441367,0.0278218,0.0546995,0.0752756,0.0896496,0.0973743,-0.00190831,-0.00349953,-0.0048617,-0.00577748,-0.00617637
56.54,0.12075422999999998,390793.0,0.213491,0.0906587,0.225018,0.375413,0.356478,0.0298636,0.055116,0.0788577,0.0973906,0.105353,-0.00133145,-0.00240137,-0.00332037,-0.00390708,-0.0041491
56.56,-0.06634284,190017.0,0.234912,0.228295,0.280908,0.248436,0.251139,0.0343476,0.0583055,0.0839169,0.103629,0.111429,-0.000689343,-0.00126716,-0.00169262,-0.00189688,-0.00198128
56.58,-0.21550305,-35100.7,0.113972,0.342901,0.269093,0.0842393,0.0847318,0.0378364,0.0640175,0.0894169,0.106956,0.114788,3.24976e-05,-4.39295e-05,4.07147e-05,0.00020897,0.000280883
56.6,-0.30383811,-255848.0,-0.016929,0.299319,0.121105,-0.113545,-0.196255,0.0388069,0.0704397,0.0933189,0.106663,0.113672,0.000798931,0.00130064,0.00186807,0.00234516,0.00256548
56.620000000000005,-0.27483696,-465524.0,0.0417228,0.171016,0.00248064,-0.20603,-0.376563,0.0390548,0.075143,0.0945548,0.103467,0.107944,0.00157755,0.00275647,0.00374681,0.00444646,0.00478165
56.64,-0.28613907,-688860.0,0.211627,0.066018,0.00300354,-0.165018,-0.323451,0.0415883,0.0775134,0.0946096,0.0997566,0.100944,0.00238398,0.00428303,0.00563845,0.00647869,0.00687053
56.660000000000004,-0.41560205999999994,-951395.0,0.242281,0.0161981,0.0195153,-0.0933844,-0.145176,0.0461274,0.0783355,0.0948348,0.0971726,0.0962578,0.00326114,0.00584152,0.0075329,0.00844798,0.00884255
56.68,-0.5710215,-1236910.0,-0.0987192,-0.173447,-0.223901,-0.228747,-0.176926,0.047563,0.076763,0.0927909,0.0939513,0.0930368,0.00419804,0.00739251,0.00940916,0.0103592,0.0107355
56.7,-0.49180524,-1493350.0,-0.454455,-0.408559,-0.538991,-0.410159,-0.319114,0.0420313,0.070943,0.085162,0.0875622,0.0880764,0.00509398,0.00886957,0.0111887,0.0121744,0.0125466
56.72,-0.34183412999999996,-1690500.0,-0.505362,-0.599396,-0.685878,-0.496792,-0.407697,0.0324331,0.0608634,0.0729133,0.0784927,0.0808083,0.00583863,0.0101876,0.0127694,0.0138349,0.0142355
56.74,-0.30366266999999997,-1838600.0,-0.443505,-0.820163,-0.750059,-0.622065,-0.544901,0.0229444,0.0466678,0.058554,0.0673041,0.0712823,0.0063924,0.0112629,0.0140841,0.0152929,0.0157564
56.76,-0.26879601,-1938090.0,-0.619935,-1.12991,-0.981324,-0.960145,-0.920229,0.01231,0.0271671,0.0412401,0.051482,0.056631,0.00674495,0.0120013,0.0150821,0.0164807,0.0170355
56.78,-0.03855243,-1956140.0,-0.850487,-1.31007,-1.30652,-1.33799,-1.36798,-0.00239419,0.00276731,0.0183617,0.0285007,0.0337489,0.0068441,0.0123006,0.0156781,0.0172806,0.0179393
56.800000000000004,0.24495197999999996,-1874480.0,-0.749111,-1.19864,-1.48537,-1.52822,-1.60832,-0.0183902,-0.0223198,-0.00955714,-0.000161334,0.00398598,0.00663626,0.0121051,0.0157661,0.017564,0.0183167
56.82,0.34603091999999996,-1725530.0,-0.3302,-0.869364,-1.3883,-1.50117,-1.56504,-0.0291833,-0.0429998,-0.0382938,-0.0304552,-0.0277476,0.00616053,0.0114519,0.0152876,0.0172578,0.018079
56.84,0.21926072999999996,-1559330.0,0.00179314,-0.511393,-1.10434,-1.37748,-1.41028,-0.0324673,-0.0568074,-0.0632203,-0.0592417,-0.0575007,0.00554402,0.0104538,0.0142725,0.0163608,0.0172266
56.86,0.024136922999999998,-1391760.0,-0.0381549,-0.307799,-0.869314,-1.29588,-1.38375,-0.032831,-0.0649993,-0.0829569,-0.0859754,-0.085441,0.00489104,0.00923578,0.0128107,0.0149087,0.0157971
56.88,-0.019951302,-1204590.0,-0.169648,-0.19825,-0.676609,-1.14233,-1.3702,-0.034909,-0.0700598,-0.0984161,-0.110357,-0.11298,0.00421364,0.00788519,0.010997,0.0129453,0.0138129
56.9,0.009449382,-993341.0,-0.0581611,-0.0631706,-0.376783,-0.769196,-1.08319,-0.0371871,-0.072674,-0.10895,-0.129473,-0.137514,0.00349268,0.00645785,0.0089233,0.010547,0.011308
56.92,-0.08421119999999999,-784547.0,0.0936406,0.00509221,-0.0568679,-0.327526,-0.55598,-0.0368323,-0.0732548,-0.113287,-0.14044,-0.153906,0.00275248,0.00499856,0.00670094,0.0078479,0.00839378
56.94,-0.21904755,-591137.0,-0.0384091,-0.0848313,0.0804637,-0.0271506,-0.0502191,-0.03628,-0.0740522,-0.113051,-0.143987,-0.159968,0.00202136,0.00352549,0.00443757,0.00500363,0.00525504
56.96,-0.19884032999999998,-385620.0,-0.259256,-0.162234,0.0890716,0.224227,0.371618,-0.0392566,-0.0765228,-0.111355,-0.142016,-0.156754,0.00126599,0.00201974,0.00219351,0.0021436,0.00208781
56.980000000000004,-0.09984320999999999,-141486.0,-0.225366,-0.101488,0.129934,0.544149,0.756265,-0.0441028,-0.07916,-0.109165,-0.134332,-0.145475,0.000432398,0.000462913,-1.16937e-05,-0.000619876,-0.00093448
57.0,-0.07621083,130532.0,-0.0617494,-0.0633401,0.177704,0.755155,0.98592,-0.046974,-0.0808083,-0.106089,-0.121339,-0.128053,-0.00047837,-0.00113677,-0.00216423,-0.00317659,-0.00366977
57.02,-0.042409712999999995,403761.0,0.0583842,-0.0158782,0.301241,0.817525,1.07132,-0.0470077,-0.0816005,-0.101299,-0.105612,-0.107481,-0.00141819,-0.00276086,-0.00423811,-0.0054461,-0.00602511
57.04,-0.012913556999999999,665374.0,0.089685,0.128599,0.47797,0.773745,0.99958,-0.045527,-0.0804733,-0.0935072,-0.0896996,-0.086772,-0.00234353,-0.0043816,-0.00618618,-0.00739922,-0.00796764
57.06,0.013134182999999999,919580.0,0.0837577,0.318215,0.568139,0.642648,0.72645,-0.0437925,-0.0760052,-0.0830461,-0.0755357,-0.0695117,-0.00323673,-0.00594638,-0.00795171,-0.00905158,-0.00953048
57.08,0.10041644999999999,1165790.0,0.283487,0.628525,0.711324,0.637404,0.530004,-0.0401201,-0.0665378,-0.0702515,-0.0627352,-0.0569472,-0.00407585,-0.00737181,-0.00948469,-0.0104343,-0.0107951
57.1,0.06654786,1381890.0,0.458432,0.796651,0.768336,0.578577,0.374132,-0.0327009,-0.052286,-0.0554549,-0.0505753,-0.0479058,-0.00480407,-0.00856005,-0.0107418,-0.0115674,-0.0118436
57.120000000000005,0.07289327999999999,1545100.0,0.514247,0.808473,0.750647,0.459104,0.297111,-0.0229741,-0.0362348,-0.0402651,-0.0401985,-0.0411934,-0.00536082,-0.00944526,-0.011699,-0.0124751,-0.0127346
57.14,0.13921673999999998,1643380.0,0.653956,0.927943,0.856556,0.551084,0.47191,-0.0112921,-0.0188706,-0.024193,-0.0300967,-0.0335032,-0.00570348,-0.00999631,-0.0123435,-0.0131781,-0.0134816
57.160000000000004,0.05462865,1661360.0,0.7782,1.06861,0.976738,0.803051,0.753256,0.00302947,0.0010949,-0.00586011,-0.0165553,-0.0212515,-0.0057861,-0.0101741,-0.0126441,-0.0136446,-0.0140291
57.18,-0.09579942,1588330.0,0.7369,1.08477,1.03339,1.06562,1.02526,0.0181805,0.0226286,0.0142412,0.00213139,-0.00346634,-0.005574,-0.00993683,-0.0125603,-0.0137888,-0.0142763
57.2,-0.21290103,1439650.0,0.420009,0.832539,0.943225,1.12216,1.15224,0.0297496,0.0418017,0.0340073,0.0240092,0.0183087,-0.0050947,-0.00929253,-0.0120778,-0.0135274,-0.0141279
57.22,-0.16226975999999999,1254000.0,0.063146,0.455135,0.807385,1.03737,1.18017,0.0345811,0.0546784,0.0515134,0.0456046,0.0416327,-0.0044514,-0.00832773,-0.0112226,-0.0128313,-0.0135284
57.24,-0.03524253,1060520.0,-0.0163779,0.230615,0.78314,1.05024,1.24548,0.0350488,0.0615359,0.0674187,0.0664807,0.0658892,-0.0037551,-0.00716558,-0.0100332,-0.0117104,-0.0124532
57.26,-0.044311859999999995,863476.0,-0.0240745,0.0612682,0.666251,1.01645,1.16994,0.0346443,0.0644547,0.0819126,0.0871476,0.0900433,-0.00305817,-0.00590568,-0.00853993,-0.0101742,-0.0108939
57.28,-0.043451949,667781.0,-0.105951,-0.0734285,0.407343,0.828948,0.934492,0.033344,0.0643331,0.0926485,0.105602,0.111088,-0.00237828,-0.0046178,-0.00679432,-0.00824666,-0.0088826
57.300000000000004,0.020552336999999997,486460.0,-0.111394,-0.0575934,0.178634,0.559056,0.689158,0.0311706,0.0630229,0.0985083,0.119482,0.127324,-0.00173314,-0.00334424,-0.00488275,-0.00599583,-0.00649848
57.32,0.032249085,316705.0,0.0503367,0.0870648,0.0659014,0.273751,0.446605,0.03056,0.0633176,0.100954,0.12781,0.138682,-0.00111583,-0.00208083,-0.00288813,-0.00352292,-0.00383842
57.34,-0.03889652699999999,134192.0,0.286865,0.277943,0.080765,0.0579316,0.170091,0.033932,0.0669677,0.10242,0.131127,0.144849,-0.000470912,-0.000777981,-0.000854391,-0.000933555,-0.00100312
57.36,-0.18370761,-82908.4,0.328105,0.339229,0.0726489,-0.161015,-0.235555,0.0400817,0.0731394,0.103954,0.130096,0.144194,0.000269225,0.00062309,0.00120936,0.00167867,0.00188731
57.38,-0.26080022999999997,-331036.0,0.153381,0.234771,-0.0311816,-0.421278,-0.688324,0.0448966,0.0788794,0.104369,0.124273,0.134955,0.00111901,0.00214328,0.00329259,0.00422235,0.0046788
57.4,-0.22433726999999998,-589309.0,-0.0154595,0.060209,-0.176864,-0.645936,-0.97617,0.0462758,0.0818292,0.102289,0.113601,0.11831,0.00203073,0.00375036,0.00535917,0.00660109,0.00721146
57.42,-0.16527671999999996,-845602.0,-0.0592699,-0.111015,-0.308113,-0.741212,-0.985741,0.0455285,0.0813212,0.0974389,0.0997292,0.0986912,0.00294877,0.00538187,0.00735645,0.00873439,0.00938147
57.44,-0.16952094,-1104080.0,-0.0340741,-0.228504,-0.387089,-0.653685,-0.748803,0.0445951,0.077926,0.0904869,0.0857802,0.0813457,0.00385001,0.00697434,0.0092357,0.0105895,0.0111818
57.46,-0.27316671,-1367130.0,-0.0978889,-0.335377,-0.473171,-0.494316,-0.461786,0.0432754,0.0722872,0.0818843,0.0743002,0.0692399,0.00472872,0.00847647,0.0109594,0.0121903,0.0126877
57.480000000000004,-0.3794104199999999,-1615200.0,-0.317812,-0.518621,-0.641189,-0.441094,-0.326965,0.0391184,0.0637472,0.0707407,0.0649461,0.0613523,0.00555265,0.00983681,0.0124857,0.0135827,0.0139936
57.5,-0.36354177,-1814870.0,-0.527931,-0.732048,-0.797447,-0.48929,-0.329806,0.030661,0.0512405,0.0563543,0.0556422,0.0547846,0.00625045,0.0109867,0.0137566,0.0147886,0.015155
57.52,-0.28699178999999997,-1946160.0,-0.641548,-0.949665,-0.897888,-0.616973,-0.451905,0.0189662,0.0344234,0.039401,0.0445796,0.0469675,0.00674672,0.0118433,0.0147142,0.0157908,0.0161725
57.54,-0.19364087999999996,-2010560.0,-0.619521,-1.0456,-0.889171,-0.725003,-0.610559,0.00635552,0.0144707,0.0215304,0.0311599,0.0363429,0.00699994,0.0123323,0.0153235,0.0165482,0.0170056
57.56,-0.1665048,-2013750.0,-0.578351,-1.00474,-0.872644,-0.843522,-0.827467,-0.00562321,-0.00603267,0.0039122,0.0154746,0.0219626,0.00700726,0.0124167,0.0155779,0.0170146,0.0175887
57.58,-0.14789031,-1953720.0,-0.495956,-0.802453,-0.859601,-0.939811,-1.02059,-0.0163663,-0.0241046,-0.0134102,-0.00235872,0.00348203,0.00678737,0.0121153,0.0154829,0.0171457,0.0178431
57.6,-0.15502623,-1836310.0,-0.26685,-0.461004,-0.772224,-0.941176,-1.06429,-0.0239944,-0.0367392,-0.0297285,-0.0211686,-0.0173667,0.00638376,0.0115068,0.0150515,0.0169105,0.0177043
57.620000000000005,-0.25369847999999995,-1690810.0,0.0381368,-0.12392,-0.604594,-0.865895,-0.975572,-0.0262815,-0.0425884,-0.0434967,-0.0392393,-0.0377653,0.005881,0.0107136,0.0143193,0.0163064,0.017153
57.64,-0.40375781999999993,-1547100.0,0.102305,-0.0438051,-0.538797,-0.88822,-0.984523,-0.0248771,-0.0442657,-0.0549306,-0.0567805,-0.0573663,0.00536942,0.00984502,0.013335,0.0153462,0.0162016
57.660000000000004,-0.38493729,-1404970.0,-0.0672482,-0.168817,-0.559489,-0.943724,-1.07457,-0.0245265,-0.0463919,-0.0659134,-0.0750999,-0.0779572,0.00487538,0.00893845,0.0121266,0.0140274,0.0148484
57.68,-0.22053215999999998,-1246940.0,-0.217549,-0.322361,-0.560739,-0.885314,-1.07098,-0.0273745,-0.0513037,-0.0771157,-0.0933903,-0.0994127,0.00435637,0.00796149,0.0106963,0.0123425,0.0130747
57.7,-0.06251988,-1073110.0,-0.117945,-0.308782,-0.394758,-0.578442,-0.754717,-0.0307294,-0.0576151,-0.0866707,-0.108028,-0.11767,0.00377533,0.0068723,0.00905842,0.0103283,0.0109039
57.72,-0.09898946999999998,-900949.0,-0.00725377,-0.230869,-0.199409,-0.213557,-0.272474,-0.0319814,-0.0630116,-0.0926124,-0.115948,-0.127942,0.00314822,0.00566604,0.00726558,0.00808855,0.00844776
57.74,-0.19686407999999997,-727071.0,-0.181753,-0.274077,-0.188307,-0.0471973,0.0589733,-0.0338715,-0.0680611,-0.0964895,-0.118555,-0.130077,0.00248969,0.00435531,0.00537457,0.00574352,0.00586758
57.76,-0.11966333999999998,-517064.0,-0.422814,-0.360192,-0.265544,-0.00424387,0.204338,-0.0399171,-0.0744037,-0.101028,-0.11907,-0.127444,0.00175181,0.00293066,0.00339939,0.00336727,0.00329238
57.78,0.06302325,-257584.0,-0.21983,-0.184959,-0.0608134,0.259912,0.457787,-0.0463436,-0.0798553,-0.104292,-0.116513,-0.120822,0.0008892,0.00138807,0.00134619,0.00101144,0.000809719
57.800000000000004,-0.0037664214,10802.4,0.208175,0.12223,0.324041,0.611814,0.731081,-0.0464601,-0.0804825,-0.101659,-0.107796,-0.108934,-3.88375e-05,-0.000215306,-0.000713317,-0.00123165,-0.00148784
57.82,-0.21892209,243498.0,0.379328,0.373078,0.628528,0.797224,0.841554,-0.0405851,-0.0755295,-0.0921337,-0.0937055,-0.0932072,-0.00090929,-0.00177543,-0.00265125,-0.00324666,-0.00350925
57.84,-0.34460750999999995,438799.0,0.314462,0.622146,0.824233,0.850566,0.848091,-0.0336472,-0.0655772,-0.077606,-0.0772276,-0.0763108,-0.00165161,-0.00318649,-0.00434864,-0.004956,-0.00520443
57.86,-0.39126588,610829.0,0.322253,0.874837,0.95969,0.887818,0.851397,-0.0272801,-0.0506074,-0.0597668,-0.0598437,-0.0593159,-0.00226089,-0.00434834,-0.00572237,-0.00632671,-0.00656069
57.88,-0.43204700999999995,751448.0,0.467301,0.993567,1.03602,0.925101,0.862176,-0.0193845,-0.0319234,-0.0398097,-0.0417146,-0.0421802,-0.00272753,-0.00517365,-0.00671814,-0.00734229,-0.00757566
57.9,-0.45672693,839672.0,0.52883,0.889126,1.01564,0.906435,0.838846,-0.00942324,-0.0130965,-0.0192931,-0.0233992,-0.02517,-0.00301561,-0.00562385,-0.00730916,-0.00799343,-0.00824916
57.92,-0.40548723,871166.0,0.391859,0.639218,0.865408,0.803574,0.759451,-0.000216349,0.00218698,-0.000482554,-0.0062991,-0.00918698,-0.00311201,-0.00573294,-0.00750692,-0.00829041,-0.00859273
57.94,-0.25350723,861595.0,0.238991,0.429846,0.646632,0.697611,0.697618,0.00609216,0.0128776,0.0146379,0.00871275,0.00538372,-0.00305325,-0.0055823,-0.00736537,-0.00826628,-0.00863076
57.96,-0.09271953,825125.0,0.186344,0.303875,0.424298,0.620744,0.683463,0.0103455,0.0202148,0.0253472,0.0218963,0.0191945,-0.00288887,-0.00525137,-0.00696552,-0.00796019,-0.00838498
57.980000000000004,0.015049895999999998,758820.0,0.255053,0.305322,0.363183,0.644685,0.782588,0.0147595,0.0263068,0.033222,0.0345506,0.033855,-0.00263782,-0.00478615,-0.00637983,-0.00739572,-0.00785448
58.0,-0.03653487,649817.0,0.312119,0.380607,0.463697,0.70869,0.891395,0.0204312,0.0331661,0.0414908,0.0480843,0.0505949,-0.00228592,-0.00419143,-0.0056327,-0.00656937,-0.00700998
58.02,-0.18975008999999998,499615.0,0.239904,0.420755,0.560514,0.689329,0.826669,0.0259514,0.0411797,0.0517329,0.0620645,0.0677755,-0.00182209,-0.00344797,-0.00470046,-0.00546788,-0.00582628
58.04,-0.28576524,337118.0,-0.00877621,0.272947,0.439846,0.463362,0.469452,0.0282627,0.0481167,0.0617365,0.0735915,0.0807367,-0.00127995,-0.002555,-0.00356577,-0.00411132,-0.00434116
58.06,-0.17078216999999998,191849.0,-0.1175,0.114979,0.283624,0.249635,0.137074,0.027,0.051996,0.0689712,0.0807214,0.086802,-0.00072732,-0.00155387,-0.00225869,-0.00256819,-0.00266577
58.08,-0.0743733,53514.5,0.0767356,0.114642,0.27116,0.204144,0.0841441,0.0265923,0.0542922,0.074519,0.0852592,0.0890142,-0.000191398,-0.000490993,-0.00082379,-0.000908383,-0.000907608
58.1,-0.17809097999999998,-112542.0,0.250226,0.154211,0.243678,0.161544,0.130379,0.0298619,0.0569807,0.0796674,0.0889161,0.0911594,0.000373145,0.000621737,0.000718075,0.00083337,0.000894128
58.120000000000005,-0.30427416,-303897.0,0.0227984,-0.0052613,-0.0700496,-0.119758,-0.0726026,0.0325922,0.0584702,0.0814037,0.0893339,0.0917371,0.000997686,0.00177625,0.00232879,0.00261587,0.00272309
58.14,-0.16554140999999997,-479829.0,-0.201983,-0.140451,-0.372504,-0.35011,-0.301467,0.0308003,0.0570131,0.0769782,0.0846353,0.0879964,0.00163161,0.00293108,0.0039126,0.00435556,0.00452043
58.160000000000004,-0.033349614,-633182.0,-0.0192826,-0.0840358,-0.357784,-0.302641,-0.292743,0.0285877,0.0547682,0.0696753,0.0781078,0.0820543,0.00222549,0.00404889,0.00537914,0.00598299,0.00622094
58.18,-0.16802867999999999,-804474.0,0.21885,-0.0460996,-0.200421,-0.21179,-0.223133,0.0305833,0.0534669,0.0640932,0.0729634,0.0768956,0.0028172,0.00513125,0.00671682,0.0074937,0.00781044
58.2,-0.36547314,-1006190.0,0.000755331,-0.214478,-0.220231,-0.343201,-0.367354,0.0327794,0.0508611,0.0598867,0.0674135,0.0709907,0.00345083,0.00617453,0.00795662,0.00889747,0.0092893
58.22,-0.33717018,-1192500.0,-0.398555,-0.378155,-0.349031,-0.513222,-0.577743,0.0288014,0.0449348,0.0541941,0.0588493,0.0615398,0.00406664,0.00713248,0.00909743,0.0101601,0.0106146
58.24,-0.22422507,-1318220.0,-0.567374,-0.511288,-0.541297,-0.642223,-0.746999,0.0191421,0.0360404,0.0452908,0.0472949,0.0482923,0.00454607,0.00794224,0.0100923,0.0112215,0.0117129
58.26,-0.10913031,-1384290.0,-0.380071,-0.582013,-0.64468,-0.658777,-0.732987,0.00966767,0.0251073,0.033431,0.0342849,0.0334925,0.00483417,0.00855371,0.0108795,0.0120373,0.0125308
58.28,-0.10892171999999999,-1424680.0,-0.0779142,-0.500704,-0.549368,-0.529361,-0.502441,0.00508781,0.0142802,0.0214906,0.0224035,0.0211382,0.00498172,0.00894759,0.0114287,0.0126042,0.0130771
58.300000000000004,-0.28024602,-1463880.0,-0.0610861,-0.412834,-0.504287,-0.483263,-0.38264,0.00369781,0.00514481,0.010954,0.0122772,0.0122874,0.00506958,0.00914184,0.0117532,0.012951,0.0134113
58.32,-0.36429554999999997,-1486270.0,-0.270357,-0.398015,-0.620551,-0.585101,-0.51369,0.000383371,-0.00296368,-0.000294347,0.00159359,0.0033241,0.00511039,0.00916365,0.0118598,0.0130897,0.0135675
58.34,-0.26565542999999997,-1462170.0,-0.357241,-0.399227,-0.702222,-0.671514,-0.687333,-0.00589262,-0.0109361,-0.0135221,-0.0109726,-0.00868613,0.0050553,0.00902465,0.0117216,0.0129959,0.0135138
58.36,-0.16668432,-1397810.0,-0.19612,-0.354368,-0.557369,-0.618805,-0.685708,-0.0114262,-0.018472,-0.026118,-0.0238758,-0.0224165,0.00488211,0.00873057,0.0113252,0.0126475,0.0132028
58.38,-0.22496660999999998,-1319030.0,-0.227642,-0.501526,-0.508671,-0.715618,-0.786261,-0.0156638,-0.027031,-0.0367784,-0.03722,-0.0371362,0.00461121,0.00827554,0.0106962,0.0120365,0.0126073
58.4,-0.13129491,-1210380.0,-0.525534,-0.769914,-0.702661,-0.967644,-1.05659,-0.0231956,-0.0397454,-0.0488917,-0.0540526,-0.0555648,0.00422262,0.00760778,0.00983953,0.0111238,0.0116803
58.42,0.18110967,-1033160.0,-0.555586,-0.754281,-0.815421,-0.975499,-1.10104,-0.0340068,-0.0549873,-0.0640725,-0.073484,-0.0771411,0.00365059,0.00666045,0.00870988,0.00984842,0.0103532
58.44,0.32438907,-798983.0,-0.198767,-0.481853,-0.732456,-0.727926,-0.823052,-0.0415503,-0.0673487,-0.0795513,-0.0905183,-0.096382,0.00289502,0.00543709,0.00727365,0.00820839,0.00861798
58.46,0.22208510999999997,-560113.0,0.102392,-0.253399,-0.584109,-0.517704,-0.48274,-0.0425141,-0.0747012,-0.0927169,-0.102975,-0.10944,0.00205438,0.00401659,0.00555096,0.00627347,0.00655976
58.480000000000004,0.112812,-332421.0,-0.0512973,-0.26883,-0.553354,-0.554544,-0.408719,-0.0420031,-0.0799235,-0.104092,-0.113697,-0.118355,0.0012092,0.00247034,0.00358288,0.00410675,0.00428181
58.5,0.24179865,-81561.9,-0.315917,-0.31897,-0.507877,-0.59281,-0.498714,-0.0456753,-0.0858015,-0.114704,-0.125171,-0.127429,0.000332419,0.000813093,0.00139493,0.00171808,0.00182398
58.52,0.43908602999999996,216012.0,-0.333062,-0.331208,-0.401935,-0.50466,-0.591639,-0.0521651,-0.0923033,-0.123802,-0.136145,-0.138332,-0.000645985,-0.000967954,-0.000990133,-0.000895083,-0.000833631
58.54,0.5834655,544456.0,-0.17571,-0.345754,-0.272729,-0.361958,-0.565755,-0.0572528,-0.0990729,-0.130549,-0.144811,-0.149906,-0.00174016,-0.00288172,-0.00353364,-0.00370465,-0.00371602
58.56,0.6739904999999999,881460.0,-0.0994743,-0.325587,-0.159535,-0.24958,-0.384687,-0.0600046,-0.105786,-0.134871,-0.150927,-0.159411,-0.00291274,-0.00493031,-0.00618784,-0.00666203,-0.00680919
58.58,0.7442072999999999,1220580.0,-0.00259989,-0.0683032,0.0328549,-0.0297058,-0.000746208,-0.0610254,-0.109725,-0.136138,-0.15372,-0.163265,-0.00412304,-0.00708542,-0.00889793,-0.0097085,-0.0100359
58.6,0.6893007,1559630.0,0.126552,0.259424,0.175401,0.219369,0.339916,-0.0597859,-0.107814,-0.134056,-0.151823,-0.159873,-0.00533115,-0.00926081,-0.0115999,-0.0127639,-0.0132673
58.620000000000005,0.6426204,1891770.0,0.242885,0.456003,0.265608,0.428812,0.527381,-0.0560915,-0.10066,-0.129645,-0.145341,-0.1512,-0.00648992,-0.0113456,-0.0142369,-0.0157356,-0.0163781
58.64,0.6618933,2197320.0,0.441267,0.639626,0.564701,0.731551,0.780443,-0.04925,-0.0897034,-0.121342,-0.133738,-0.138122,-0.00754334,-0.0132492,-0.0167468,-0.0185264,-0.0192713
58.660000000000004,0.5531868,2445400.0,0.54941,0.758098,0.937381,0.982326,1.00798,-0.0393432,-0.0757262,-0.106321,-0.116599,-0.120238,-0.00842927,-0.0149035,-0.0190234,-0.0210297,-0.0218549
58.68,0.4425525,2621960.0,0.567124,0.904187,1.2722,1.2147,1.20981,-0.0281779,-0.0591033,-0.0842257,-0.0946285,-0.0980601,-0.00910448,-0.0162518,-0.0209289,-0.023142,-0.0240379
58.7,0.34042296,2731940.0,0.638935,1.19212,1.59132,1.57384,1.51902,-0.0161173,-0.0381402,-0.0555905,-0.0667431,-0.0707717,-0.00954743,-0.0172242,-0.022327,-0.0247557,-0.0257262
58.72,0.12787893,2776580.0,0.628752,1.34428,1.70451,1.82533,1.77506,-0.00344042,-0.0127762,-0.0226322,-0.0327513,-0.0378309,-0.00974301,-0.0177334,-0.0231093,-0.0257507,-0.0268122
58.74,-0.002701317,2762160.0,0.450366,1.15911,1.53098,1.76059,1.8216,0.00735075,0.0122577,0.00972267,0.00310787,-0.00186419,-0.00970391,-0.0177386,-0.0232383,-0.0260471,-0.0272092
58.76,0.10447400999999999,2704890.0,0.382817,0.91966,1.36123,1.63262,1.83201,0.0156826,0.0330453,0.0386447,0.03704,0.034672,-0.00947357,-0.0172855,-0.0227547,-0.0256456,-0.0268811
58.78,0.20309423999999998,2598240.0,0.589476,0.904429,1.38402,1.69453,1.92844,0.0254055,0.0512862,0.0660972,0.0703115,0.0722765,-0.00906269,-0.0164422,-0.0217073,-0.0245721,-0.0258116
58.800000000000004,0.07918310999999999,2413800.0,0.683727,0.89735,1.31574,1.68574,1.83948,0.0381375,0.069304,0.0930948,0.104114,0.109956,-0.00842726,-0.0152363,-0.0201153,-0.0228278,-0.0239893
58.82,-0.013581555,2152150.0,0.459746,0.763932,1.04809,1.41632,1.4939,0.0495723,0.0859168,0.116733,0.135135,0.143289,-0.00755016,-0.0136841,-0.0180171,-0.0204354,-0.0214568
58.84,0.05769119999999999,1852290.0,0.134595,0.557205,0.720964,0.953329,1.03439,0.0555157,0.0991282,0.134424,0.158831,0.168572,-0.00649928,-0.0118337,-0.0155055,-0.0174957,-0.0183382
58.86,0.20402396999999997,1541280.0,0.0992789,0.444555,0.562325,0.579078,0.671564,0.0578544,0.109146,0.147257,0.174155,0.185632,-0.00536558,-0.00975091,-0.0126887,-0.0141658,-0.0147962
58.88,0.20913774,1209180.0,0.228311,0.338313,0.456905,0.311788,0.320093,0.0611303,0.116974,0.157449,0.183064,0.195548,-0.00417574,-0.00748971,-0.00964163,-0.0105936,-0.0109844
58.9,0.14849363999999998,843873.0,0.208897,0.166865,0.240128,0.0560014,-0.0834034,0.0655024,0.122026,0.164419,0.186742,0.197915,-0.00290941,-0.0050997,-0.00642295,-0.00689559,-0.00704976
58.92,0.14353797,457114.0,0.0782584,0.0434374,-0.0297904,-0.176268,-0.381075,0.068374,0.124129,0.166523,0.185539,0.19327,-0.00157064,-0.00263815,-0.00311353,-0.00317278,-0.0031379
58.94,0.13380003,64702.9,0.0068613,-0.0184826,-0.275951,-0.387671,-0.501027,0.0692252,0.124379,0.163465,0.1799,0.184449,-0.000194653,-0.000153065,0.000186347,0.000481609,0.000639293
58.96,0.08288519999999999,-332810.0,0.0396992,-0.066012,-0.415103,-0.520528,-0.483063,0.0696908,0.123534,0.156555,0.170818,0.174608,0.00119451,0.00232606,0.00338654,0.00398878,0.00422987
58.980000000000004,-0.038164932,-735191.0,-0.110988,-0.30174,-0.590477,-0.693137,-0.603268,0.0689779,0.119856,0.146499,0.158681,0.163745,0.00258119,0.00475997,0.00641708,0.00728377,0.0076134
59.0,-0.051413099999999996,-1115090.0,-0.510098,-0.74657,-0.892136,-0.974381,-0.970026,0.062767,0.109373,0.131673,0.142006,0.148012,0.00389864,0.00705226,0.0091988,0.0102906,0.010731
59.02,0.12765249,-1428270.0,-0.786727,-1.12597,-1.16058,-1.21166,-1.31932,0.0497988,0.0906479,0.111146,0.120145,0.125119,0.0050243,0.00905247,0.011627,0.0129122,0.0134623
59.04,0.29819801999999995,-1655480.0,-0.744978,-1.27486,-1.29388,-1.32018,-1.43857,0.0344817,0.0666395,0.086601,0.094827,0.0975397,0.0058671,0.0106253,0.0136044,0.0150619,0.0156889
59.06,0.31623264,-1810710.0,-0.597146,-1.24899,-1.35324,-1.36877,-1.38867,0.0210605,0.041401,0.0601297,0.0679375,0.0692673,0.00642253,0.0117058,0.0150718,0.0166895,0.0173569
59.08,0.23950211999999999,-1907410.0,-0.559137,-1.13083,-1.39758,-1.41772,-1.33739,0.00949766,0.0176028,0.0326214,0.0400725,0.0420067,0.00672811,0.0122958,0.0159993,0.0177696,0.0184697
59.1,0.16715301,-1934990.0,-0.658615,-1.05284,-1.49259,-1.54235,-1.46317,-0.00267986,-0.00423387,0.00371974,0.0104718,0.014001,0.00679629,0.0124295,0.0163627,0.0182751,0.0190298
59.120000000000005,0.21770982,-1876450.0,-0.642812,-0.981118,-1.49643,-1.61917,-1.64351,-0.0156941,-0.0245734,-0.0261704,-0.0211434,-0.0170657,0.00661255,0.0121414,0.0161382,0.0181683,0.0189991
59.14,0.27815042999999995,-1742580.0,-0.43677,-0.882532,-1.31908,-1.55917,-1.70521,-0.02649,-0.0432099,-0.0543255,-0.0529269,-0.0505528,0.0061907,0.0114636,0.0153332,0.0174276,0.0183229
59.160000000000004,0.24608265,-1568280.0,-0.262546,-0.787667,-1.07281,-1.42879,-1.63789,-0.0334831,-0.0599119,-0.0782444,-0.0828065,-0.0839838,0.00559097,0.0104324,0.0140075,0.0160703,0.0169776
59.18,0.18678597,-1370620.0,-0.305886,-0.714701,-0.926286,-1.31872,-1.52033,-0.0391674,-0.0749356,-0.0982353,-0.110282,-0.115566,0.00486447,0.00908388,0.0122427,0.0141394,0.0149821
59.2,0.21329271,-1132150.0,-0.44489,-0.631183,-0.889685,-1.19682,-1.34782,-0.0466752,-0.0883944,-0.116395,-0.135437,-0.144248,0.00400604,0.00745058,0.0100964,0.0116822,0.0123839
59.22,0.30997851,-839245.0,-0.324984,-0.410574,-0.716521,-0.861402,-0.936886,-0.0543739,-0.098812,-0.132457,-0.156019,-0.167095,0.00299555,0.00557852,0.00760789,0.00876768,0.0092705
59.24,0.2563311,-515453.0,-0.0479677,-0.196778,-0.421299,-0.42021,-0.405757,-0.0581034,-0.104886,-0.143835,-0.168835,-0.180521,0.00187078,0.00354154,0.00484496,0.00551914,0.00579435
59.26,0.12012387,-190330.0,0.0171017,-0.164741,-0.201558,-0.119134,-0.0328119,-0.0584121,-0.108501,-0.150064,-0.174229,-0.184907,0.000705624,0.00140768,0.00190597,0.00208849,0.00214007
59.28,0.12363725999999998,136340.0,-0.0393543,-0.100501,0.0252833,0.152292,0.252533,-0.0586346,-0.111153,-0.151827,-0.173897,-0.182709,-0.000464843,-0.000788857,-0.00111293,-0.00139277,-0.00153609
59.300000000000004,0.15261392999999998,473251.0,-0.0308897,0.0737343,0.26964,0.440772,0.504249,-0.0593371,-0.111421,-0.148877,-0.167967,-0.175142,-0.00164456,-0.0030146,-0.00411997,-0.0048114,-0.0051146
59.32,0.14584929,816187.0,-0.00109385,0.185338,0.411559,0.608098,0.643868,-0.0596569,-0.10883,-0.142065,-0.157478,-0.16366,-0.0028345,-0.0052171,-0.0070294,-0.00806585,-0.00850262
59.34,0.20794892999999998,1157630.0,0.0719438,0.277778,0.550071,0.71703,0.772625,-0.0589484,-0.104199,-0.132449,-0.144227,-0.149495,-0.00402055,-0.00734739,-0.00977454,-0.0110829,-0.0116342
59.36,0.25704867,1486050.0,0.257044,0.490773,0.789281,0.892217,0.978031,-0.0556585,-0.0965134,-0.119056,-0.128134,-0.131989,-0.00516662,-0.00935452,-0.0122896,-0.0138065,-0.014449
59.38,0.19121174999999999,1784450.0,0.389591,0.675403,0.91944,0.988697,1.05559,-0.0491922,-0.0848516,-0.101968,-0.109325,-0.111653,-0.00621513,-0.0111682,-0.0144998,-0.0161811,-0.0168854
59.4,0.19449360000000002,2046980.0,0.385311,0.721701,0.854818,0.939218,0.947764,-0.0414431,-0.0708806,-0.0842257,-0.0900459,-0.0916192,-0.00712148,-0.0127255,-0.0163618,-0.0181748,-0.0189182
59.42,0.33977117999999995,2270280.0,0.486047,0.829117,0.889121,0.980053,0.961674,-0.0327296,-0.0553724,-0.0667863,-0.0708532,-0.0725248,-0.00786321,-0.013988,-0.0178719,-0.0197838,-0.0205596
59.44,0.36027164999999994,2429850.0,0.664999,0.974915,1.05081,1.09186,1.10602,-0.0212191,-0.0373321,-0.0473871,-0.0501341,-0.0518479,-0.0084027,-0.0149151,-0.0190136,-0.0209937,-0.0218033
59.46,0.26311614,2504440.0,0.655801,0.983856,1.12325,1.09772,1.1434,-0.0080111,-0.0177444,-0.0256464,-0.0282383,-0.0293537,-0.008695,-0.0154658,-0.019744,-0.0217774,-0.0226153
59.480000000000004,0.26215172999999997,2509430.0,0.466562,0.895667,1.08348,1.05392,1.06966,0.00321253,0.00105087,-0.00357909,-0.00672198,-0.00722319,-0.00874298,-0.0156328,-0.0200362,-0.022127,-0.0229811
59.5,0.34122824999999996,2474510.0,0.283501,0.753677,0.971061,1.01261,0.97337,0.0107132,0.0175443,0.0169663,0.0139433,0.0132071,-0.00860373,-0.0154468,-0.0199023,-0.0220548,-0.0229213
59.52,0.43349439,2409950.0,0.231978,0.566148,0.826765,0.949349,0.920762,0.0158679,0.0307426,0.0349446,0.0335629,0.0321484,-0.00833792,-0.0149639,-0.0193832,-0.0215797,-0.0224677
59.54,0.5094135,2306760.0,0.341904,0.486087,0.790393,0.954743,1.01912,0.0216068,0.0412649,0.0511162,0.0526039,0.0515472,-0.00796317,-0.0142439,-0.0185226,-0.020718,-0.0216308
59.56,0.45109499999999997,2150210.0,0.481246,0.592792,0.876466,1.06413,1.2158,0.0298383,0.0520537,0.0677848,0.0727926,0.0738963,-0.00744872,-0.0133107,-0.0173336,-0.0194641,-0.0203763
59.58,0.24547268999999997,1936340.0,0.433232,0.68762,0.866732,1.08749,1.23981,0.038983,0.0648578,0.0852167,0.0943088,0.0984524,-0.0067605,-0.0121416,-0.0158036,-0.0177931,-0.0186528
59.6,0.10784000999999999,1684200.0,0.237777,0.625554,0.703075,0.929744,1.01761,0.0456931,0.0779895,0.100915,0.114481,0.121027,-0.00591374,-0.0107131,-0.0139423,-0.0157052,-0.016458
59.620000000000005,0.11960060999999998,1420770.0,0.058053,0.400565,0.48685,0.632027,0.665321,0.0486514,0.0882507,0.112814,0.130099,0.137856,-0.0049703,-0.00905069,-0.011805,-0.0132594,-0.0138692
59.64,0.21393938999999998,1154640.0,0.0145968,0.147735,0.3383,0.335503,0.343947,0.0493779,0.0937337,0.121066,0.139774,0.147949,-0.00399,-0.00723084,-0.0094662,-0.0105606,-0.0110112
59.660000000000004,0.26574621,872154.0,0.139825,0.0772658,0.321006,0.213141,0.186238,0.0509221,0.0959838,0.127659,0.145261,0.15325,-0.002987,-0.00533367,-0.00697896,-0.00771029,-0.00799919
59.68,0.15341208,557184.0,0.257543,0.180987,0.306162,0.21316,0.134854,0.0548958,0.0985663,0.13393,0.149524,0.156461,-0.00192882,-0.00338817,-0.00436307,-0.00476245,-0.00490207
59.7,-0.047056985999999995,216338.0,0.127456,0.193254,0.0802686,0.0712861,-0.0117247,0.0587458,0.102309,0.137795,0.152368,0.157693,-0.000792408,-0.00137942,-0.00164582,-0.00174353,-0.00176053
59.72,-0.10094582999999999,-121039.0,-0.115179,0.0310813,-0.253766,-0.228302,-0.23311,0.0588686,0.104552,0.13606,0.150798,0.155244,0.000383736,0.000689189,0.00109272,0.00128813,0.00136884
59.74,-0.024581183999999996,-436109.0,-0.190963,-0.192488,-0.451781,-0.486463,-0.405235,0.0558071,0.102938,0.129004,0.14365,0.148861,0.00153049,0.00276409,0.00374336,0.00423262,0.00440989
59.76,0.006558344999999999,-738746.0,-0.116847,-0.383069,-0.477481,-0.593352,-0.533308,0.0527291,0.0971824,0.119712,0.132852,0.139475,0.00261586,0.00476529,0.00623052,0.00699764,0.00729325
59.78,-0.05775647999999999,-1035860.0,-0.239144,-0.628713,-0.60247,-0.72882,-0.797939,0.0491692,0.0870646,0.108912,0.11963,0.126163,0.00363484,0.00660776,0.00851675,0.00952247,0.00994964
59.800000000000004,-0.018880455,-1304380.0,-0.443484,-0.758156,-0.773748,-0.840386,-1.00667,0.0423429,0.0731959,0.0951499,0.103938,0.108117,0.00454996,0.00821037,0.0105574,0.0117582,0.0122924
59.82,0.017248098,-1521060.0,-0.454087,-0.683767,-0.847921,-0.864299,-0.974898,0.0333672,0.0587767,0.0789332,0.0868916,0.0883012,0.00530706,0.00953009,0.0122982,0.0136665,0.0142566
59.84,-0.07635515999999999,-1688320.0,-0.383504,-0.637216,-0.911992,-0.942142,-0.897257,0.0249913,0.0455668,0.061334,0.0688271,0.0695796,0.00589064,0.0105735,0.0137009,0.0152236,0.0158354
59.86,-0.14939889,-1814180.0,-0.3494,-0.653945,-0.930982,-1.01168,-0.886994,0.0176622,0.0326552,0.0429043,0.0492889,0.0517371,0.00631718,0.0113557,0.0147433,0.0164048,0.0170486
59.88,-0.19100264999999997,-1901020.0,-0.297098,-0.600138,-0.820877,-0.931204,-0.896104,0.0111973,0.0201144,0.0253857,0.0298601,0.0339061,0.00660577,0.0118834,0.0154262,0.0171963,0.017905
59.9,-0.29439546,-1954840.0,-0.231987,-0.508362,-0.687894,-0.796903,-0.923104,0.00590642,0.00902937,0.010298,0.0125791,0.015714,0.00677681,0.0121749,0.015783,0.0176207,0.0184012
59.92,-0.3952806,-1977970.0,-0.27777,-0.522417,-0.687506,-0.802198,-0.989469,0.000808848,-0.00127842,-0.00345601,-0.00341193,-0.0034117,0.00684396,0.0122524,0.0158514,0.0177124,0.0185242
59.94,-0.36665991,-1963780.0,-0.33707,-0.536497,-0.68664,-0.830978,-0.930893,-0.00533955,-0.0118676,-0.0171975,-0.0197437,-0.0226153,0.00679866,0.0121209,0.0156449,0.0174808,0.018264
59.96,-0.3408442199999999,-1911300.0,-0.337382,-0.508282,-0.636496,-0.7939,-0.77462,-0.0120841,-0.0223154,-0.0304288,-0.0359925,-0.0396705,0.00662442,0.0117791,0.0151686,0.0169234,0.0176411
59.980000000000004,-0.35554547999999997,-1827230.0,-0.269246,-0.449144,-0.563919,-0.670459,-0.628169,-0.0181504,-0.0318896,-0.042433,-0.0506361,-0.0536983,0.00632207,0.0112371,0.01444,0.0160572,0.0167074
60.0,-0.38083995,-1707610.0,-0.333413,-0.529387,-0.640619,-0.649239,-0.670323,-0.0241769,-0.0416749,-0.0544784,-0.0638331,-0.0666833,0.0058988,0.0105014,0.0134709,0.0149125,0.0155036
60.02,-0.24582866999999997,-1544340.0,-0.273361,-0.486865,-0.588352,-0.525826,-0.582613,-0.0302447,-0.0518375,-0.0667681,-0.0755837,-0.0792126,0.00535458,0.00956628,0.0122584,0.0135183,0.0140447
60.04,-0.22376709,-1360080.0,0.0328759,-0.19646,-0.277243,-0.2199,-0.224115,-0.0326495,-0.0586707,-0.075424,-0.083041,-0.0872799,0.00472564,0.0084612,0.0108365,0.011932,0.0123797
60.06,-0.43726992,-1198450.0,0.296233,0.161,0.0982646,0.10065,0.169817,-0.0293585,-0.0590253,-0.0772138,-0.0842335,-0.0878229,0.00410556,0.00728424,0.00931012,0.0102593,0.0106287
60.08,-0.6913203,-1067650.0,0.158875,0.295882,0.249036,0.208636,0.271719,-0.0248074,-0.0544565,-0.0737408,-0.0811406,-0.0834075,0.0035639,0.00614942,0.00780058,0.00860556,0.0089164
60.1,-0.7044170999999999,-934254.0,-0.0756627,0.304755,0.309469,0.263195,0.239099,-0.0239752,-0.0484501,-0.0681557,-0.0764223,-0.0782993,0.00307608,0.00512036,0.00638161,0.00702993,0.00729933
60.120000000000005,-0.6227661,-781790.0,-0.0188452,0.306639,0.432097,0.397106,0.301602,-0.0249203,-0.0423362,-0.0607401,-0.0698193,-0.0728923,0.00258712,0.00421249,0.00509265,0.00556752,0.00578742
60.14,-0.6158556,-634301.0,0.195065,0.264096,0.532344,0.517809,0.443212,-0.0231581,-0.0366288,-0.0510957,-0.0606701,-0.0654442,0.00210634,0.00342284,0.00397429,0.00426262,0.00440405
60.160000000000004,-0.6250815,-513596.0,0.200414,0.159182,0.469989,0.514153,0.530028,-0.0192033,-0.032396,-0.0410723,-0.0503505,-0.0557118,0.00168272,0.0027326,0.00305261,0.00315242,0.00319249
60.18,-0.5366424,-411063.0,0.050315,0.12532,0.31283,0.466589,0.567239,-0.016696,-0.029551,-0.0332441,-0.0405431,-0.0447391,0.00132373,0.00211313,0.00230945,0.00224348,0.00218798
60.2,-0.41746253999999994,-311494.0,0.027822,0.198162,0.196427,0.450281,0.58971,-0.0159147,-0.0263162,-0.0281516,-0.0313744,-0.0331696,0.000997622,0.00155445,0.00169549,0.00152431,0.0014089
60.22,-0.35468562,-215173.0,0.090808,0.193373,0.114243,0.36348,0.501566,-0.0147284,-0.0224008,-0.0250449,-0.0232368,-0.0222569,0.000691191,0.00106728,0.00116353,0.000978193,0.00085463
60.24,-0.27106704,-127505.0,0.0763487,0.0701699,0.076488,0.192868,0.290796,-0.0130568,-0.0197654,-0.0231376,-0.0176733,-0.0143332,0.00041334,0.000645621,0.000681705,0.000569092,0.00048873
60.26,-0.14777147999999998,-50945.6,0.0645067,0.0327229,0.154441,0.0989242,0.105299,-0.0116483,-0.0187365,-0.0208283,-0.0147554,-0.0103723,0.000166289,0.000260602,0.000242047,0.000244805,0.000241674
60.28,-0.10480142999999999,9415.57,0.134341,0.150625,0.268824,0.116004,0.00612276,-0.00965978,-0.016903,-0.0165956,-0.0126061,-0.00925807,-4.67915e-05,-9.57924e-05,-0.000132192,-2.88099e-05,4.5371e-05
60.300000000000004,-0.14552390999999998,55033.9,0.0815709,0.177407,0.176492,0.0254764,-0.142861,-0.00750066,-0.0136227,-0.0121425,-0.0111913,-0.0106255,-0.000218396,-0.000401049,-0.000419573,-0.000266784,-0.000153464
60.32,-0.06070886999999999,101661.0,-0.0395549,0.105682,-0.00829353,-0.1216,-0.233212,-0.0070805,-0.0107918,-0.0104605,-0.0121525,-0.0143862,-0.000364207,-0.000645194,-0.000645602,-0.000500223,-0.000403581
60.34,0.07588239,154706.0,0.00831295,0.0843555,-0.051493,-0.140248,-0.131919,-0.00739291,-0.00889143,-0.0110583,-0.014771,-0.0180375,-0.000508941,-0.000842027,-0.00086079,-0.000769458,-0.000727817
60.36,0.08930202,189766.0,0.295273,0.228655,0.139603,0.0829504,0.156041,-0.00435705,-0.00576133,-0.0101772,-0.015344,-0.0177963,-0.000626441,-0.000988554,-0.00107315,-0.00107061,-0.00108616
60.38,-0.09701270999999999,179560.0,0.417431,0.339919,0.301202,0.314786,0.349763,0.00276999,-7.55893e-05,-0.00576919,-0.0113666,-0.0127382,-0.000642312,-0.00104692,-0.00123261,-0.00133772,-0.0013915
60.4,-0.24213626999999996,128298.0,0.253971,0.364699,0.362566,0.452122,0.42442,0.00948401,0.00697059,0.000868485,-0.00369756,-0.00499642,-0.000519772,-0.000977973,-0.00128162,-0.00148836,-0.00156885
60.42,-0.2909652,62738.3,-0.0127979,0.268869,0.330979,0.438144,0.420901,0.0118957,0.0133063,0.00780393,0.0052051,0.00345679,-0.000305974,-0.000775205,-0.00119489,-0.00147328,-0.00158424
60.44,-0.24134015999999997,316.726,-0.0556245,0.187465,0.370539,0.434324,0.488718,0.0112115,0.0178696,0.0148191,0.0139298,0.012553,-7.49016e-05,-0.000463446,-0.000968663,-0.00128193,-0.00142415
60.46,-0.25262441999999996,-64923.1,0.0898229,0.188296,0.497501,0.532817,0.621759,0.0115535,0.0216272,0.0234995,0.0236012,0.0236577,0.000152749,-6.84775e-05,-0.000585477,-0.000906623,-0.00106204
60.480000000000004,-0.36921092999999994,-144640.0,0.121748,0.178328,0.514151,0.598254,0.642314,0.0136692,0.0252935,0.033616,0.0349119,0.0362985,0.000404976,0.000400729,-1.43216e-05,-0.000321492,-0.000462476
60.5,-0.43451744999999997,-231541.0,0.00125667,0.121129,0.340103,0.516253,0.511913,0.0148993,0.028288,0.0421586,0.046057,0.0478407,0.00069066,0.000936545,0.000743424,0.000488196,0.000378916
60.52,-0.37595261999999996,-312167.0,0.0277685,0.157721,0.199544,0.413993,0.445225,0.0151895,0.0310765,0.047555,0.0553594,0.0574121,0.000991548,0.00153019,0.00164056,0.00150236,0.00143145
60.54,-0.37573689,-398844.0,0.228829,0.275345,0.209706,0.355664,0.474341,0.0177555,0.0354072,0.0516475,0.063056,0.0666078,0.001321,0.00219503,0.00263259,0.00268651,0.00267164
60.56,-0.49277322,-513547.0,0.19257,0.190096,0.126631,0.140383,0.272924,0.0219695,0.0400616,0.0550109,0.0680165,0.0740804,0.00171825,0.00294972,0.00369917,0.00399724,0.00407853
60.58,-0.45698600999999994,-645209.0,-0.064672,-0.0296201,-0.0515811,-0.149339,-0.137435,0.0232485,0.0416664,0.0557614,0.0679269,0.0754353,0.00217043,0.003767,0.00480689,0.00535667,0.00557368
60.6,-0.29129669999999996,-762323.0,-0.213508,-0.184586,-0.1992,-0.347287,-0.497831,0.0204667,0.0395243,0.0532536,0.0629606,0.0690827,0.00260758,0.0045789,0.00589705,0.00666555,0.00701886
60.620000000000005,-0.17019515999999998,-855617.0,-0.158335,-0.262641,-0.308329,-0.465191,-0.669826,0.0167482,0.0350521,0.0481783,0.0548359,0.0574061,0.00297973,0.00532467,0.00691136,0.00784351,0.00828375
60.64,-0.12958793999999998,-939994.0,-0.0507511,-0.288908,-0.383443,-0.532612,-0.64254,0.0146574,0.0295366,0.0412606,0.0448578,0.0442824,0.00329378,0.00597055,0.00780575,0.00884045,0.00930064
60.660000000000004,-0.15530112,-1024990.0,-0.0827047,-0.310937,-0.4767,-0.593587,-0.568055,0.0133228,0.0235381,0.0326592,0.0335959,0.0321765,0.00357358,0.0065013,0.00854495,0.00962499,0.0100652
60.68,-0.16477998,-1096900.0,-0.246131,-0.381889,-0.63035,-0.680415,-0.606244,0.0100345,0.0166099,0.0215887,0.0208558,0.0204335,0.00380716,0.00690278,0.00908743,0.0101695,0.0105913
60.7,-0.08500424999999999,-1129670.0,-0.401831,-0.53872,-0.812434,-0.796902,-0.773224,0.00355483,0.00740376,0.00716084,0.00608266,0.00663882,0.00394305,0.00714292,0.00937493,0.0104389,0.010862
60.72,0.07638626999999999,-1114610.0,-0.343607,-0.620212,-0.805854,-0.785686,-0.823592,-0.00389955,-0.00418556,-0.00902204,-0.00974322,-0.00932934,0.0039396,0.0071751,0.00935631,0.0104023,0.0108351
60.74,0.11203628999999998,-1070400.0,-0.230844,-0.631773,-0.676458,-0.719581,-0.76602,-0.00964406,-0.0167054,-0.0238452,-0.0247959,-0.0252255,0.00380417,0.00696619,0.00902764,0.0100569,0.0104896
60.76,0.06881226,-1011100.0,-0.240573,-0.582555,-0.571916,-0.677414,-0.703793,-0.0143582,-0.0288487,-0.0363289,-0.0387659,-0.0399236,0.00356414,0.00651065,0.0084259,0.00942128,0.00983811
60.78,0.05069537699999999,-925030.0,-0.286706,-0.421931,-0.494492,-0.595849,-0.623034,-0.019631,-0.0388935,-0.046993,-0.0514985,-0.0531919,0.00322425,0.00583322,0.00759268,0.00851863,0.00890695
60.800000000000004,0.027751497,-796287.0,-0.301377,-0.291176,-0.478408,-0.529484,-0.572263,-0.0255119,-0.0460246,-0.056722,-0.0627518,-0.0651448,0.00277282,0.00498404,0.00655553,0.00737613,0.00772358
60.82,0.05003523299999999,-626942.0,-0.219835,-0.25409,-0.447913,-0.478021,-0.511039,-0.030724,-0.0514773,-0.0659852,-0.0728269,-0.0759779,0.00221046,0.00400902,0.00532846,0.00602034,0.00631236
60.84,0.08982018,-433008.0,-0.126572,-0.299752,-0.389235,-0.451162,-0.452508,-0.0341881,-0.0570157,-0.0743567,-0.0821187,-0.0856133,0.00156134,0.00292409,0.00392504,0.00447089,0.00469645
60.86,0.15426684,-231203.0,-0.00984272,-0.235901,-0.236432,-0.32193,-0.318782,-0.0355522,-0.0623722,-0.0806133,-0.0898496,-0.0933262,0.000863941,0.00173022,0.00237534,0.0027512,0.00290705
60.88,0.14271483,-32806.7,0.0507469,-0.0790216,-0.0951948,-0.141019,-0.17321,-0.0351432,-0.0655215,-0.0839296,-0.0944791,-0.0982462,0.000156987,0.000451279,0.000729913,0.000907916,0.000991326
60.9,0.114087,160252.0,0.0381697,0.0700309,-0.01305,0.0092273,-0.0408206,-0.034254,-0.0656114,-0.085012,-0.095797,-0.100386,-0.000536984,-0.000860049,-0.000959504,-0.000994845,-0.000995
60.92,0.11736323999999998,356567.0,-0.062522,0.0707382,-0.0131265,0.0273497,0.0228981,-0.0344975,-0.0642037,-0.0852738,-0.0954312,-0.100566,-0.0012245,-0.0021582,-0.00266236,-0.00290713,-0.00300452
60.94,0.22087335,564332.0,-0.0722861,0.0399655,0.0570434,0.0559387,0.114887,-0.0358456,-0.0630966,-0.0848346,-0.0945984,-0.0991878,-0.00192793,-0.0034312,-0.00436345,-0.00480742,-0.00500206
60.96,0.29719535999999996,779988.0,-0.0212196,-0.00390151,0.134975,0.107871,0.163064,-0.0367807,-0.062736,-0.0829145,-0.0929603,-0.0964083,-0.00265419,-0.00468953,-0.00604094,-0.00668301,-0.00695802
60.980000000000004,0.37638204,994748.0,0.0390185,-0.00192376,0.178198,0.197942,0.182111,-0.0366027,-0.0627942,-0.0797827,-0.0899021,-0.0929566,-0.00338803,-0.00594483,-0.00766791,-0.00851163,-0.00885167
61.0,0.44808957,1203610.0,0.0750741,0.0669424,0.186327,0.286344,0.232323,-0.0354617,-0.0621441,-0.0761375,-0.0850593,-0.0888123,-0.00410867,-0.00719421,-0.00922711,-0.0102612,-0.0106694
61.02,0.49999686,1400360.0,0.168244,0.241787,0.262967,0.39235,0.402155,-0.0330286,-0.0590568,-0.0716445,-0.0782723,-0.0824675,-0.00479357,-0.00840622,-0.0107049,-0.0118946,-0.0123822
61.04,0.46623740999999996,1573140.0,0.282955,0.435752,0.402716,0.486064,0.596413,-0.0285166,-0.0522814,-0.0649877,-0.0694882,-0.0724818,-0.00540902,-0.0095196,-0.0120713,-0.0133722,-0.0139316
61.06,0.39626898,1712760.0,0.331644,0.557026,0.549269,0.56443,0.684707,-0.0223706,-0.0423536,-0.0554679,-0.0589832,-0.0596706,-0.0059179,-0.010466,-0.0132758,-0.0146569,-0.0152532
61.08,0.35551385999999996,1820530.0,0.27746,0.556853,0.633952,0.613468,0.624535,-0.0162796,-0.0312148,-0.0436357,-0.0472043,-0.0465782,-0.0063044,-0.0112016,-0.0142668,-0.0157188,-0.0163157
61.1,0.38661467999999993,1899400.0,0.287173,0.563792,0.737919,0.716033,0.609802,-0.0106332,-0.0200084,-0.0299169,-0.0339093,-0.0342348,-0.00657353,-0.0117139,-0.0150024,-0.0165299,-0.0171238
61.120000000000005,0.37193025,1937760.0,0.452135,0.692515,0.929069,0.919439,0.808703,-0.00324014,-0.00744529,-0.0132471,-0.0175545,-0.0200498,-0.00671226,-0.0119884,-0.015434,-0.0170445,-0.0176666
61.14,0.21566931,1916010.0,0.555998,0.827927,1.06569,1.08799,1.08289,0.00684119,0.00775913,0.00670054,0.00251976,-0.00113379,-0.00667625,-0.0119853,-0.0154995,-0.0171949,-0.0178785
61.160000000000004,0.049626723,1839310.0,0.32782,0.716677,0.909253,1.00207,1.1067,0.0156794,0.0232052,0.02645,0.0234204,0.0207621,-0.00645104,-0.0116756,-0.015168,-0.0169355,-0.0176822
61.18,0.12691911,1743730.0,0.0253508,0.448804,0.609472,0.793212,0.930017,0.0192111,0.03486,0.0416373,0.0413732,0.0411292,-0.00610214,-0.011095,-0.0144871,-0.0162875,-0.0170633
61.2,0.33173663999999997,1650530.0,0.0436415,0.273991,0.468487,0.707104,0.812581,0.019901,0.0420879,0.0524168,0.0563763,0.0585552,-0.00571102,-0.0103255,-0.0135466,-0.01531,-0.0160664
61.22,0.39074006999999994,1537060.0,0.294425,0.251678,0.514104,0.735972,0.806474,0.0232816,0.0473446,0.0622427,0.0708071,0.0747458,-0.00527919,-0.00943117,-0.0124,-0.0140382,-0.0147334
61.24,0.27455646,1375690.0,0.343057,0.251583,0.507725,0.664814,0.722484,0.0296565,0.0523773,0.072461,0.084815,0.0900353,-0.00474981,-0.00843395,-0.0110529,-0.012482,-0.0130856
61.26,0.19349349,1176650.0,0.163094,0.286579,0.404379,0.493848,0.542274,0.034718,0.0577589,0.0815821,0.0964016,0.102683,-0.00410607,-0.00733259,-0.00951249,-0.0106698,-0.0111584
61.28,0.17284002,966673.0,0.0860973,0.398757,0.339599,0.365783,0.389484,0.0372099,0.0646122,0.0890219,0.104998,0.112001,-0.00338679,-0.00610888,-0.00780645,-0.00865583,-0.00901159
61.300000000000004,0.09558929999999999,748614.0,0.181065,0.447953,0.331671,0.274539,0.260172,0.0398815,0.0730793,0.0957346,0.111401,0.118497,-0.00261587,-0.00473196,-0.00595889,-0.00649184,-0.00670661
61.32,-0.016067600999999997,514918.0,0.0842559,0.174665,0.151932,0.00029622,-0.0582179,0.0425347,0.0793055,0.100571,0.114149,0.120517,-0.00179171,-0.00320811,-0.00399584,-0.00423634,-0.00431648
61.34,0.07797543,282870.0,-0.212994,-0.271973,-0.193123,-0.386135,-0.4875,0.0412473,0.0783324,0.100159,0.110291,0.115059,-0.000953892,-0.00163173,-0.00198855,-0.00199193,-0.00196072
61.36,0.32902751999999996,77728.5,-0.312747,-0.509324,-0.466314,-0.597522,-0.713467,0.0359899,0.0705195,0.0935643,0.100455,0.10305,-0.00018152,-0.000143214,-5.13161e-05,0.000115525,0.000220375
61.38,0.44671869,-105796.0,-0.130107,-0.467405,-0.584466,-0.591286,-0.655185,0.0315614,0.0607522,0.0830565,0.0885664,0.0893632,0.000493993,0.0011695,0.00171489,0.00200573,0.00214451
61.4,0.35305515,-286388.0,-0.0937235,-0.454001,-0.726722,-0.650814,-0.603758,0.0293231,0.0515381,0.0699446,0.0761454,0.0767738,0.00110284,0.0022924,0.0032449,0.00365285,0.00380588
61.42,0.30224333999999997,-452740.0,-0.320763,-0.557061,-0.88605,-0.831012,-0.699653,0.0251782,0.0414275,0.0538169,0.0613272,0.0637397,0.00164785,0.00322206,0.00448252,0.00502758,0.00521101
61.44,0.36526251,-578593.0,-0.372159,-0.524296,-0.80404,-0.840414,-0.745518,0.018249,0.0306139,0.036916,0.0446129,0.049288,0.00208212,0.00394247,0.00538985,0.00608698,0.00634129
61.46,0.29466677999999996,-665194.0,-0.225248,-0.440351,-0.604777,-0.731831,-0.784466,0.0122749,0.0209674,0.0228278,0.0288905,0.0339882,0.00238736,0.00445829,0.00598728,0.00682201,0.00717405
61.480000000000004,0.16167255,-727940.0,-0.204144,-0.475826,-0.519292,-0.700976,-0.887635,0.00798097,0.0118057,0.0115871,0.0145624,0.0172672,0.00258992,0.00478602,0.00633143,0.00725654,0.0076866
61.5,0.13585635,-762719.0,-0.350587,-0.547179,-0.540879,-0.739012,-0.931421,0.00243366,0.0015756,0.000985407,0.000162528,-0.000923393,0.00269407,0.00491983,0.00645716,0.00740379,0.00785004
61.52,0.17735606999999998,-758308.0,-0.337796,-0.442107,-0.494915,-0.661007,-0.743451,-0.00445017,-0.00831727,-0.00937253,-0.0138377,-0.0176721,0.0026739,0.00485241,0.00637329,0.00726704,0.00766409
61.54,0.10808276999999998,-718677.0,-0.206973,-0.32133,-0.483447,-0.559799,-0.526945,-0.00989786,-0.0159516,-0.0191562,-0.0260457,-0.0303761,0.00253042,0.00460973,0.006088,0.00686821,0.00718361
61.56,0.05274623999999999,-652946.0,-0.130948,-0.296413,-0.511015,-0.476656,-0.40343,-0.0132771,-0.0221291,-0.0291008,-0.0364103,-0.0396798,0.00229867,0.00422892,0.00560543,0.00624365,0.00648305
61.58,0.06024018,-569898.0,-0.0614731,-0.238716,-0.40521,-0.311199,-0.259043,-0.0152013,-0.0274804,-0.038263,-0.0442888,-0.0463046,0.00201389,0.00373282,0.00493179,0.00543666,0.0056232
61.6,-0.0024478929,-481744.0,-0.0483866,-0.204371,-0.272181,-0.203648,-0.182396,-0.0162999,-0.0319112,-0.0450369,-0.0494373,-0.050719,0.00169888,0.00313891,0.0040988,0.0044994,0.00465297
61.620000000000005,-0.028409600999999996,-385786.0,-0.175449,-0.279724,-0.266908,-0.268122,-0.269099,-0.0185382,-0.0367522,-0.0504278,-0.054155,-0.0552339,0.00135049,0.00245227,0.00314415,0.00346347,0.00359344
61.64,0.09844427999999998,-261439.0,-0.301772,-0.336685,-0.283378,-0.334028,-0.358129,-0.0233104,-0.0429163,-0.0559307,-0.0601765,-0.0615062,0.000932007,0.00165559,0.00208056,0.00232016,0.00242604
61.660000000000004,0.22968258,-103283.0,-0.235444,-0.257533,-0.194486,-0.251854,-0.295196,-0.0286826,-0.0488584,-0.0607093,-0.0660353,-0.0680394,0.000412077,0.000737842,0.000914164,0.00105804,0.00113058
61.68,0.22443672,68500.0,-0.0251656,-0.0952955,-0.0541337,-0.093744,-0.132615,-0.0312887,-0.0523867,-0.0631955,-0.0694913,-0.0723175,-0.000187636,-0.00027461,-0.000324884,-0.000297226,-0.000272988
61.7,0.14667140999999997,239479.0,0.061543,-0.0016353,-0.0220228,-0.035928,-0.0453811,-0.0309249,-0.053356,-0.0639571,-0.070788,-0.0740975,-0.000809772,-0.00133204,-0.00159641,-0.00170002,-0.00173714
61.72,0.16751153999999996,412775.0,0.0746856,0.102006,0.00367989,0.0181137,0.0392261,-0.0295626,-0.0523523,-0.0641405,-0.0709662,-0.0741591,-0.00141465,-0.00238912,-0.00287739,-0.00311756,-0.0032197
61.74,0.19372401,580625.0,0.188254,0.270571,0.139848,0.169039,0.201038,-0.0269332,-0.0486266,-0.0627052,-0.0690946,-0.0717564,-0.00197961,-0.00339891,-0.00414584,-0.00451817,-0.00467886
61.76,0.12527436,719368.0,0.293898,0.367193,0.2959,0.30482,0.325826,-0.0221117,-0.0422489,-0.0583477,-0.0643561,-0.0664878,-0.00247006,-0.00430766,-0.00535637,-0.00585268,-0.0060613
61.78,0.07176363,818006.0,0.314148,0.435195,0.488815,0.453633,0.447685,-0.0160313,-0.034225,-0.0505006,-0.0567715,-0.0587527,-0.00285149,-0.0050724,-0.00644486,-0.00706395,-0.00731371
61.800000000000004,0.008580342,885476.0,0.211856,0.461881,0.628473,0.574994,0.536605,-0.0107712,-0.0252543,-0.0393277,-0.0464853,-0.0489098,-0.00311951,-0.0056672,-0.00734314,-0.00809652,-0.00839033
61.82,-0.017310522,936697.0,0.0948459,0.414071,0.63455,0.625599,0.575137,-0.00770421,-0.0164948,-0.0266975,-0.0344793,-0.0377924,-0.00330426,-0.00608469,-0.00800339,-0.00890617,-0.00925735
61.84,0.030735863999999998,980263.0,0.0991637,0.347923,0.579836,0.659418,0.64724,-0.00576412,-0.00887483,-0.0145536,-0.0216292,-0.0255686,-0.00343895,-0.00633838,-0.0084159,-0.00946725,-0.00989096
61.86,0.07465329,1011050.0,0.181203,0.31226,0.540734,0.702247,0.772807,-0.00296045,-0.00227301,-0.0033479,-0.00801253,-0.0113681,-0.00352619,-0.00644986,-0.00859492,-0.00976367,-0.0102603
61.88,0.06789324,1019780.0,0.165891,0.245625,0.44654,0.654874,0.79745,0.000510481,0.00330584,0.00652483,0.00555867,0.00433444,-0.00355069,-0.00643953,-0.00856315,-0.00978821,-0.0103307
61.9,0.11120396999999999,1010560.0,0.0810509,0.171275,0.306107,0.526972,0.675757,0.0029799,0.00747485,0.0140513,0.0173771,0.0190665,-0.00351579,-0.00633173,-0.00835739,-0.00955885,-0.0100967
61.92,0.20651429999999998,991198.0,0.140195,0.232697,0.29284,0.485659,0.578127,0.00519236,0.0115146,0.0200408,0.0275034,0.0316054,-0.00343407,-0.00614183,-0.00801646,-0.00911004,-0.00958994
61.940000000000005,0.18375911999999997,951415.0,0.272538,0.352513,0.379155,0.483658,0.508293,0.00931969,0.0173667,0.0267607,0.0371966,0.0424696,-0.00328895,-0.00585302,-0.00754845,-0.00846304,-0.00884919
61.96,0.07882815,876520.0,0.272546,0.387024,0.424884,0.392415,0.371097,0.0147705,0.024762,0.0348011,0.0459573,0.0512634,-0.00304804,-0.00543173,-0.00693283,-0.0076315,-0.00791186
61.980000000000004,0.031949817,773515.0,0.13699,0.333834,0.381742,0.229505,0.17195,0.0188659,0.0319706,0.0428674,0.0521765,0.0566939,-0.00271168,-0.00486441,-0.00615615,-0.00665017,-0.00683229
62.0,0.06642903,658625.0,0.115958,0.341148,0.368893,0.182617,0.0857539,0.0213954,0.0387205,0.0503737,0.0562978,0.059271,-0.00230907,-0.0041575,-0.00522374,-0.00556542,-0.00567264
62.02,0.028058415,529588.0,0.207318,0.352284,0.351297,0.220428,0.109909,0.0246281,0.0456548,0.0575756,0.0603282,0.0612276,-0.00184883,-0.00331374,-0.00414424,-0.00439916,-0.00446765
62.04,-0.0579258,369731.0,0.316052,0.366693,0.357144,0.316185,0.254765,0.0298618,0.0528446,0.06466,0.0656944,0.0648743,-0.00130393,-0.00232875,-0.00292189,-0.00313894,-0.00320663
62.06,-0.19563089999999997,172875.0,0.240841,0.29174,0.288888,0.325539,0.357723,0.0354307,0.0594289,0.0711204,0.0721116,0.0709992,-0.000651008,-0.00120602,-0.00156408,-0.00176088,-0.0018479
62.08,-0.25668351,-46041.3,0.0677921,0.174297,0.182831,0.279207,0.380223,0.0385171,0.0640893,0.0758376,0.078159,0.0783787,8.84707e-05,2.91657e-05,-9.45018e-05,-0.000258171,-0.000354117
62.1,-0.26367662999999997,-268734.0,-0.0153451,0.0844945,0.129473,0.269955,0.370318,0.0390415,0.0666772,0.0789606,0.0836507,0.0858841,0.000864057,0.00133683,0.00145348,0.00135993,0.00128851
62.120000000000005,-0.30684405,-495692.0,0.0672057,0.0912263,0.214897,0.364852,0.42073,0.0395602,0.0684344,0.0824043,0.0899987,0.0937946,0.00165007,0.00268795,0.00306713,0.00309642,0.0030853
62.14,-0.47460345,-736158.0,0.0603067,0.0547927,0.256605,0.369152,0.390603,0.0408353,0.0698946,0.0871193,0.0973388,0.101908,0.00245403,0.00407123,0.00476236,0.00496979,0.00504232
62.160000000000004,-0.5945478,-979687.0,-0.104084,-0.0455879,0.157872,0.214857,0.229432,0.0403975,0.0699866,0.0912641,0.103179,0.108108,0.00326636,0.00547005,0.0065462,0.00697497,0.00714248
62.18,-0.5937879,-1206480.0,-0.108337,-0.000946771,0.111242,0.137183,0.151964,0.0382733,0.0695213,0.0939552,0.106699,0.111922,0.00405306,0.00686513,0.00839839,0.00907375,0.00934279
62.2,-0.6853176,-1419190.0,-0.00682328,0.0425489,0.0395236,0.0602714,0.0685627,0.0371217,0.0699373,0.0954629,0.108674,0.114127,0.00480701,0.00825971,0.0102926,0.0112275,0.0116033
62.22,-0.7808660999999999,-1629000.0,-0.0412328,-0.0950081,-0.167289,-0.163825,-0.161801,0.0366411,0.0694127,0.0941852,0.107638,0.113195,0.00554464,0.00965321,0.0121891,0.0133906,0.0138765
62.24,-0.7321458,-1829660.0,-0.154497,-0.275527,-0.375929,-0.419836,-0.423676,0.0346838,0.0657074,0.088753,0.101802,0.10734,0.00625789,0.0110044,0.0140184,0.015485,0.0160819
62.26,-0.6477153,-2012290.0,-0.16829,-0.344966,-0.478702,-0.571591,-0.595777,0.031456,0.0595024,0.0802067,0.0918874,0.0971458,0.00691929,0.0122565,0.015708,0.0174219,0.0181267
62.28,-0.6459506999999999,-2182790.0,-0.0881559,-0.32519,-0.508858,-0.622167,-0.680649,0.0288915,0.0528009,0.0703311,0.0799498,0.0843815,0.00752276,0.0133795,0.0172134,0.0191403,0.019942
62.300000000000004,-0.7132758,-2346900.0,-0.125028,-0.362058,-0.581587,-0.698057,-0.776193,0.0267597,0.0459284,0.0594267,0.0667476,0.0698131,0.00807928,0.0143668,0.018511,0.0206072,0.0214839
62.32,-0.7298558999999999,-2493290.0,-0.27705,-0.448297,-0.667036,-0.796689,-0.860766,0.0227389,0.0378248,0.0469404,0.0518001,0.0534435,0.00857426,0.0152044,0.0195747,0.0217927,0.0227165
62.34,-0.7042538999999999,-2605920.0,-0.341222,-0.488779,-0.676649,-0.822622,-0.861564,0.0165562,0.0284541,0.0335036,0.035607,0.0362202,0.00896721,0.0158672,0.0203791,0.0226668,0.0236131
62.36,-0.7200588,-2682290.0,-0.279398,-0.491798,-0.635134,-0.766261,-0.803156,0.01035,0.0186483,0.0203857,0.0197182,0.019573,0.00923627,0.0163382,0.020918,0.02322,0.0241711
62.38,-0.7713494999999999,-2727520.0,-0.261296,-0.533926,-0.635973,-0.712212,-0.763527,0.00494304,0.00839108,0.00767467,0.00493344,0.00390619,0.0093892,0.0166086,0.0211986,0.0234666,0.0244059
62.4,-0.7816362,-2738040.0,-0.375071,-0.636569,-0.721115,-0.736227,-0.777939,-0.00142063,-0.00331387,-0.00589621,-0.00955096,-0.0115085,0.00942443,0.0166593,0.0212164,0.0234204,0.0243299
62.42,-0.7048709999999999,-2700450.0,-0.493516,-0.736226,-0.835294,-0.818483,-0.81318,-0.0101065,-0.0170418,-0.0214603,-0.0250981,-0.0274197,0.00930916,0.0164558,0.0209428,0.0230739,0.0239406
62.440000000000005,-0.5803851,-2606600.0,-0.463957,-0.74742,-0.873125,-0.855678,-0.806236,-0.0196812,-0.0318783,-0.0385445,-0.0418397,-0.0436138,0.00901128,0.0159666,0.0203428,0.0224045,0.0232302
62.46,-0.50326341,-2462570.0,-0.374769,-0.714277,-0.854214,-0.852081,-0.807584,-0.0280685,-0.0464953,-0.0558179,-0.0589173,-0.059752,0.00853378,0.0151829,0.0193991,0.0213969,0.0221966
62.480000000000004,-0.45149943,-2278830.0,-0.323874,-0.656908,-0.804252,-0.830752,-0.836501,-0.0350549,-0.0602071,-0.0724025,-0.0757456,-0.0761929,0.00790255,0.0141158,0.0181169,0.0200503,0.0208371
62.5,-0.39930705,-2059210.0,-0.302144,-0.566908,-0.73773,-0.812339,-0.868987,-0.0413151,-0.0724453,-0.0878224,-0.0921765,-0.0932477,0.00713885,0.0127893,0.0165147,0.0183711,0.0191427
62.52,-0.33529388999999993,-1805140.0,-0.222697,-0.413152,-0.619526,-0.753036,-0.829857,-0.0465635,-0.0822459,-0.101395,-0.10783,-0.110236,0.00626006,0.0112424,0.0146225,0.016371,0.0171079
62.54,-0.30288287999999997,-1530290.0,-0.0135178,-0.143946,-0.362352,-0.540369,-0.614592,-0.0489257,-0.0878169,-0.111214,-0.120764,-0.124681,0.00530517,0.00954177,0.0124964,0.0140851,0.0147587
62.56,-0.39798410999999995,-1259020.0,0.12989,0.0792494,-0.103609,-0.290722,-0.362008,-0.0477619,-0.0884638,-0.115873,-0.129075,-0.134447,0.00433829,0.00777896,0.0102256,0.0115867,0.0121674
62.58,-0.48630641999999996,-1001560.0,0.103018,0.166743,0.0558971,-0.0997875,-0.171933,-0.0454329,-0.0860039,-0.11635,-0.13298,-0.139786,0.00340635,0.00603428,0.00790333,0.00896613,0.00942511
62.6,-0.46919081999999995,-746089.0,-0.00159495,0.146781,0.124545,0.0356768,-0.0250405,-0.0444186,-0.0828687,-0.114546,-0.133621,-0.141756,0.00250783,0.00434556,0.00559436,0.00630011,0.00660969
62.620000000000005,-0.36463011,-481414.0,-0.0413994,0.083421,0.161074,0.164206,0.14194,-0.0448486,-0.0805666,-0.11169,-0.131623,-0.140587,0.00161516,0.00271121,0.003332,0.00364767,0.00378627
62.64,-0.2448765,-215502.0,0.0573524,0.0834394,0.259883,0.363453,0.402426,-0.0446891,-0.078898,-0.10748,-0.126346,-0.135143,0.000719782,0.00111656,0.0011403,0.00106799,0.00102897
62.660000000000004,-0.21100127999999999,33485.2,0.161966,0.152028,0.385652,0.576897,0.676907,-0.0424959,-0.0765434,-0.101025,-0.116943,-0.12435,-0.000152067,-0.000437855,-0.000944749,-0.0013649,-0.00156596
62.68,-0.22424444999999998,258523.0,0.19066,0.284135,0.501327,0.747562,0.88203,-0.0389696,-0.0721817,-0.0921551,-0.103698,-0.10876,-0.000966722,-0.00192511,-0.00287655,-0.0035713,-0.00389707
62.7,-0.23914308,466665.0,0.169679,0.418117,0.577033,0.827963,0.958609,-0.0353662,-0.0651592,-0.0813715,-0.0879427,-0.0903541,-0.00171008,-0.00329851,-0.00461181,-0.00548771,-0.00588821
62.72,-0.21548214,663338.0,0.181479,0.494799,0.631177,0.824997,0.920909,-0.0318546,-0.05603,-0.0692894,-0.0714131,-0.0715589,-0.00238229,-0.00451041,-0.00611842,-0.00708127,-0.00750734
62.74,-0.16111409999999998,845095.0,0.178248,0.438561,0.620682,0.708083,0.752315,-0.0282574,-0.0466964,-0.0567708,-0.0560823,-0.0548267,-0.00298341,-0.00553767,-0.00737903,-0.00835622,-0.0087712
62.76,-0.033217370999999996,1006150.0,0.193,0.368856,0.602834,0.58335,0.569776,-0.0245449,-0.0386223,-0.0445357,-0.043168,-0.0416058,-0.00351143,-0.00639086,-0.00839209,-0.00934872,-0.00973553
62.78,0.08634963,1138650.0,0.295037,0.435261,0.636656,0.567838,0.506405,-0.0196645,-0.0305811,-0.0321408,-0.0316561,-0.030844,-0.00395353,-0.00708289,-0.00915885,-0.010097,-0.01046
62.800000000000004,0.09976212,1232050.0,0.380775,0.549117,0.622021,0.575311,0.504056,-0.0129064,-0.0207373,-0.019554,-0.0202246,-0.0207394,-0.00427924,-0.00759608,-0.0096758,-0.0106158,-0.0109759
62.82,0.09237018,1282590.0,0.379819,0.604593,0.540914,0.541699,0.514981,-0.00530047,-0.00920024,-0.00792464,-0.00905449,-0.010549,-0.0044613,-0.00789545,-0.00995059,-0.0109086,-0.0112887
62.84,0.11574348,1292370.0,0.368883,0.618937,0.51245,0.531068,0.572936,0.00218655,0.00303506,0.002609,0.00167318,0.000330162,-0.00449244,-0.0079571,-0.0100037,-0.0109824,-0.0113909
62.86,0.10630848,1260590.0,0.338004,0.553085,0.523118,0.525957,0.595599,0.00925542,0.0147553,0.0129647,0.0122434,0.0120155,-0.00437802,-0.0077792,-0.00984801,-0.0108432,-0.0112675
62.88,0.10289046,1193540.0,0.165412,0.319158,0.424644,0.420573,0.445996,0.0142896,0.0234777,0.0224423,0.0217087,0.0224315,-0.00414257,-0.00739687,-0.00949394,-0.0105037,-0.010923
62.9,0.22795520999999996,1109560.0,0.0343914,0.135338,0.347922,0.376027,0.334754,0.0162876,0.0280227,0.0301679,0.0296747,0.030239,-0.0038368,-0.00688187,-0.00896784,-0.00998985,-0.0103963
62.92,0.30206637,1013060.0,0.135596,0.195954,0.433935,0.517308,0.471057,0.0179875,0.0313356,0.0379865,0.0386081,0.0382971,-0.00349405,-0.00628829,-0.00828629,-0.00930702,-0.00971094
62.940000000000005,0.1564986,891776.0,0.187527,0.254294,0.437488,0.564018,0.596303,0.0212187,0.0358381,0.0467008,0.0494213,0.0489707,-0.00310199,-0.00561655,-0.00743942,-0.00842673,-0.00883826
62.96,0.048104985,756604.0,-0.0324978,0.106461,0.198883,0.341169,0.463875,0.022769,0.0394456,0.0530645,0.0584732,0.0595725,-0.00266211,-0.00486371,-0.00644177,-0.00734779,-0.00775283
62.980000000000004,0.17161908,641303.0,-0.215795,-0.0608035,-0.0354685,0.0981904,0.235259,0.0202861,0.0399022,0.0546986,0.0628668,0.0665638,-0.00223156,-0.00407023,-0.00536414,-0.00613439,-0.00649146
63.0,0.31068996,549805.0,-0.0570478,-0.0622523,-0.0464042,0.0515996,0.116192,0.0175576,0.0386716,0.0538799,0.0643647,0.0700783,-0.00185312,-0.0032845,-0.00427835,-0.00486207,-0.00512504
63.02,0.25531518,448083.0,0.189838,-0.00500784,0.0284569,0.0578767,0.0310178,0.0188855,0.037999,0.0537004,0.0654595,0.0715504,-0.00148869,-0.00251779,-0.00320255,-0.00356383,-0.00370876
63.04,0.13142648999999998,316257.0,0.184948,0.028605,0.0320781,-0.0245118,-0.0959233,0.0226334,0.038235,0.0543058,0.0657931,0.0709013,-0.0010735,-0.00175545,-0.00212249,-0.0022513,-0.00228424
63.06,0.07347161999999999,170183.0,0.0186257,0.0879149,-0.0119082,-0.136233,-0.201451,0.0246691,0.0394002,0.0545075,0.0641857,0.0679276,-0.000600478,-0.000979096,-0.00103435,-0.000951516,-0.000895949
63.08,0.043176345,29185.1,-0.044753,0.141982,-0.0519894,-0.204509,-0.252034,0.0244079,0.0416992,0.0538685,0.0607782,0.0633928,-0.000109708,-0.000168102,4.94064e-05,0.000298123,0.000417255
63.1,-0.00044961344999999996,-110113.0,0.0830481,0.168364,-0.00321411,-0.153672,-0.200486,0.0247908,0.0448026,0.0533165,0.0571964,0.0588676,0.000382279,0.000696916,0.00112126,0.00147787,0.00163986
63.120000000000005,-0.11641463999999999,-261949.0,0.120065,0.0683335,0.0263202,-0.102242,-0.160614,0.0268219,0.0471696,0.0535475,0.0546373,0.0552566,0.000898407,0.00161664,0.0021899,0.00259621,0.0027811
63.14,-0.18994389,-421589.0,-0.0932946,-0.172505,-0.10569,-0.178798,-0.237873,0.0270897,0.0461279,0.0527538,0.0518269,0.0512717,0.00143752,0.00254961,0.00325291,0.00366085,0.00384638
63.160000000000004,-0.1074468,-562592.0,-0.299659,-0.376236,-0.312292,-0.287204,-0.314593,0.0231601,0.0406405,0.048574,0.0471668,0.045747,0.00194002,0.0034173,0.00426619,0.00465078,0.00481657
63.18,0.011801349,-671848.0,-0.227866,-0.373546,-0.378233,-0.250481,-0.209964,0.0178849,0.0331427,0.0416688,0.04179,0.0405015,0.00235047,0.00415513,0.00516861,0.00554035,0.00567905
63.2,-0.037264068,-766051.0,-0.0742616,-0.288728,-0.331596,-0.162628,-0.0485753,0.0148636,0.0265199,0.0345705,0.0376589,0.0379161,0.00267795,0.00475175,0.00593101,0.00633484,0.00646323
63.22,-0.17517021,-856829.0,-0.136838,-0.301645,-0.335712,-0.210608,-0.0761495,0.0127526,0.0206162,0.0278974,0.0339265,0.0366688,0.00295412,0.00522312,0.00655569,0.0070507,0.00720908
63.24,-0.19979861999999998,-921745.0,-0.358483,-0.414377,-0.444028,-0.405859,-0.339506,0.00779937,0.013456,0.0201,0.0277619,0.0325123,0.00315964,0.00556384,0.00703566,0.00766758,0.00790089
63.26,-0.07106748,-936127.0,-0.34195,-0.402169,-0.450718,-0.492179,-0.54227,0.000795043,0.00529049,0.0111525,0.0187815,0.0236945,0.00324558,0.0057513,0.00734818,0.00813301,0.00846296
63.28,-0.03774204,-910998.0,-0.203297,-0.395574,-0.460653,-0.56705,-0.691514,-0.00465743,-0.00268694,0.00203881,0.00818919,0.0113567,0.00320696,0.00577734,0.0074801,0.00840272,0.00881347
63.300000000000004,-0.017938995,-871271.0,-0.12912,-0.403099,-0.489269,-0.654317,-0.764519,-0.00798159,-0.0106737,-0.00746041,-0.00402449,-0.00320366,0.00308057,0.00564373,0.00742588,0.00844437,0.008895
63.32,0.010533948,-821576.0,-0.159404,-0.365081,-0.523342,-0.717466,-0.770976,-0.0108668,-0.0183555,-0.0175865,-0.0177423,-0.0185586,0.00289208,0.00535344,0.00717541,0.0082267,0.00867738
63.34,0.043281558,-751014.0,-0.179216,-0.282129,-0.554349,-0.717246,-0.745638,-0.014253,-0.0248276,-0.0283634,-0.0320894,-0.0337247,0.00264088,0.00492161,0.00671591,0.00772838,0.00815454
63.36,0.0753474,-655156.0,-0.130786,-0.235206,-0.564221,-0.65986,-0.703951,-0.0173531,-0.0300009,-0.0395491,-0.0458605,-0.0482206,0.00232482,0.00437332,0.00603679,0.00694888,0.00733509
63.38,0.10705358999999999,-547092.0,-0.00358657,-0.182395,-0.433465,-0.49279,-0.544051,-0.0186968,-0.0341769,-0.049526,-0.057387,-0.0607007,0.00196432,0.00373154,0.00514604,0.00591641,0.00624588
63.4,0.049082808,-445632.0,0.0294192,-0.15869,-0.248163,-0.322998,-0.350676,-0.0184385,-0.0375878,-0.0563423,-0.0655449,-0.0696479,0.00159297,0.0030139,0.00408735,0.00468709,0.00494239
63.42,-0.009370892999999998,-348256.0,-0.11702,-0.195576,-0.161942,-0.244493,-0.252696,-0.0193145,-0.0411304,-0.0604433,-0.0712198,-0.0756816,0.00121544,0.00222672,0.0029195,0.00331944,0.0034891
63.440000000000005,0.043187054999999995,-228149.0,-0.292603,-0.250423,-0.180564,-0.205249,-0.222061,-0.0234107,-0.0455904,-0.0638684,-0.0757172,-0.0804292,0.00078819,0.00135951,0.00167638,0.00185007,0.00192799
63.46,0.16489983,-67408.9,-0.295146,-0.26203,-0.186307,-0.115496,-0.132321,-0.0292882,-0.050715,-0.0675371,-0.0789247,-0.083973,0.000261201,0.000396452,0.000362327,0.000303655,0.000283964
63.480000000000004,0.23552258999999998,122684.0,-0.153917,-0.242777,-0.141685,-0.0133851,0.0191893,-0.0337788,-0.055763,-0.070817,-0.0802135,-0.0851044,-0.000369469,-0.000668328,-0.00102121,-0.00128773,-0.00140681
63.5,0.25295694,320077.0,0.00762127,-0.147823,-0.0383623,0.0869373,0.186333,-0.0352418,-0.0596691,-0.0726175,-0.0794779,-0.0830491,-0.00105968,-0.00182265,-0.00245556,-0.00288464,-0.00308835
63.52,0.23017727999999998,514521.0,0.0728349,0.00584361,0.0514725,0.155838,0.265138,-0.0344372,-0.0610888,-0.0724864,-0.0770502,-0.0785344,-0.00175647,-0.00303023,-0.0039066,-0.00444992,-0.00470418
63.54,0.22725957,705702.0,0.101136,0.185166,0.128715,0.215558,0.262505,-0.0326975,-0.0591788,-0.0706845,-0.0733362,-0.073258,-0.00242781,-0.0042329,-0.00533831,-0.00595379,-0.00622211
63.56,0.23402879999999998,887922.0,0.177061,0.337412,0.244771,0.278848,0.255401,-0.0299155,-0.053953,-0.0669496,-0.0683922,-0.068079,-0.00305394,-0.00536422,-0.00671465,-0.00737107,-0.00763547
63.58,0.21880835999999998,1043460.0,0.339488,0.505725,0.488762,0.413347,0.363569,-0.02475,-0.0455216,-0.0596143,-0.0614702,-0.0618893,-0.0036006,-0.00635897,-0.00798029,-0.00866969,-0.00893516
63.6,0.10844333999999999,1155510.0,0.393266,0.59934,0.697302,0.523252,0.46819,-0.0174225,-0.034471,-0.0477537,-0.0521042,-0.0535717,-0.00402233,-0.00715889,-0.00905397,-0.00980544,-0.0100898
63.620000000000005,0.03512115,1224880.0,0.342707,0.645351,0.798378,0.634417,0.557496,-0.0100628,-0.0220241,-0.0327969,-0.0405276,-0.0433148,-0.00429718,-0.00772384,-0.00985947,-0.0107318,-0.0110586
63.64,0.010139259,1261080.0,0.318995,0.677838,0.819321,0.782491,0.6976,-0.00344576,-0.00879217,-0.0166199,-0.0263585,-0.0307638,-0.00443226,-0.00803201,-0.0103536,-0.0114006,-0.0117994
63.660000000000004,-0.020121489,1266720.0,0.278122,0.585251,0.723486,0.836787,0.82055,0.00252542,0.00383871,-0.00119181,-0.0101657,-0.0155823,-0.00444147,-0.00808154,-0.0105318,-0.0117659,-0.0122629
63.68,0.017233665,1245600.0,0.146627,0.340812,0.528154,0.730617,0.844837,0.00677291,0.0130993,0.0113246,0.00550834,0.00107153,-0.00434848,-0.00791216,-0.0104304,-0.0118124,-0.012408
63.7,0.15865793999999997,1206500.0,0.0929962,0.186008,0.432477,0.669139,0.870622,0.00916914,0.0183675,0.0209309,0.0195059,0.0182261,-0.00418906,-0.00759749,-0.0101079,-0.0115623,-0.012215
63.72,0.21861813,1147070.0,0.200183,0.240921,0.491407,0.749606,0.921717,0.0121009,0.0226368,0.0301697,0.0336934,0.0361495,-0.00397636,-0.00718745,-0.00959687,-0.0110303,-0.0116713
63.74,0.11875757999999999,1056230.0,0.272447,0.345699,0.538248,0.793472,0.869264,0.0168272,0.028503,0.0404663,0.0491241,0.0540593,-0.00368708,-0.00667605,-0.00889051,-0.0102021,-0.0107692
63.76,0.013158102,937204.0,0.186988,0.375657,0.496954,0.672568,0.688569,0.0214216,0.0357166,0.0508183,0.0637845,0.0696377,-0.00330459,-0.00603385,-0.00797766,-0.00907304,-0.0095322
63.78,-0.005680431,805518.0,0.0924243,0.371473,0.451682,0.472834,0.488305,0.0242157,0.0431879,0.0603047,0.0752386,0.0814064,-0.00284822,-0.00524481,-0.00686643,-0.00768281,-0.00802176
63.800000000000004,-0.008200137,664960.0,0.137604,0.375671,0.445823,0.322772,0.325932,0.026516,0.0506593,0.0692797,0.0831946,0.0895488,-0.0023409,-0.00430633,-0.00557059,-0.00609847,-0.0063122
63.82,-0.055308989999999995,502834.0,0.261,0.38083,0.439969,0.26758,0.201942,0.030502,0.0582243,0.0781376,0.0890981,0.0948275,-0.00177072,-0.0032175,-0.00409642,-0.00437555,-0.00446844
63.84,-0.14072226,307779.0,0.293697,0.35494,0.37025,0.242799,0.111259,0.036049,0.065582,0.0862398,0.0942019,0.0979595,-0.00110521,-0.00197943,-0.00245264,-0.00254254,-0.00254057
63.86,-0.21335952,84568.6,0.154942,0.233452,0.174771,0.120153,0.0138941,0.0405354,0.071466,0.09169,0.0978315,0.099211,-0.000339369,-0.000608955,-0.000673343,-0.000622211,-0.000568866
63.88,-0.19118522999999998,-148252.0,-0.0302785,0.0313062,-0.084396,-0.0886306,-0.0840902,0.041782,0.0741135,0.0925938,0.0981467,0.0985091,0.000483805,0.00084684,0.0011695,0.00133757,0.00140834
63.9,-0.10100703,-373028.0,-0.164851,-0.217892,-0.322139,-0.297741,-0.199805,0.0398307,0.0722477,0.0885284,0.094283,0.0956701,0.00129993,0.00231045,0.00298072,0.00326187,0.00335013
63.92,-0.0007033715999999999,-582512.0,-0.225019,-0.428053,-0.458895,-0.410985,-0.318785,0.035932,0.0657882,0.0807181,0.0871957,0.0904842,0.00205756,0.00369081,0.00467318,0.00507665,0.00521167
63.940000000000005,0.037475615999999996,-774612.0,-0.264333,-0.551436,-0.519936,-0.457599,-0.443252,0.0310385,0.0559933,0.0709298,0.0785099,0.0828638,0.00272727,0.00490863,0.00618966,0.00673371,0.00694515
63.96,0.025568135999999998,-942766.0,-0.285196,-0.553969,-0.540479,-0.489791,-0.533132,0.0255432,0.0449393,0.0603256,0.069036,0.0731,0.00329308,0.00591795,0.00750221,0.00820917,0.00850479
63.980000000000004,-0.023582195999999996,-1075630.0,-0.328997,-0.525302,-0.603685,-0.595999,-0.627736,0.0194013,0.0341466,0.048884,0.0581781,0.0614913,0.00374253,0.00670881,0.00859431,0.00948131,0.0098507
64.0,-0.036482288999999994,-1165460.0,-0.344122,-0.496912,-0.669834,-0.724935,-0.714536,0.0126701,0.0239244,0.0361488,0.0449687,0.0480686,0.00406324,0.00728952,0.00944464,0.0105128,0.0109463
64.02,-0.037076030999999995,-1215040.0,-0.305474,-0.485178,-0.697134,-0.816249,-0.804247,0.00617414,0.0141035,0.0224791,0.0295569,0.0328808,0.00425168,0.0076698,0.0100309,0.011258,0.0117558
64.04,-0.041639817,-1231320.0,-0.278056,-0.519435,-0.722108,-0.887526,-0.936041,0.00033884,0.00405741,0.00828669,0.0125191,0.0154779,0.00431681,0.00785141,0.0103386,0.0116788,0.0122394
64.06,-0.008028266999999999,-1214180.0,-0.295479,-0.57724,-0.77038,-0.950676,-1.07202,-0.00539651,-0.00690934,-0.0066382,-0.00586289,-0.00460274,0.00426624,0.00782289,0.0103551,0.0117454,0.0123481
64.08,0.06756684,-1158780.0,-0.334216,-0.631152,-0.843137,-1.00806,-1.14589,-0.0116935,-0.0189933,-0.0227734,-0.0254502,-0.0267819,0.00409534,0.00756387,0.0100609,0.0114322,0.0120343
64.1,0.16369011,-1066090.0,-0.31291,-0.623259,-0.866533,-1.0024,-1.08325,-0.0181647,-0.0315374,-0.0398701,-0.0455549,-0.0490733,0.00379676,0.00705856,0.00943451,0.0107222,0.0112757
64.12,0.21129453,-943186.0,-0.277769,-0.584435,-0.837866,-0.94635,-0.94938,-0.0240715,-0.0436143,-0.0569141,-0.0650424,-0.0693996,0.00337439,0.00630704,0.00846667,0.0096162,0.010091
64.14,0.23498913,-791546.0,-0.297079,-0.555596,-0.782147,-0.865295,-0.838771,-0.02982,-0.0550146,-0.0731142,-0.0831589,-0.0872811,0.00283548,0.00532075,0.00716639,0.00813419,0.0085242
64.16,0.27949122,-604054.0,-0.322404,-0.520371,-0.689843,-0.744653,-0.751499,-0.0360148,-0.0657743,-0.0878341,-0.0992583,-0.103184,0.00217713,0.00411286,0.0055569,0.00631001,0.00661955
64.18,0.32897804999999997,-382408.0,-0.17996,-0.353851,-0.45153,-0.481391,-0.532993,-0.0410385,-0.0745165,-0.0992478,-0.111519,-0.116029,0.0014066,0.00270996,0.00368608,0.00420224,0.00442743
64.2,0.25189460999999996,-147507.0,0.0265371,-0.117757,-0.147351,-0.167631,-0.218833,-0.0425727,-0.0792326,-0.105237,-0.118009,-0.123547,0.000570486,0.00117246,0.00164124,0.00190697,0.00203167
64.22,0.11071386,84156.9,0.030912,0.00610461,0.0225385,0.00119262,-0.00577451,-0.0419982,-0.0803491,-0.106485,-0.119673,-0.125793,-0.000275223,-0.000423352,-0.000475973,-0.000469858,-0.000461731
64.24,0.09939746999999999,318279.0,-0.0267737,0.115619,0.155674,0.145341,0.176501,-0.0419568,-0.0791319,-0.104703,-0.118208,-0.124086,-0.00111477,-0.00201816,-0.00258785,-0.00284867,-0.00296052
64.26,0.11794209,559447.0,0.0453076,0.25803,0.327026,0.352358,0.382413,-0.0417715,-0.0753954,-0.0998756,-0.113231,-0.118497,-0.00195206,-0.00356344,-0.00463363,-0.00516306,-0.00538634
64.28,0.08789237999999999,792523.0,0.222457,0.385487,0.512414,0.582473,0.592945,-0.0390938,-0.0689602,-0.0914812,-0.103883,-0.108743,-0.00276071,-0.00500699,-0.0065472,-0.0073342,-0.00765874
64.3,0.030903551999999997,1000410.0,0.273224,0.402463,0.59366,0.694278,0.707384,-0.034137,-0.0610807,-0.0804205,-0.0911152,-0.0957398,-0.00349302,-0.0063074,-0.00826622,-0.00928418,-0.00970357
64.32000000000001,0.06183138,1177910.0,0.299302,0.488354,0.699989,0.815143,0.859999,-0.0284118,-0.0521726,-0.067484,-0.076021,-0.080066,-0.00411851,-0.00743994,-0.00974526,-0.0109555,-0.0114616
64.34,0.043578174,1319900.0,0.359854,0.636573,0.816337,0.943073,1.01817,-0.0218202,-0.0409233,-0.0523207,-0.0584389,-0.0612843,-0.00462083,-0.00837089,-0.0109433,-0.0123001,-0.0128751
64.36,-0.013904996999999999,1421600.0,0.348102,0.674892,0.824441,0.958428,1.03586,-0.0147407,-0.0278087,-0.035913,-0.0394239,-0.040744,-0.00498644,-0.00905821,-0.0118256,-0.0132788,-0.0138954
64.38,0.017237897999999998,1494430.0,0.168212,0.49564,0.66656,0.786167,0.842066,-0.00957752,-0.0161033,-0.0210029,-0.0219779,-0.0219647,-0.00522962,-0.00949733,-0.0123948,-0.0138928,-0.0145225
64.4,0.21143325,1556610.0,0.0587577,0.306286,0.529995,0.612822,0.642203,-0.00730782,-0.00808408,-0.0090374,-0.00798802,-0.00712199,-0.00539847,-0.00973921,-0.0126952,-0.0141924,-0.0148134
64.42,0.38047376999999993,1604330.0,0.202703,0.298785,0.535942,0.588711,0.598333,-0.00469321,-0.00203337,0.00162197,0.0040273,0.00528337,-0.00551848,-0.00984038,-0.0127694,-0.0142321,-0.0148318
64.44,0.37773506999999995,1614290.0,0.382933,0.396926,0.56162,0.615361,0.618125,0.00116314,0.00492374,0.0125976,0.016068,0.0174479,-0.00555378,-0.00981148,-0.0126272,-0.0140311,-0.0146044
64.46000000000001,0.30485607,1575300.0,0.395858,0.510475,0.54237,0.610738,0.625664,0.00895105,0.0139978,0.0236375,0.028329,0.0298858,-0.00545264,-0.00962226,-0.0122648,-0.0135871,-0.0141311
64.48,0.24087860999999997,1498030.0,0.265957,0.548443,0.47227,0.526582,0.565022,0.0155692,0.0245869,0.0337839,0.0397022,0.0417927,-0.00520744,-0.00923642,-0.0116906,-0.0129068,-0.0134143
64.5,0.23507022,1394730.0,0.240291,0.553069,0.477121,0.474559,0.516869,0.0206317,0.035602,0.0432778,0.0497136,0.0526116,-0.00484543,-0.00863453,-0.01092,-0.0120127,-0.0124703
64.52,0.19322981999999997,1266040.0,0.226084,0.418851,0.458242,0.392724,0.39326,0.0252954,0.0453212,0.0526314,0.0583864,0.0617129,-0.00438616,-0.0078253,-0.00996089,-0.0109317,-0.011327
64.54,0.20242919999999998,1115760.0,0.0706364,0.140628,0.316805,0.235528,0.170313,0.0282626,0.050916,0.0603819,0.064669,0.0673486,-0.00385058,-0.00686292,-0.00883076,-0.00970111,-0.0100364
64.56,0.31545744,958365.0,-0.0664366,-0.0574923,0.157622,0.127482,0.0371536,0.0283046,0.0517474,0.0651262,0.0682991,0.0694233,-0.00328491,-0.00583629,-0.00757568,-0.00837143,-0.0086687
64.58,0.38485517999999996,800944.0,-0.0209283,-0.0541955,0.0690919,0.127404,0.0962998,0.027431,0.0506305,0.0673933,0.0708479,0.0707578,-0.00272755,-0.00481251,-0.00625048,-0.00697996,-0.00726689
64.6,0.31914575999999995,638101.0,0.0647175,0.0115663,-0.00914451,0.121034,0.200511,0.0278689,0.0502042,0.0679928,0.0733323,0.0737259,-0.00217455,-0.00380416,-0.00489662,-0.00553815,-0.00582205
64.62,0.2220591,472852.0,-0.0516729,-0.0740047,-0.186107,-0.0418595,0.109998,0.0279993,0.0495798,0.0660403,0.074124,0.076831,-0.00161587,-0.00280632,-0.00355629,-0.00406359,-0.00431648
64.64,0.26286624,318715.0,-0.117941,-0.125689,-0.235086,-0.141664,-0.0205998,0.0263032,0.0475829,0.0618283,0.0722888,0.077725,-0.00107285,-0.00183469,-0.00227761,-0.00259946,-0.00277092
64.66,0.24647687999999998,175130.0,-0.0373072,-0.111043,-0.1562,-0.154049,-0.146836,0.0247507,0.0452156,0.0579155,0.0693317,0.0760506,-0.000562308,-0.000906709,-0.00108017,-0.00118326,-0.00123316
64.68,0.15451316999999998,35075.9,-0.0861656,-0.224111,-0.20893,-0.300081,-0.404033,0.0235159,0.041864,0.0542642,0.0647904,0.0705419,-7.96414e-05,-3.59132e-05,4.16283e-05,0.000157965,0.000232762
64.7,0.19891427999999997,-89211.1,-0.256887,-0.373191,-0.357602,-0.509556,-0.647939,0.0200854,0.035891,0.0485988,0.056694,0.0600222,0.000356372,0.000741637,0.00107026,0.00137281,0.0015384
64.72,0.30509729999999996,-185461.0,-0.234026,-0.32102,-0.377869,-0.538836,-0.631665,0.0151763,0.0289489,0.0412441,0.0462101,0.0472262,0.000708989,0.00139004,0.00196869,0.00240185,0.00261089
64.74,0.24138351,-265983.0,-0.0528473,-0.17635,-0.33592,-0.457275,-0.480859,0.0123076,0.0239752,0.0341062,0.036249,0.0361009,0.000983828,0.00191928,0.00272219,0.00322644,0.00344416
64.76,0.09798833999999998,-342865.0,-0.0242309,-0.170402,-0.397155,-0.457276,-0.44305,0.0115368,0.0205077,0.0267755,0.0271035,0.0268619,0.00122227,0.00236411,0.00333101,0.00385997,0.00407379
64.78,0.07794482999999999,-406219.0,-0.144036,-0.255174,-0.476054,-0.49092,-0.480067,0.00985411,0.016252,0.0180434,0.0176215,0.0176307,0.00143618,0.0027317,0.0037792,0.00430722,0.00451871
64.8,0.12276311999999999,-446348.0,-0.204019,-0.324943,-0.475432,-0.483373,-0.491525,0.00637355,0.0104508,0.00852855,0.00787859,0.00791476,0.00159846,0.00299873,0.00404492,0.00456222,0.00477417
64.82000000000001,0.13702425,-466732.0,-0.214982,-0.420182,-0.473809,-0.503196,-0.523438,0.00218354,0.00299954,-0.000963856,-0.00198709,-0.00223487,0.00168403,0.00313324,0.00412057,0.00462113,0.00483097
64.84,0.17924205,-468114.0,-0.230316,-0.465,-0.445706,-0.493184,-0.516657,-0.00226943,-0.00585227,-0.010159,-0.0119509,-0.0126358,0.00168317,0.00310471,0.00400934,0.00448175,0.00468226
64.86,0.19658817,-444210.0,-0.271461,-0.425563,-0.39885,-0.437442,-0.460001,-0.00728721,-0.0147579,-0.0186046,-0.0212572,-0.0224024,0.0015876,0.00289861,0.0037217,0.00414967,0.00433188
64.88,0.17818532999999998,-391778.0,-0.229972,-0.301913,-0.330768,-0.338991,-0.353195,-0.0123015,-0.0220326,-0.0259007,-0.0290215,-0.0305344,0.00139172,0.0025307,0.00327665,0.00364689,0.00380251
64.9,0.12226433999999999,-314052.0,-0.119128,-0.1814,-0.274495,-0.258588,-0.253439,-0.0157925,-0.0268658,-0.0319534,-0.0349973,-0.0366007,0.00111077,0.00204172,0.00269811,0.0030067,0.00313116
64.92,0.08045556,-217767.0,-0.0488657,-0.124825,-0.235372,-0.224203,-0.200265,-0.0174725,-0.029928,-0.037052,-0.0398252,-0.0411378,0.000778124,0.00147378,0.00200805,0.00225847,0.00235377
64.94,0.08027756999999999,-110134.0,-0.065411,-0.136704,-0.215523,-0.234193,-0.21376,-0.0186152,-0.0325433,-0.041561,-0.0444091,-0.045278,0.000417247,0.000849066,0.00122192,0.00141613,0.00148961
64.96000000000001,0.13109753999999998,864.688,-0.00974915,-0.0735564,-0.111398,-0.160368,-0.172283,-0.0193668,-0.0346459,-0.0448302,-0.0483548,-0.0491384,3.74261e-05,0.000177173,0.00035801,0.000488491,0.00054545
64.98,0.11482038,105958.0,0.0854061,0.0460985,0.0292032,-0.0304147,-0.0799207,-0.0186103,-0.0349205,-0.0456521,-0.0502626,-0.0516605,-0.000342345,-0.000518491,-0.000546814,-0.000497682,-0.000462539
65.0,0.05637591,199450.0,0.128677,0.168247,0.157583,0.10655,0.0488966,-0.0164695,-0.0327771,-0.0437843,-0.0495012,-0.0519707,-0.000693142,-0.00119547,-0.00144118,-0.00149532,-0.00149885
65.02,-0.006903665999999999,280999.0,0.118137,0.257008,0.258967,0.225169,0.198149,-0.0140013,-0.0285245,-0.0396188,-0.046184,-0.0495003,-0.00099785,-0.00180848,-0.00227521,-0.00245217,-0.00251356
65.04,-0.055912319999999995,351174.0,0.12053,0.300977,0.336321,0.326677,0.34171,-0.0116146,-0.0229446,-0.0336659,-0.0406656,-0.0441017,-0.00125401,-0.00232317,-0.00300805,-0.00332067,-0.00344958
65.06,-0.08585085,407003.0,0.187673,0.345079,0.434299,0.46277,0.497733,-0.0085326,-0.0164841,-0.0259597,-0.0327711,-0.0357072,-0.00145548,-0.00271746,-0.00360431,-0.00405504,-0.00424767
65.08,-0.14222828999999998,445635.0,0.144127,0.274195,0.421125,0.50024,0.530916,-0.0052146,-0.0102913,-0.0174055,-0.023141,-0.0254208,-0.00159295,-0.00298522,-0.00403796,-0.00461416,-0.00485895
65.1,-0.10088208,471930.0,0.0579931,0.177217,0.359518,0.484624,0.514552,-0.0031934,-0.00577721,-0.00959903,-0.0132924,-0.0149661,-0.00167703,-0.0031459,-0.00430801,-0.00497849,-0.00526282
65.12,-0.030232086,488558.0,0.106767,0.205124,0.384227,0.531664,0.583253,-0.00154579,-0.00195381,-0.00216158,-0.0031295,-0.00398802,-0.00172443,-0.00322321,-0.00442561,-0.00514271,-0.00545236
65.14,-0.06486077999999999,488174.0,0.172538,0.256117,0.400488,0.541233,0.620559,0.00124726,0.0026586,0.00568557,0.00759948,0.0080501,-0.00172741,-0.00321616,-0.00439037,-0.00509801,-0.00541174
65.16,-0.10354887,468860.0,0.134157,0.250368,0.350053,0.46144,0.541795,0.00431421,0.00772344,0.013191,0.0176262,0.0196736,-0.0016718,-0.00311234,-0.00420161,-0.00484575,-0.0051345
65.18,-0.07834263,436891.0,0.120869,0.281983,0.346314,0.412547,0.456459,0.00686447,0.0130469,0.0201546,0.0263661,0.0296562,-0.00156001,-0.00290464,-0.00386815,-0.00440583,-0.0046412
65.2,-0.09660114,390736.0,0.174292,0.323947,0.371067,0.38198,0.374476,0.00981607,0.0191062,0.0273285,0.0343113,0.0379655,-0.0013932,-0.00258311,-0.00339332,-0.00379906,-0.00396499
65.22,-0.14254908,323209.0,0.204127,0.307992,0.351201,0.308846,0.266006,0.0136003,0.0254256,0.0345511,0.0412196,0.0443703,-0.00115904,-0.00213779,-0.00277453,-0.00304375,-0.00314163
65.24,-0.1527807,233588.0,0.17647,0.268522,0.30422,0.230326,0.180577,0.0174062,0.0311908,0.0411053,0.0466113,0.0488362,-0.000848976,-0.00157162,-0.00201796,-0.00216544,-0.00220956
65.26,-0.15579326999999998,124738.0,0.139248,0.244393,0.256703,0.186978,0.150566,0.0205634,0.0363199,0.0467146,0.0507843,0.0521476,-0.000469279,-0.000896517,-0.00113976,-0.00119148,-0.00119972
65.28,-0.18203939999999996,-530.229,0.0910192,0.179947,0.164465,0.129278,0.113791,0.0228661,0.0405633,0.0509263,0.0539469,0.0547912,-3.49844e-05,-0.000127684,-0.000163353,-0.000144169,-0.000130336
65.3,-0.17909313000000002,-134026.0,0.00708071,0.044981,0.023115,0.0311213,0.0371927,0.0238471,0.0428126,0.0528021,0.0555509,0.056301,0.000432147,0.000706075,0.00087393,0.000950809,0.000980586
65.32000000000001,-0.12690993,-265468.0,-0.0568402,-0.0818976,-0.0816513,-0.0421282,-0.0180991,0.0233495,0.0424435,0.0522167,0.0554408,0.0564919,0.000904113,0.00155864,0.00192412,0.00206073,0.00210852
65.34,-0.10001966999999999,-392406.0,-0.0738923,-0.161869,-0.135575,-0.0819314,-0.0490949,0.0220422,0.0400058,0.0500444,0.0542002,0.05582,0.00135803,0.00238313,0.00294673,0.00315714,0.00323164
65.36,-0.11297723999999999,-514838.0,-0.107359,-0.231141,-0.205345,-0.150803,-0.121285,0.0202296,0.0360757,0.0466352,0.0518729,0.0541162,0.00178075,0.00314394,0.00391353,0.00421787,0.004331
65.38,-0.10544504999999998,-625739.0,-0.148986,-0.257178,-0.26342,-0.22044,-0.202063,0.0176662,0.0311925,0.0419476,0.0481604,0.0508827,0.00215971,0.00381663,0.00479935,0.0052182,0.00538099
65.4,-0.10701942,-715224.0,-0.223404,-0.302495,-0.350639,-0.336623,-0.330316,0.0139423,0.0255958,0.035807,0.0425898,0.0455589,0.00247579,0.00438451,0.0055769,0.0061257,0.0063454
65.42,-0.07070231999999999,-777817.0,-0.238207,-0.337479,-0.414882,-0.446153,-0.452638,0.00932617,0.019196,0.0281518,0.034762,0.0377294,0.00270848,0.00483243,0.00621649,0.00689922,0.00717829
65.44,-0.041420976,-812983.0,-0.233655,-0.398044,-0.491945,-0.569889,-0.595512,0.00460756,0.0118408,0.0190835,0.0246016,0.0272479,0.00284781,0.00514279,0.00668884,0.00749286,0.00782806
65.46000000000001,0.015845241,-824589.0,-0.157289,-0.369432,-0.486508,-0.593594,-0.643668,0.000698118,0.00416604,0.009299,0.0129668,0.0148561,0.00290087,0.00530286,0.00697267,0.00786854,0.0082491
65.48,-0.0023779515,-821611.0,-0.0929976,-0.296238,-0.455586,-0.568774,-0.634781,-0.00180475,-0.00249066,-0.000121946,0.00134313,0.0020716,0.0028898,0.00531962,0.00706444,0.00801164,0.00841838
65.5,-0.043956135,-812842.0,-0.0270083,-0.172841,-0.376195,-0.483857,-0.543922,-0.00300481,-0.00718145,-0.00843976,-0.00918318,-0.00971544,0.00284171,0.0052229,0.00697882,0.00793324,0.00834194
65.52,-0.12506577,-799890.0,-0.0446273,-0.115866,-0.326154,-0.429846,-0.467764,-0.00372116,-0.0100685,-0.0154633,-0.0183202,-0.0198323,0.00277445,0.0050504,0.00673979,0.00765821,0.00804646
65.54,-0.15407405999999998,-777989.0,-0.0832682,-0.105109,-0.259825,-0.359891,-0.381809,-0.00500012,-0.0122783,-0.0213231,-0.0262176,-0.028328,0.00268723,0.00482693,0.00637193,0.00721283,0.00756486
65.56,-0.17012426999999997,-743637.0,-0.114732,-0.141995,-0.193945,-0.276036,-0.301784,-0.00698012,-0.0147493,-0.0258608,-0.0325769,-0.035164,0.00256743,0.00455665,0.00590009,0.00662489,0.00692994
65.58,-0.16752887999999996,-694194.0,-0.177109,-0.246703,-0.198223,-0.236057,-0.271349,-0.00989852,-0.0186363,-0.0297824,-0.0376978,-0.0408953,0.00239865,0.0042228,0.00534366,0.00592214,0.00616934
65.6,-0.0993786,-624513.0,-0.194022,-0.298264,-0.200984,-0.17343,-0.194893,-0.0136098,-0.024086,-0.0337745,-0.0417927,-0.0455577,0.00216356,0.00379557,0.00470809,0.00512723,0.00530481
65.62,-0.05570475,-534599.0,-0.146746,-0.256137,-0.176866,-0.084731,-0.0587055,-0.0170175,-0.02963,-0.037553,-0.0443743,-0.0480937,0.00185729,0.00325841,0.00399481,0.00426557,0.0043683
65.64,-0.06150651,-433113.0,-0.0427993,-0.125362,-0.1041,0.0253444,0.106501,-0.018913,-0.0334449,-0.0403627,-0.0449681,-0.0476158,0.00149798,0.00262767,0.00321566,0.00337214,0.00341121
65.66,-0.11844137999999999,-332623.0,0.102083,0.085747,0.0562278,0.178322,0.279643,-0.0183201,-0.0338411,-0.0408414,-0.0429315,-0.0437543,0.00112565,0.0019548,0.00240361,0.00249314,0.0024975
65.68,-0.24022836,-245154.0,0.202501,0.28772,0.250919,0.320778,0.386306,-0.0152743,-0.0301064,-0.0377699,-0.0379405,-0.0370948,0.000789709,0.00131533,0.0016175,0.00168443,0.00168901
65.7,-0.36205308,-177781.0,0.2323,0.418412,0.425044,0.416582,0.410244,-0.0109263,-0.0230451,-0.0310103,-0.0305669,-0.0291293,0.000527703,0.000783814,0.0009297,0.000999352,0.00102677
65.72,-0.44059971,-131977.0,0.220538,0.463386,0.543597,0.464223,0.394351,-0.00639791,-0.0142271,-0.0213239,-0.0217588,-0.0210834,0.000354461,0.000411091,0.000406359,0.000476095,0.000524644
65.74,-0.47084423999999997,-108662.0,0.224793,0.469442,0.617571,0.510958,0.421258,-0.00194459,-0.00489884,-0.00971218,-0.012007,-0.0129273,0.000271036,0.000219832,9.5998e-05,0.000138437,0.000184537
65.76,-0.49651407,-111545.0,0.242244,0.460776,0.638021,0.568964,0.5093,0.00272578,0.00440333,0.00284373,-0.00120778,-0.00362174,0.000278848,0.000214876,2.73134e-05,6.28894e-06,1.90466e-05
65.78,-0.5273247,-140043.0,0.173568,0.364743,0.522107,0.546114,0.548015,0.00688391,0.0126585,0.014445,0.00994301,0.00695141,0.000374945,0.000385495,0.000200201,9.36412e-05,5.23434e-05
65.8,-0.47506754999999995,-185106.0,0.111014,0.263039,0.374276,0.506874,0.575348,0.00972973,0.0189363,0.0234088,0.0204729,0.018185,0.000541081,0.000701444,0.000578739,0.0003978,0.000303708
65.82000000000001,-0.41786186999999997,-241546.0,0.112169,0.192755,0.270857,0.476759,0.592833,0.0119616,0.0234943,0.0298602,0.0303092,0.0298669,0.000757994,0.00112575,0.00111143,0.000905621,0.000784227
65.84,-0.39897708,-313413.0,0.121953,0.12944,0.207607,0.419212,0.545898,0.0143028,0.0267162,0.0346448,0.0392689,0.0412542,0.00102064,0.00162786,0.00175648,0.0016014,0.00149544
65.86,-0.39176364,-400603.0,0.0483845,0.0399779,0.134072,0.287147,0.380664,0.0160062,0.0284104,0.0380616,0.0463325,0.0505198,0.00132373,0.00217912,0.00248354,0.00245742,0.00241318
65.88,-0.34536486,-493714.0,-0.0158433,0.014014,0.106555,0.167744,0.196782,0.0163316,0.0289503,0.0404679,0.0508814,0.0562943,0.0016471,0.00275273,0.00326884,0.00342956,0.00348132
65.9,-0.33511029,-585734.0,-0.020845,0.0379845,0.0977807,0.0683917,0.0319717,0.0159647,0.0294703,0.0425112,0.0532428,0.0585818,0.00197007,0.00333694,0.00409863,0.0044708,0.00463008
65.92,-0.35643594,-675073.0,-0.0267356,0.0192285,0.0270693,-0.0694224,-0.142413,0.0154889,0.0300424,0.0437597,0.0532325,0.0574774,0.0022846,0.00393206,0.00496134,0.00553555,0.00579067
65.94,-0.33935246999999996,-759823.0,-0.0261987,-0.0179332,-0.0666584,-0.196386,-0.269228,0.0149595,0.0300554,0.0433638,0.0505744,0.053361,0.00258909,0.00453304,0.00583257,0.00657362,0.00689905
65.96000000000001,-0.31949816999999997,-840581.0,-0.00772449,-0.0489373,-0.154018,-0.279551,-0.331809,0.0146203,0.0293867,0.0411571,0.045815,0.0473506,0.00288488,0.00512746,0.00667778,0.00753751,0.00790617
65.98,-0.31620306,-919743.0,-0.0341262,-0.132177,-0.285625,-0.376594,-0.408234,0.0142018,0.0275755,0.0367606,0.0392536,0.0399502,0.00317311,0.00569708,0.00745696,0.0083882,0.00877918
66.0,-0.26584668,-993505.0,-0.105718,-0.252782,-0.427725,-0.475665,-0.493009,0.0128034,0.023726,0.0296271,0.030731,0.0309377,0.00344316,0.0062101,0.00812084,0.00908804,0.00948806
66.02,-0.18675179999999997,-1055550.0,-0.149392,-0.329368,-0.485559,-0.507485,-0.513066,0.0102523,0.0179045,0.0204943,0.0208995,0.020877,0.00367371,0.0066264,0.00862205,0.00960435,0.0100062
66.04,-0.16078157999999998,-1102520.0,-0.214114,-0.412484,-0.52111,-0.542224,-0.539994,0.00661719,0.0104859,0.0104276,0.0104024,0.0103464,0.00384241,0.00691031,0.00893127,0.00991737,0.0103184
66.06,-0.12379586999999999,-1125230.0,-0.327566,-0.526887,-0.589394,-0.620502,-0.62228,0.00120038,0.00109223,-0.000677429,-0.00122488,-0.00127634,0.00392058,0.00702609,0.00902877,0.0100091,0.0104091
66.08,-0.031815329999999996,-1108020.0,-0.401963,-0.598377,-0.640959,-0.674873,-0.691718,-0.00609491,-0.0101604,-0.012981,-0.0141786,-0.0144163,0.00387164,0.00693541,0.00889219,0.00985511,0.0102522
66.1,0.04988809799999999,-1043480.0,-0.398571,-0.618893,-0.673051,-0.701151,-0.728677,-0.0141002,-0.0223331,-0.0261211,-0.0279389,-0.0286203,0.00366969,0.00661047,0.00850117,0.00943393,0.00982185
66.12,0.11123150999999999,-937515.0,-0.305035,-0.566384,-0.65671,-0.68284,-0.703539,-0.0211363,-0.0341859,-0.0394187,-0.0417788,-0.0429424,0.00331732,0.00604528,0.00784577,0.00873675,0.00910622
66.14,0.12870462,-801164.0,-0.201384,-0.462878,-0.604937,-0.641633,-0.646112,-0.0262005,-0.0444785,-0.0520352,-0.0550235,-0.056439,0.00284395,0.00525864,0.00693123,0.00776873,0.0081124
66.16,0.12655854,-639497.0,-0.202327,-0.402603,-0.596372,-0.654044,-0.65539,-0.0302376,-0.0531333,-0.0640482,-0.0679803,-0.069454,0.00227957,0.00428252,0.0057704,0.00653869,0.00685348
66.18,0.19342872,-450202.0,-0.218367,-0.357231,-0.574465,-0.659065,-0.681285,-0.0344446,-0.0607317,-0.0757566,-0.0811114,-0.0828207,0.00163275,0.00314387,0.00437235,0.00504778,0.00533073
66.2,0.27870225,-238429.0,-0.100396,-0.230549,-0.419463,-0.534378,-0.588616,-0.0376322,-0.0666095,-0.0856959,-0.0930458,-0.0955197,0.000911983,0.00187046,0.00275783,0.00330621,0.00354732
66.22,0.2613444,-16473.6,-0.0820993,-0.215558,-0.335617,-0.474276,-0.54979,-0.0394571,-0.0710705,-0.0932467,-0.103132,-0.106904,0.00014109,0.00049366,0.0009684,0.00134442,0.00152309
66.24,0.33431468999999997,220491.0,-0.230349,-0.329579,-0.384794,-0.519271,-0.593938,-0.0425816,-0.0765219,-0.100451,-0.113068,-0.118341,-0.000679297,-0.000982265,-0.000968575,-0.000817577,-0.00072936
66.26,0.5400339,489045.0,-0.286882,-0.366265,-0.395043,-0.482438,-0.534939,-0.0477539,-0.0834803,-0.108249,-0.123085,-0.12963,-0.00158265,-0.00258229,-0.00305558,-0.0031791,-0.00320907
66.28,0.6895301999999999,784139.0,-0.110595,-0.236614,-0.269921,-0.280769,-0.294363,-0.0517287,-0.0895091,-0.114899,-0.130717,-0.137923,-0.00257748,-0.00431218,-0.00528706,-0.00571712,-0.0058846
66.3,0.6866691,1082390.0,0.0429093,-0.109373,-0.150328,-0.0921207,-0.0592605,-0.0524056,-0.092969,-0.119101,-0.134446,-0.141459,-0.00361882,-0.00613696,-0.00762706,-0.00836875,-0.00867842
66.32000000000001,0.6920699999999999,1375490.0,0.0259346,-0.0334928,-0.0718682,0.0177157,0.0846418,-0.0517171,-0.0943976,-0.121323,-0.13519,-0.141205,-0.00466005,-0.00801063,-0.0100313,-0.0110651,-0.0115051
66.34,0.7629803999999999,1671750.0,-0.0111828,0.0655232,0.0445711,0.124888,0.191628,-0.0515696,-0.0940773,-0.121596,-0.133764,-0.138443,-0.00569291,-0.00989538,-0.0124605,-0.0137546,-0.0143015
66.36,0.8253381,1968730.0,0.107319,0.232679,0.259006,0.305229,0.335951,-0.0506082,-0.0910953,-0.11856,-0.129463,-0.133167,-0.00671469,-0.0117471,-0.0148621,-0.0163869,-0.0170176
66.38,0.8066108999999999,2248880.0,0.237804,0.357644,0.464239,0.470088,0.454916,-0.047157,-0.0851921,-0.111328,-0.12171,-0.125258,-0.00769235,-0.01351,-0.017161,-0.0188986,-0.0196019
66.4,0.7939425,2498010.0,0.316056,0.495574,0.675486,0.654674,0.615672,-0.0416184,-0.0766599,-0.0999308,-0.110462,-0.114552,-0.0085801,-0.0151285,-0.0192735,-0.0212203,-0.022
66.42,0.7495469999999999,2707850.0,0.411176,0.716097,0.912437,0.90042,0.871625,-0.0343461,-0.0645432,-0.0840516,-0.094911,-0.0996793,-0.00933974,-0.0165405,-0.0211134,-0.0232741,-0.0241423
66.44,0.632451,2873770.0,0.421091,0.823717,0.988852,1.02742,1.03307,-0.0260234,-0.0491451,-0.0650387,-0.0756325,-0.0806324,-0.00994344,-0.0176774,-0.0226043,-0.0249795,-0.0259454
66.46000000000001,0.6231945,2999610.0,0.393021,0.8132,0.967782,1.07442,1.1225,-0.0178823,-0.0327759,-0.0454723,-0.0546142,-0.0590767,-0.0103825,-0.0184966,-0.0237094,-0.026282,-0.0273425
66.48,0.6770657999999999,3081050.0,0.506846,0.876718,1.08563,1.24168,1.32502,-0.00888359,-0.0158767,-0.0249382,-0.0314532,-0.0346015,-0.0106502,-0.0189831,-0.0244135,-0.0271427,-0.0282793
66.5,0.5821752,3093450.0,0.671943,0.994675,1.28746,1.46345,1.56033,0.0029043,0.00283721,-0.00120723,-0.00440185,-0.00574795,-0.0107099,-0.0191135,-0.0246749,-0.0275012,-0.0286828
66.52,0.39657651,3020730.0,0.686984,1.06593,1.40428,1.58955,1.6738,0.0164936,0.0234433,0.0257102,0.0261282,0.0265934,-0.010516,-0.0188507,-0.0244299,-0.0272839,-0.0284743
66.54,0.26750112,2877690.0,0.527383,1.05273,1.38373,1.57994,1.6432,0.0286372,0.0446299,0.0535902,0.0578231,0.0597634,-0.0100647,-0.01817,-0.0236369,-0.0264444,-0.0276108
66.56,0.22718052,2686840.0,0.394343,0.986657,1.30848,1.50209,1.5623,0.0378545,0.0650237,0.0805123,0.0886435,0.0918185,-0.00939974,-0.0170735,-0.0222959,-0.0249798,-0.0260949
66.58,0.19681206,2453490.0,0.361842,0.838095,1.18868,1.35257,1.42852,0.0454164,0.0832712,0.105484,0.11719,0.121727,-0.00856703,-0.0155905,-0.0204359,-0.0229214,-0.0239595
66.6,0.18176756999999996,2175650.0,0.335743,0.62704,1.00598,1.13501,1.21565,0.0523922,0.0979226,0.12743,0.142066,0.148168,-0.00758895,-0.0137786,-0.0181068,-0.0203289,-0.0212605
66.62,0.19875516,1858840.0,0.280081,0.466425,0.792472,0.917422,0.973237,0.0585504,0.108857,0.145415,0.16259,0.170057,-0.00647952,-0.0117108,-0.0153783,-0.0172823,-0.0180783
66.64,0.19571402999999998,1512720.0,0.187383,0.335527,0.506306,0.652124,0.679664,0.0632251,0.116877,0.158403,0.178286,0.186586,-0.00526177,-0.00945345,-0.0123401,-0.0138735,-0.0145118
66.66,0.21122771999999998,1146500.0,0.111164,0.19925,0.189772,0.325828,0.359055,0.0662105,0.122225,0.165364,0.188065,0.196973,-0.00396741,-0.00706243,-0.00910248,-0.01021,-0.0106762
66.68,0.24062258999999997,767365.0,0.0560211,0.0510051,-0.0672713,-0.0138693,0.0449952,0.0678824,0.124727,0.166589,0.191185,0.201014,-0.00262648,-0.00459292,-0.00578296,-0.00641752,-0.00669637
66.7,0.24710775,379614.0,-0.0109551,-0.0974228,-0.236035,-0.310615,-0.269571,0.068333,0.124263,0.163555,0.18794,0.198768,-0.00126433,-0.00210302,-0.00248152,-0.00262628,-0.00269855
66.72,0.22175616,-10783.5,-0.0957887,-0.234175,-0.365422,-0.541585,-0.592516,0.0672656,0.120947,0.157541,0.179418,0.190147,9.16589e-05,0.000349079,0.000729442,0.00104731,0.0011906
66.74,0.18582309,-390094.0,-0.216728,-0.392108,-0.543395,-0.754507,-0.911206,0.0641404,0.114684,0.148453,0.166457,0.17511,0.00140572,0.00270539,0.00378938,0.00450606,0.00484318
66.76,0.18792326999999998,-742091.0,-0.300258,-0.519598,-0.716463,-0.916045,-1.09579,0.0589706,0.105567,0.135854,0.149752,0.15504,0.00263683,0.0049079,0.00663245,0.00766814,0.00814468
66.78,0.1645566,-1059540.0,-0.348956,-0.630595,-0.867753,-1.04377,-1.14283,0.0524784,0.0940651,0.120012,0.130153,0.132654,0.00375132,0.00690422,0.00919111,0.0104672,0.0110216
66.8,0.12087203999999999,-1341460.0,-0.380211,-0.723997,-0.98211,-1.12429,-1.12167,0.0451868,0.0805192,0.101513,0.108473,0.110009,0.00472797,0.00865006,0.0114064,0.0128535,0.0134483
66.82000000000001,0.06840629999999999,-1580960.0,-0.454658,-0.831938,-1.09608,-1.18113,-1.14737,0.0368381,0.0649598,0.0807314,0.0854186,0.0873186,0.00554822,0.0101049,0.0132288,0.0147924,0.0154215
66.84,0.05647484999999999,-1763930.0,-0.553128,-0.9478,-1.20186,-1.22514,-1.23132,0.0267602,0.0471624,0.057752,0.0613559,0.0635317,0.0061842,0.0112261,0.0146136,0.0162601,0.01693
66.86,0.08132102999999999,-1880890.0,-0.587763,-1.02005,-1.24171,-1.24519,-1.28915,0.0153513,0.027484,0.0333162,0.0366526,0.038327,0.00660532,0.0119725,0.0155243,0.0172402,0.0179486
66.88,0.08833914,-1935180.0,-0.531169,-1.00143,-1.18222,-1.22638,-1.26106,0.00416198,0.00726921,0.00907683,0.0119369,0.0128249,0.00680045,0.0123201,0.0159483,0.0177261,0.0184601
66.9,0.041027613,-1936240.0,-0.447984,-0.88381,-1.05109,-1.15832,-1.16966,-0.00562956,-0.0115832,-0.0132562,-0.01191,-0.0114823,0.00678577,0.0122769,0.0159065,0.0177264,0.0184736
66.92,-0.047932809,-1886610.0,-0.446759,-0.76322,-0.96243,-1.10357,-1.12921,-0.014577,-0.0280535,-0.0333914,-0.0345288,-0.034471,0.00658371,0.0118806,0.01544,0.017262,0.018014
66.94,-0.08052543,-1778780.0,-0.482246,-0.693383,-0.937859,-1.07682,-1.14857,-0.023867,-0.0426195,-0.0523943,-0.0563327,-0.0572488,0.00619927,0.0111738,0.0145821,0.0163534,0.0170968
66.96000000000001,-0.035935721999999996,-1610770.0,-0.396964,-0.612988,-0.862328,-0.996197,-1.09308,-0.0326591,-0.0556832,-0.0703962,-0.0770628,-0.0796652,0.00563401,0.0101908,0.0133542,0.0150194,0.0157277
66.98,-0.017165733,-1396410.0,-0.291257,-0.584333,-0.787466,-0.930222,-1.00547,-0.0395414,-0.0676564,-0.0868941,-0.096327,-0.100651,0.004912,0.00895741,0.0117813,0.0132855,0.0139245
67.0,0.032895152999999996,-1150280.0,-0.257466,-0.578379,-0.732625,-0.872592,-0.910619,-0.0450286,-0.0792835,-0.102095,-0.114355,-0.119811,0.0040663,0.00748801,0.00989143,0.0111787,0.0117199
67.02,0.12190173,-876288.0,-0.245498,-0.502419,-0.650547,-0.748248,-0.771833,-0.0500582,-0.0900915,-0.115927,-0.130564,-0.136636,0.00311543,0.00579426,0.00771121,0.0087295,0.00915544
67.04,0.18738165,-579912.0,-0.113382,-0.274101,-0.439554,-0.473232,-0.499063,-0.053647,-0.0978567,-0.126828,-0.142778,-0.149345,0.00207838,0.00391478,0.00528367,0.00599608,0.00629563
67.06,0.13004439,-275977.0,0.0329466,-0.0367339,-0.181071,-0.177001,-0.190659,-0.0544514,-0.100965,-0.133034,-0.149281,-0.156242,0.000997398,0.00192656,0.00268505,0.00307549,0.00323976
67.08,0.050180787,23476.2,0.101,0.138554,0.0821672,0.0794294,0.0934387,-0.0531119,-0.0999469,-0.134023,-0.150256,-0.157214,-7.82346e-05,-8.25558e-05,1.44798e-05,8.0124e-05,0.000105192
67.1,-0.00029900738999999996,313899.0,0.148476,0.303041,0.367939,0.349265,0.372762,-0.0506171,-0.0955309,-0.129522,-0.145969,-0.152552,-0.00111553,-0.00203733,-0.00262097,-0.00288213,-0.00299248
67.12,-0.059627669999999994,589519.0,0.207287,0.443527,0.613886,0.615697,0.616111,-0.0470595,-0.0880652,-0.119704,-0.13632,-0.142664,-0.00209229,-0.00387329,-0.00511323,-0.00570503,-0.00594464
67.14,-0.10253498999999998,840533.0,0.309259,0.587559,0.828963,0.891528,0.872901,-0.041894,-0.0777544,-0.105275,-0.121248,-0.127774,-0.00298183,-0.00553149,-0.00736302,-0.0082807,-0.00864901
67.16,-0.16270121999999998,1059430.0,0.317577,0.633454,0.915982,1.04664,1.05833,-0.0356257,-0.0655442,-0.0878258,-0.101866,-0.108461,-0.00375702,-0.00696448,-0.00929403,-0.0105118,-0.0110114
67.18,-0.143157,1247340.0,0.27334,0.618063,0.913947,1.09497,1.17837,-0.0297165,-0.0530291,-0.0695265,-0.0804496,-0.0860943,-0.00441045,-0.00815021,-0.0108675,-0.012335,-0.0129569
67.2,-0.07075280999999999,1406650.0,0.294585,0.620453,0.903833,1.1183,1.25709,-0.0240373,-0.0406439,-0.0513487,-0.0583169,-0.0617397,-0.00494798,-0.00908694,-0.0120763,-0.0137227,-0.0144353
67.22,-0.016693371,1531750.0,0.356164,0.625878,0.883903,1.11608,1.25195,-0.0175298,-0.0281806,-0.0334713,-0.0359731,-0.0366492,-0.00536366,-0.00977518,-0.0129245,-0.0146656,-0.0154191
67.24,0.028162301999999997,1612170.0,0.435154,0.676429,0.909103,1.1258,1.2163,-0.00961659,-0.0151575,-0.0155413,-0.0135543,-0.0119667,-0.00563512,-0.0102086,-0.0134146,-0.0151608,-0.0159053
67.26,0.016864272,1637450.0,0.507106,0.785746,0.990694,1.1445,1.19072,-0.000193995,-0.000535769,0.0034567,0.00914861,0.0121036,-0.00573322,-0.0103655,-0.0135355,-0.0152049,-0.0159039
67.28,-0.05917224,1604400.0,0.474782,0.829892,0.999323,1.06135,1.08199,0.00962488,0.0156206,0.0233569,0.0312071,0.0348307,-0.00563892,-0.0102146,-0.0132673,-0.0148013,-0.0154346
67.3,-0.07814117999999999,1521050.0,0.416518,0.824566,0.963259,0.946945,0.945987,0.0185379,0.0321652,0.0429827,0.05129,0.0551104,-0.00535729,-0.00973679,-0.0126039,-0.0139764,-0.0145352
67.32000000000001,-0.08048411999999999,1392830.0,0.418458,0.805918,0.939539,0.88837,0.860077,0.0268876,0.04847,0.0620107,0.0696431,0.0731711,-0.00490303,-0.00893044,-0.011554,-0.012767,-0.0132524
67.34,-0.13042637999999998,1214740.0,0.427009,0.73324,0.884604,0.843752,0.798972,0.0353423,0.0638616,0.0802521,0.0869644,0.0897616,-0.00428073,-0.00780712,-0.0101314,-0.011201,-0.011623
67.36,-0.18515652,990966.0,0.260203,0.483794,0.643597,0.646391,0.617736,0.0422144,0.076032,0.0955341,0.101866,0.103929,-0.00350517,-0.00640819,-0.00837352,-0.00931265,-0.00968613
67.38,-0.08913473999999999,744498.0,0.0679201,0.216922,0.350395,0.417166,0.43543,0.0454957,0.0830391,0.105474,0.112501,0.11446,-0.00262806,-0.00481748,-0.00636344,-0.00716898,-0.00750224
67.4,0.026709617999999997,493043.0,-0.0154804,0.0197008,0.103286,0.232968,0.303508,0.0460201,0.0854053,0.110011,0.119003,0.12185,-0.00171291,-0.00313303,-0.00420859,-0.00485394,-0.00513914
67.42,0.0786369,236280.0,-0.0179091,-0.117815,-0.0791825,0.080018,0.179871,0.0456862,0.0844242,0.110252,0.122133,0.126683,-0.000795844,-0.00143474,-0.00200596,-0.00244258,-0.00265381
67.44,0.0756024,-26379.1,-0.0528689,-0.212233,-0.208213,-0.0755372,0.0148179,0.0449784,0.0811237,0.107378,0.122177,0.12863,0.000110802,0.000220742,0.00017034,5.14567e-07,-0.00010067
67.46000000000001,0.05154519,-283173.0,-0.154398,-0.274512,-0.312469,-0.255086,-0.211865,0.0429057,0.0762563,0.102171,0.118871,0.12666,0.000989643,0.00179454,0.00226583,0.002411,0.00245223
67.48,0.036104174999999995,-519933.0,-0.20147,-0.281363,-0.371643,-0.409776,-0.432479,0.0393471,0.0706975,0.09533,0.112223,0.120216,0.00181217,0.00326408,0.00424084,0.00472194,0.004921
67.5,-0.006518922,-731753.0,-0.210509,-0.320661,-0.45144,-0.579365,-0.657758,0.0352273,0.0646773,0.0870992,0.102331,0.109314,0.00255791,0.00461783,0.00606513,0.00686747,0.0072163
67.52,-0.023070003000000002,-919870.0,-0.205504,-0.377588,-0.526892,-0.721497,-0.825461,0.0310671,0.0576948,0.0773158,0.0893225,0.0944819,0.00322086,0.00584155,0.00770928,0.00878401,0.00925426
67.54,-0.040980591,-1086520.0,-0.197384,-0.405295,-0.575067,-0.794957,-0.897028,0.0270382,0.049866,0.0662962,0.074158,0.077257,0.00380191,0.00691716,0.0091454,0.0104188,0.0109717
67.56,-0.08494203,-1234300.0,-0.164906,-0.380049,-0.59413,-0.785098,-0.871776,0.0234154,0.0420125,0.0546043,0.0583574,0.059569,0.00430645,0.00783594,0.0103544,0.011744,0.0123399
67.58,-0.16011806999999997,-1367050.0,-0.0909204,-0.297365,-0.556537,-0.679635,-0.741974,0.0208571,0.0352384,0.0430976,0.0437101,0.0434315,0.00474917,0.00860845,0.0113314,0.0127646,0.0133699
67.6,-0.28674494999999994,-1486710.0,-0.129907,-0.309199,-0.563109,-0.622049,-0.648278,0.0186488,0.0291727,0.0319011,0.0306932,0.0295289,0.00514423,0.00925256,0.0120814,0.0135087,0.0140995
67.62,-0.34026282,-1584710.0,-0.287066,-0.440709,-0.616892,-0.646935,-0.636508,0.0144791,0.0216737,0.0201011,0.0180034,0.0166811,0.00547551,0.00976103,0.0126014,0.0139956,0.0145616
67.64,-0.29663181,-1644380.0,-0.435258,-0.611331,-0.670603,-0.695948,-0.67428,0.00725587,0.0111533,0.00722619,0.00457454,0.0035732,0.00569286,0.0100893,0.0128747,0.0142214,0.0147642
67.66,-0.21042140999999998,-1653360.0,-0.490781,-0.743644,-0.709539,-0.720239,-0.72051,-0.00200452,-0.00239647,-0.00657523,-0.00958733,-0.0103747,0.00574537,0.0101769,0.0128812,0.0141713,0.0146961
67.68,-0.12914475,-1607870.0,-0.490719,-0.816098,-0.76329,-0.738851,-0.762707,-0.0118195,-0.0179939,-0.0213035,-0.0241782,-0.0252069,0.00560713,0.00997296,0.0126024,0.0138336,0.0143403
67.7,-0.050729037,-1507530.0,-0.478484,-0.820357,-0.837152,-0.783823,-0.794008,-0.0215116,-0.0343584,-0.0373079,-0.039405,-0.040774,0.00527382,0.00944944,0.0120163,0.0131978,0.0136805
67.72,0.032833799999999996,-1355330.0,-0.381622,-0.693962,-0.83627,-0.792542,-0.758171,-0.0301126,-0.0495016,-0.0540422,-0.0551686,-0.0562958,0.00475758,0.00861084,0.0111028,0.0122521,0.0127098
67.74,0.05492241,-1161020.0,-0.264452,-0.533296,-0.791767,-0.802684,-0.746999,-0.0365734,-0.0617742,-0.0703225,-0.0711209,-0.0713475,0.00409072,0.00749808,0.00985917,0.0109892,0.0114334
67.76,0.07800908999999999,-935848.0,-0.182823,-0.403868,-0.710204,-0.80424,-0.793661,-0.0410461,-0.0711459,-0.0853422,-0.0871901,-0.0867541,0.00331453,0.00616888,0.00830252,0.00940606,0.00985237
67.78,0.12426456,-691384.0,-0.0676608,-0.236715,-0.510063,-0.69291,-0.775213,-0.043551,-0.0775517,-0.0975449,-0.102162,-0.102443,0.00246856,0.0046819,0.00647365,0.00751254,0.0079604
67.8,0.10346625,-443846.0,0.0555455,-0.0506494,-0.246196,-0.497318,-0.656279,-0.0436721,-0.0804253,-0.105108,-0.114064,-0.116758,0.00159633,0.00310213,0.00444713,0.00535029,0.0057684
67.82000000000001,0.040577129999999996,-203488.0,0.0630238,0.0484702,-0.0703685,-0.336981,-0.507059,-0.0424864,-0.0804471,-0.108273,-0.122407,-0.128391,0.00073474,0.00149341,0.00231332,0.00298558,0.00331691
67.84,0.05155998,35357.4,-0.0121318,0.071713,0.0124411,-0.193442,-0.309619,-0.0419775,-0.0792453,-0.108852,-0.127711,-0.136558,-0.000109899,-0.000103518,0.000142064,0.0004844,0.000667419
67.86,0.11992802999999999,279120.0,-0.00383881,0.112111,0.1117,0.0340911,0.00249528,-0.0421372,-0.077407,-0.107611,-0.129305,-0.139629,-0.000951046,-0.00167004,-0.00202257,-0.00208576,-0.00209445
67.88,0.13970174999999999,517044.0,0.148996,0.220598,0.295157,0.371481,0.421063,-0.0406856,-0.07408,-0.103542,-0.125249,-0.135394,-0.00177927,-0.00318491,-0.00413411,-0.00463129,-0.00484468
67.9,0.06263157,729301.0,0.300828,0.361205,0.516953,0.723776,0.832792,-0.0361874,-0.0682619,-0.0954214,-0.114296,-0.122855,-0.002548,-0.00460833,-0.00612374,-0.00702675,-0.00742716
67.92,-0.049600100999999994,907005.0,0.31659,0.483769,0.703219,0.985535,1.12581,-0.0300132,-0.0598122,-0.0832196,-0.0972032,-0.103269,-0.00321001,-0.00588907,-0.00791015,-0.00914174,-0.0096884
67.94,-0.12109797,1056280.0,0.232959,0.552629,0.816865,1.10934,1.25198,-0.0245177,-0.0494482,-0.0680188,-0.0762544,-0.0794911,-0.00375532,-0.00698168,-0.00942254,-0.0108763,-0.011516
67.96000000000001,-0.12052881,1183260.0,0.238084,0.627876,0.941579,1.18516,1.30401,-0.0198073,-0.0376432,-0.0504344,-0.0533094,-0.0539312,-0.00419857,-0.00785259,-0.0106071,-0.012172,-0.0128502
67.98,-0.13871796,1285930.0,0.238896,0.602027,0.972672,1.13367,1.20874,-0.0150375,-0.0253441,-0.0312919,-0.0301211,-0.0288038,-0.00454702,-0.00848246,-0.0114243,-0.0130063,-0.0136776
68.0,-0.08397252,1362980.0,0.232975,0.546038,0.933152,1.02008,1.04414,-0.0103188,-0.0138635,-0.0122336,-0.00858353,-0.00627501,-0.00480058,-0.00887454,-0.0118596,-0.0133933,-0.0140284
68.02,-0.0039935754,1413340.0,0.29015,0.56207,0.870337,0.925707,0.913961,-0.00508754,-0.0027824,0.00580126,0.0108744,0.013306,-0.00495464,-0.009041,-0.0119239,-0.0133704,-0.0139581
68.04,0.029608865999999998,1426830.0,0.425898,0.658405,0.803451,0.864522,0.854368,0.00207294,0.00942234,0.0225391,0.0287767,0.0309893,-0.00498479,-0.0089746,-0.0116405,-0.0129739,-0.0135151
68.06,0.0012475976999999998,1389950.0,0.494249,0.709852,0.691002,0.753869,0.779912,0.0112744,0.0231049,0.0374837,0.0449606,0.0473321,-0.00485132,-0.00864932,-0.0110403,-0.0122365,-0.0127319
68.08,-0.006302325,1300680.0,0.400407,0.63017,0.53303,0.560245,0.617544,0.020221,0.0365051,0.049724,0.0581017,0.0613067,-0.00453636,-0.00805322,-0.0101682,-0.0112059,-0.0116455
68.1,0.057615719999999995,1167200.0,0.311818,0.532714,0.465807,0.430773,0.468159,0.0273432,0.048134,0.0597124,0.0680119,0.0721637,-0.00406072,-0.00720683,-0.00907384,-0.00994476,-0.0103108
68.12,0.07426569,992370.0,0.318695,0.478405,0.506858,0.42567,0.391696,0.0336484,0.0582452,0.069439,0.0765763,0.0807622,-0.0034508,-0.00614304,-0.00778232,-0.00849887,-0.00878154
68.14,-0.0018419874,774968.0,0.296856,0.412268,0.532156,0.45202,0.354725,0.0398039,0.0671519,0.0798292,0.0853532,0.0882264,-0.00271628,-0.00488907,-0.00628964,-0.00687958,-0.00709165
68.16,-0.09137057999999999,525740.0,0.133131,0.276715,0.433623,0.39927,0.312047,0.0441038,0.0740417,0.089487,0.0938661,0.0948942,-0.00187721,-0.00347713,-0.00459648,-0.00508738,-0.00526045
68.18,-0.11072354999999999,266610.0,-0.02737,0.144349,0.280404,0.315559,0.313981,0.0451614,0.0782524,0.0966272,0.101014,0.101154,-0.000984554,-0.00195419,-0.00273534,-0.00313858,-0.00329996
68.2,-0.12112295999999999,10587.9,-0.0336265,0.0718379,0.167973,0.27627,0.369854,0.0445514,0.0804142,0.101111,0.106933,0.107993,-8.74258e-05,-0.000367527,-0.000757956,-0.00105911,-0.00120849
68.22,-0.19072979999999998,-246475.0,0.049517,0.0353648,0.109987,0.275215,0.405417,0.0447103,0.0814863,0.103891,0.112448,0.115745,0.000805191,0.00125148,0.00129206,0.00113469,0.0010289
68.24,-0.30588474,-511673.0,0.0587837,-0.0116144,0.0564121,0.237843,0.337677,0.0457933,0.0817238,0.105555,0.117578,0.123176,0.00171023,0.00288358,0.00338651,0.00343495,0.00341811
68.26,-0.40210745999999997,-780012.0,-0.0512164,-0.093231,-0.0457444,0.0939561,0.13953,0.045869,0.0806753,0.105661,0.120896,0.127948,0.00262685,0.00450757,0.00549867,0.00581969,0.00592936
68.28,-0.42729993,-1035450.0,-0.194157,-0.211599,-0.205113,-0.156818,-0.151148,0.0434153,0.077627,0.103153,0.120267,0.127832,0.00351969,0.00609059,0.00758681,0.00823133,0.00848717
68.3,-0.38215932,-1263300.0,-0.286427,-0.352638,-0.385691,-0.444571,-0.46467,0.0386094,0.0719847,0.0972447,0.114254,0.121674,0.00433994,0.00758671,0.00959078,0.0105765,0.0109822
68.32000000000001,-0.31132389,-1461340.0,-0.257184,-0.423814,-0.489247,-0.631102,-0.681751,0.0331733,0.0642201,0.0884953,0.103497,0.11021,0.00505777,0.00894876,0.0114482,0.012754,0.0133011
68.34,-0.31884384,-1636640.0,-0.212524,-0.459656,-0.581084,-0.757479,-0.843921,0.0284762,0.0553855,0.077792,0.0896111,0.0949532,0.00567426,0.0101448,0.0131111,0.0146851,0.0153527
68.36,-0.34415106,-1790010.0,-0.21749,-0.483865,-0.706121,-0.871729,-0.97487,0.0241761,0.0459502,0.0649199,0.073319,0.0767653,0.00620079,0.0111582,0.0145382,0.0163144,0.0170699
68.38,-0.34117265999999996,-1914160.0,-0.244647,-0.499887,-0.829489,-0.966781,-1.04805,0.0195548,0.0361127,0.0495638,0.0549339,0.0565361,0.0066381,0.0119788,0.015683,0.017597,0.0184029
68.4,-0.3278606399999999,-2008100.0,-0.236968,-0.505902,-0.875698,-0.999644,-1.03549,0.0147386,0.0260548,0.0325119,0.0352696,0.0357008,0.00698103,0.0126005,0.0165038,0.018499,0.0193253
68.42,-0.34880939999999994,-2079350.0,-0.229828,-0.529736,-0.840502,-0.974889,-0.984663,0.0100706,0.0156985,0.0153499,0.0155243,0.0154993,0.00722912,0.013018,0.0169824,0.0190069,0.0198373
68.44,-0.38641475999999997,-2127810.0,-0.306791,-0.59741,-0.794224,-0.938872,-0.97012,0.00470445,0.00442699,-0.000997319,-0.00361331,-0.00404858,0.00737687,0.0132193,0.0171259,0.019126,0.0199518
68.46000000000001,-0.38113625999999995,-2139830.0,-0.39305,-0.631062,-0.731329,-0.855642,-0.93315,-0.00229396,-0.00785772,-0.0162528,-0.0215584,-0.0230813,0.00740098,0.013185,0.0169534,0.0188743,0.0196805
68.48,-0.37643252999999993,-2103170.0,-0.42742,-0.634888,-0.68925,-0.760702,-0.851232,-0.0104987,-0.0205172,-0.0304586,-0.0377219,-0.0409251,0.00727305,0.0129012,0.0164863,0.0182815,0.0190404
68.5,-0.36618255,-2017680.0,-0.379875,-0.605588,-0.651104,-0.664428,-0.702803,-0.0185716,-0.032922,-0.0438622,-0.0519732,-0.0564654,0.00698235,0.0123668,0.0157431,0.0173846,0.0180665
68.52,-0.36677211,-1890470.0,-0.318717,-0.55935,-0.613912,-0.58766,-0.544209,-0.0255575,-0.0445714,-0.0565123,-0.0644941,-0.0689356,0.00654106,0.0115919,0.0147393,0.0162199,0.0168125
68.54,-0.35834078999999996,-1727100.0,-0.27838,-0.489446,-0.566851,-0.520617,-0.436061,-0.0315285,-0.0550593,-0.06832,-0.0755768,-0.0787383,0.0059702,0.0105956,0.013491,0.0148192,0.0153358
68.56,-0.3328566,-1528820.0,-0.263264,-0.430251,-0.535401,-0.485249,-0.430725,-0.036945,-0.0642563,-0.0793425,-0.0856355,-0.0874061,0.00528546,0.00940242,0.0120144,0.0132071,0.0136743
68.58,-0.26069415,-1298600.0,-0.190494,-0.341185,-0.455023,-0.429138,-0.437252,-0.0414825,-0.0719706,-0.0892467,-0.0947794,-0.0960859,0.00450119,0.00804015,0.0103285,0.0114029,0.0118394
68.60000000000001,-0.20907399,-1050440.0,-0.0325885,-0.17396,-0.266087,-0.302874,-0.349771,-0.0437133,-0.0771221,-0.0964578,-0.102099,-0.103956,0.00364923,0.00654922,0.00847146,0.00943412,0.00983899
68.62,-0.24257690999999998,-802629.0,0.0429848,-0.0348692,-0.0974341,-0.211013,-0.262087,-0.0436094,-0.0792104,-0.100093,-0.107238,-0.110075,0.002776,0.0049859,0.00650595,0.00734075,0.00769868
68.64,-0.2446215,-557789.0,-0.00830828,0.0322525,-0.020714,-0.174332,-0.225839,-0.0432626,-0.0792365,-0.101275,-0.111092,-0.114954,0.00190728,0.00340143,0.00449228,0.00515744,0.00544839
68.66,-0.16304087999999997,-305749.0,-0.0389828,0.0802977,0.0264361,-0.102405,-0.165783,-0.0437355,-0.078111,-0.101217,-0.113859,-0.11887,0.0010373,0.00182795,0.00246736,0.00290793,0.00311015
68.68,-0.07356953999999999,-51586.4,0.136892,0.228498,0.199338,0.137862,0.0767991,-0.0427564,-0.0750231,-0.0989595,-0.113505,-0.11976,0.00017238,0.000296612,0.00046559,0.000634296,0.000723849
68.7,-0.12825072,178933.0,0.318925,0.360548,0.390148,0.397745,0.378666,-0.0381983,-0.0691326,-0.0930647,-0.108149,-0.115205,-0.000637167,-0.00114495,-0.00145465,-0.00158224,-0.0016258
68.72,-0.20732468999999998,370138.0,0.321138,0.421114,0.509302,0.573295,0.617297,-0.0317977,-0.061316,-0.0840702,-0.0984381,-0.105246,-0.00133713,-0.00244943,-0.003226,-0.0036481,-0.00383032
68.74,-0.21711821999999997,531212.0,0.206865,0.445774,0.569216,0.686051,0.769793,-0.0265176,-0.0526471,-0.073285,-0.0858447,-0.0913748,-0.00192028,-0.00358906,-0.00479955,-0.00549093,-0.00579652
68.76,-0.17563227,672486.0,0.207044,0.516,0.679841,0.841645,0.924763,-0.0223785,-0.0430294,-0.0607944,-0.0705677,-0.0744293,-0.00240924,-0.00454583,-0.00614035,-0.00705505,-0.00745456
68.78,-0.19525298999999996,788040.0,0.273987,0.545262,0.788547,0.964237,1.02992,-0.0175682,-0.0324168,-0.0461105,-0.0525089,-0.0548824,-0.00280871,-0.00530029,-0.0072094,-0.00828582,-0.00874768
68.8,-0.22022615999999998,872220.0,0.238159,0.471504,0.801302,0.955469,1.01214,-0.0124468,-0.0222491,-0.030212,-0.0333118,-0.0344618,-0.00310886,-0.00584695,-0.00797262,-0.00914403,-0.00964112
68.82000000000001,-0.1637253,931614.0,0.194682,0.444617,0.78957,0.918997,0.9735,-0.00811835,-0.0130879,-0.0143033,-0.0145672,-0.0146054,-0.00331451,-0.00620032,-0.00841777,-0.00962282,-0.0101318
68.84,-0.12225311999999999,970959.0,0.212784,0.470348,0.730703,0.860644,0.909929,-0.00404369,-0.00393825,0.00089941,0.00322922,0.0042289,-0.00343613,-0.00637058,-0.00855181,-0.0097362,-0.0102356
68.86,-0.09171126,987967.0,0.225019,0.440007,0.576648,0.713734,0.760522,0.000334337,0.0051653,0.0139729,0.018973,0.0209334,-0.00347322,-0.00635831,-0.00840309,-0.00951418,-0.00998393
68.88,-0.006965018999999999,980814.0,0.221495,0.377326,0.428197,0.535328,0.588242,0.00479948,0.0133386,0.0240214,0.0314636,0.034421,-0.00342188,-0.00617327,-0.00802315,-0.00900981,-0.00943039
68.9,0.07290959999999999,947806.0,0.206948,0.312682,0.329197,0.361809,0.40986,0.00908391,0.0202387,0.0315953,0.040435,0.0444021,-0.00328305,-0.0058375,-0.00746698,-0.00829082,-0.00864216
68.92,0.12856283999999998,886339.0,0.223158,0.289339,0.285642,0.241416,0.247692,0.013385,0.0262589,0.0377437,0.0464673,0.0509776,-0.00305836,-0.00537252,-0.00677359,-0.0074218,-0.00768836
68.94,0.14109455999999998,797311.0,0.202166,0.256467,0.224309,0.139951,0.0814912,0.0176382,0.031717,0.0428432,0.0502809,0.0542694,-0.00274813,-0.00479276,-0.00596772,-0.00645432,-0.00663589
68.96000000000001,0.15800156999999998,688458.0,0.0961954,0.165269,0.111158,0.0179949,-0.0752791,0.0206218,0.0359343,0.0461979,0.0518604,0.0543315,-0.00236553,-0.00411625,-0.00507731,-0.00543291,-0.00554988
68.98,0.20783877,570681.0,-0.0100126,0.0493047,-0.0018015,-0.0958073,-0.16336,0.0214837,0.0380801,0.0472915,0.0510823,0.0519452,-0.00194448,-0.0033761,-0.00414242,-0.00440348,-0.00448712
69.0,0.25207974,454978.0,-0.119672,-0.129832,-0.160049,-0.242837,-0.256127,0.0201868,0.0372748,0.045673,0.0476958,0.0477503,-0.00152777,-0.00262256,-0.00321277,-0.0034157,-0.00349016
69.02,0.34437239999999997,352828.0,-0.177326,-0.286258,-0.302232,-0.339324,-0.32356,0.0172168,0.0331139,0.0410501,0.0418742,0.0419534,-0.00115373,-0.00191867,-0.00234554,-0.00252,-0.00259312
69.04,0.41777466,270439.0,-0.196374,-0.385975,-0.412065,-0.376733,-0.365023,0.0134798,0.0263916,0.0339072,0.0347136,0.0350676,-0.000846768,-0.00132361,-0.00159597,-0.00175412,-0.00182291
69.06,0.45357053999999997,206703.0,-0.191544,-0.420979,-0.480018,-0.393746,-0.381278,0.00960064,0.018322,0.0249864,0.0270088,0.0276046,-0.000615963,-0.000876477,-0.00100703,-0.0011369,-0.00119619
69.08,0.45705842999999996,161867.0,-0.210953,-0.430001,-0.528192,-0.452911,-0.415992,0.00557567,0.00981224,0.0149042,0.0185423,0.0196319,-0.0004642,-0.000595134,-0.000608127,-0.000681384,-0.000723829
69.10000000000001,0.47208507,139735.0,-0.197702,-0.36599,-0.489465,-0.478061,-0.427238,0.00148912,0.00185233,0.00472769,0.00923255,0.0111996,-0.000393552,-0.000478488,-0.000411808,-0.000403636,-0.000415515
69.12,0.44015141999999996,139194.0,-0.15072,-0.264324,-0.387482,-0.450953,-0.43783,-0.00199509,-0.00445081,-0.00404178,-5.75894e-05,0.00254888,-0.000398612,-0.000504473,-0.000404949,-0.000311886,-0.00027803
69.14,0.37541405999999994,154219.0,-0.104778,-0.183644,-0.284932,-0.40361,-0.466294,-0.00455008,-0.00893048,-0.0107659,-0.00860321,-0.00649236,-0.000464064,-0.000638286,-0.000553026,-0.000398494,-0.000317465
69.16,0.3233094,181196.0,-0.0659313,-0.119582,-0.195244,-0.342866,-0.459323,-0.00625717,-0.0119627,-0.0155677,-0.016068,-0.0157485,-0.000572136,-0.000847218,-0.000816362,-0.000645206,-0.000539874
69.18,0.28076877,216931.0,-0.0130265,-0.0405023,-0.104299,-0.251767,-0.358478,-0.00704675,-0.0135636,-0.0185631,-0.0220143,-0.0239265,-0.000705175,-0.00110248,-0.00115767,-0.00102603,-0.000936625
69.2,0.22091363999999997,253742.0,0.0487432,0.0435056,-0.0225441,-0.132369,-0.182077,-0.00668958,-0.0135336,-0.0198315,-0.0258556,-0.0293321,-0.000842539,-0.00137345,-0.00154162,-0.00150473,-0.00146921
69.22,0.1503174,286608.0,0.0215719,0.0335624,-0.0293781,-0.0674941,-0.0595891,-0.00598643,-0.0127629,-0.0203508,-0.0278543,-0.0317487,-0.000969299,-0.00163642,-0.00194344,-0.00204183,-0.00208002
69.24,0.15925208999999999,320285.0,-0.033909,-0.0154892,-0.047775,-0.00718093,0.0311671,-0.0061098,-0.0125821,-0.0211223,-0.028601,-0.032033,-0.00109026,-0.00188987,-0.00235817,-0.00260638,-0.00271784
69.26,0.19018307999999998,359374.0,-0.0400665,-0.0425756,-0.0141589,0.0796549,0.125971,-0.00684956,-0.0131628,-0.0217416,-0.0278763,-0.0304616,-0.00121985,-0.00214732,-0.00278681,-0.00317115,-0.00334278
69.28,0.19031721,398155.0,0.0380391,0.00628441,0.100965,0.211435,0.258082,-0.00686983,-0.0135257,-0.0208736,-0.0249654,-0.0266211,-0.00135705,-0.0024142,-0.00321296,-0.00369957,-0.00391361
69.3,0.12201189,430387.0,0.031333,0.0213807,0.152822,0.25558,0.300354,-0.00617611,-0.013249,-0.0183357,-0.0202952,-0.0210367,-0.00148751,-0.00268195,-0.00360506,-0.00415218,-0.00439019
69.32000000000001,0.11217806999999999,463498.0,-0.0642107,0.00191822,0.124634,0.209637,0.248379,-0.00650489,-0.0130161,-0.0155612,-0.0156431,-0.0155494,-0.00161432,-0.0029446,-0.00394402,-0.00451156,-0.00475605
69.34,0.1674483,506962.0,-0.0511634,0.0588878,0.14546,0.2053,0.233255,-0.00765863,-0.012408,-0.0128602,-0.0114937,-0.010733,-0.00175595,-0.00319884,-0.00422824,-0.00478293,-0.00501887
69.36,0.16156188,552498.0,0.0928892,0.170015,0.224015,0.250103,0.263871,-0.00724137,-0.010119,-0.00916546,-0.00693967,-0.00576178,-0.00190495,-0.00342411,-0.00444849,-0.00496726,-0.00518382
69.38,0.09271647,583791.0,0.185541,0.229037,0.261932,0.253131,0.250075,-0.00445707,-0.00612844,-0.00430599,-0.00190733,-0.000622316,-0.00202194,-0.00358658,-0.00458321,-0.00505573,-0.00524766
69.4,0.060387569999999995,595156.0,0.193351,0.27025,0.277051,0.245187,0.225577,-0.000668149,-0.00113557,0.00108384,0.00307586,0.00413421,-0.00207319,-0.00365922,-0.00461543,-0.00504405,-0.00521254
69.42,0.041841063,582616.0,0.286231,0.421911,0.395587,0.357068,0.328746,0.00412767,0.00578604,0.00781022,0.00909841,0.00967744,-0.00203859,-0.00361272,-0.00452649,-0.0049223,-0.00507442
69.44,-0.09178011,534486.0,0.346698,0.519136,0.484531,0.448357,0.424997,0.010457,0.0151965,0.0166114,0.0171527,0.0172149,-0.00189275,-0.00340289,-0.00428227,-0.00465979,-0.0048055
69.46000000000001,-0.20148723,447676.0,0.289339,0.496898,0.508951,0.478416,0.468784,0.0168173,0.0253568,0.0265462,0.0264204,0.0261527,-0.00162001,-0.00299736,-0.0038507,-0.00422406,-0.00437183
69.48,-0.24493922999999998,335342.0,0.132729,0.365603,0.46554,0.452499,0.453441,0.021038,0.0339819,0.0362911,0.0357295,0.0353749,-0.00124145,-0.00240397,-0.00322232,-0.00360256,-0.00375655
69.5,-0.22391601,212126.0,0.0367651,0.221735,0.403155,0.433773,0.439508,0.022733,0.0398552,0.0449781,0.0445922,0.0443044,-0.000803742,-0.0016656,-0.00240963,-0.00279935,-0.00295976
69.52,-0.20568962999999998,82539.6,0.0427736,0.114267,0.330797,0.429018,0.447833,0.0235283,0.0432153,0.0523176,0.0532202,0.0531778,-0.000341129,-0.000834898,-0.00143668,-0.00182122,-0.00198493
69.54,-0.21484259999999997,-52940.9,0.00896895,-0.00013376,0.192481,0.35543,0.409213,0.0240458,0.0443566,0.0575504,0.0610646,0.0617483,0.000134612,4.08205e-05,-0.000337996,-0.000678374,-0.000835671
69.56,-0.1911276,-186297.0,-0.10693,-0.125495,-0.00577373,0.185322,0.284047,0.0230662,0.0431003,0.0594174,0.0664722,0.0686809,0.000605731,0.000915389,0.000831682,0.000596994,0.000468621
69.58,-0.11694197999999999,-305270.0,-0.173623,-0.204085,-0.176997,-0.011792,0.105182,0.0202606,0.0398045,0.0575897,0.0682075,0.0725732,0.001039,0.00174444,0.00200175,0.00194379,0.00188116
69.60000000000001,-0.05231529,-406774.0,-0.114595,-0.20744,-0.25503,-0.165484,-0.0852579,0.0173784,0.0356893,0.0532695,0.0664347,0.0727725,0.00141539,0.00249937,0.00311035,0.00329021,0.00333462
69.62,-0.048267573,-497845.0,-0.060372,-0.209343,-0.29797,-0.316014,-0.316881,0.0156288,0.0315214,0.0477395,0.0616197,0.0687511,0.00174546,0.00317148,0.00412044,0.00457076,0.00474985
69.64,-0.048028433999999995,-583180.0,-0.0747793,-0.215325,-0.333317,-0.464553,-0.548285,0.0142772,0.0272747,0.0414266,0.053814,0.0600994,0.00204452,0.00375944,0.0050121,0.00572509,0.00603836
69.66,-0.038631428999999995,-659325.0,-0.122688,-0.222652,-0.385874,-0.603656,-0.733653,0.0123026,0.022895,0.0342347,0.043132,0.04728,0.00231032,0.00426114,0.00576871,0.00669455,0.00711215
69.68,-0.013738583999999998,-720447.0,-0.137422,-0.229699,-0.44521,-0.696531,-0.827629,0.00970146,0.0183715,0.0259239,0.0301301,0.0316672,0.00253036,0.0046738,0.00637029,0.00742717,0.00790162
69.7,0.007174578,-765717.0,-0.119505,-0.248364,-0.486928,-0.713856,-0.816617,0.00713219,0.0135908,0.0166025,0.0160262,0.0152247,0.0026987,0.00499343,0.00679556,0.00788874,0.00837054
69.72,0.007140050999999999,-800999.0,-0.0752775,-0.246849,-0.462143,-0.623774,-0.688362,0.00518436,0.00863871,0.00711177,0.00264992,0.00017494,0.00282186,0.00521572,0.0070327,0.0080755,0.00852454
69.74,-0.046855995,-832204.0,-0.063537,-0.243332,-0.407691,-0.48688,-0.514868,0.00379622,0.0037369,-0.00158657,-0.00845662,-0.0118574,0.00291167,0.00533948,0.00708795,0.00801743,0.00840772
69.76,-0.10834796999999999,-856285.0,-0.112799,-0.255141,-0.362891,-0.362167,-0.358415,0.00203285,-0.00124783,-0.00929239,-0.0169471,-0.0205902,0.00296996,0.00536437,0.00697916,0.0077634,0.00808324
69.78,-0.13876896,-860387.0,-0.245132,-0.339325,-0.382781,-0.32166,-0.291145,-0.00154647,-0.00719248,-0.0167491,-0.0237854,-0.0270858,0.00297482,0.00527997,0.00671875,0.00735607,0.00760648
69.8,-0.08580648,-832970.0,-0.302883,-0.392395,-0.356761,-0.267607,-0.218021,-0.00702662,-0.0145097,-0.0241445,-0.029678,-0.0321774,0.00288909,0.00506295,0.00630981,0.00682144,0.00701385
69.82000000000001,-0.06071397,-774444.0,-0.263489,-0.390685,-0.283602,-0.196655,-0.143011,-0.0126904,-0.0223405,-0.0305482,-0.0343206,-0.0357878,0.00269192,0.00469444,0.00576288,0.00618145,0.0063342
69.84,-0.07086756,-689918.0,-0.215689,-0.355319,-0.231166,-0.158476,-0.119765,-0.0174821,-0.0298005,-0.0356958,-0.0378719,-0.0384155,0.0023902,0.00417303,0.00510044,0.00545953,0.00559216
69.86,-0.06412842,-578791.0,-0.191912,-0.28597,-0.222264,-0.162357,-0.147269,-0.0215581,-0.0362134,-0.0402301,-0.0410803,-0.0410859,0.00199979,0.00351289,0.00434118,0.00467,0.00479715
69.88,-0.030977858999999996,-440598.0,-0.152611,-0.200647,-0.240721,-0.201864,-0.200198,-0.0250034,-0.0410796,-0.04486,-0.0447225,-0.0445605,0.00153418,0.00273996,0.00349028,0.00381198,0.00394069
69.9,0.019071858,-286410.0,-0.0053209,-0.0570844,-0.179247,-0.189078,-0.18688,-0.0265827,-0.0436569,-0.0490597,-0.0486319,-0.0484313,0.00101832,0.0018926,0.00255109,0.00287843,0.00301077
69.92,0.0029704643999999996,-135767.0,0.117197,0.0575595,-0.0889052,-0.171161,-0.176491,-0.0254639,-0.0436522,-0.0517412,-0.0522343,-0.052065,0.000497852,0.00101951,0.00154308,0.00186977,0.00200581
69.94,-0.010476521999999999,627.124,0.12523,0.115208,-0.0128828,-0.156694,-0.198933,-0.0230397,-0.0419245,-0.0527591,-0.0555129,-0.0558193,1.28162e-05,0.00016374,0.000498077,0.000792298,0.000926963
69.96000000000001,0.014260518,122722.0,0.144349,0.21195,0.115825,-0.0449527,-0.137738,-0.0203439,-0.0386529,-0.0517296,-0.0575293,-0.059186,-0.000421019,-0.000642034,-0.00054681,-0.000338124,-0.000223089
69.98,-0.015434588999999999,227090.0,0.196105,0.306388,0.252374,0.121632,0.011843,-0.0169393,-0.0334695,-0.0480476,-0.0567625,-0.0604449,-0.000793851,-0.00136326,-0.00154458,-0.00148104,-0.0014194
70.0,-0.07347468,308861.0,0.188278,0.313271,0.32295,0.249517,0.184081,-0.0130955,-0.0272729,-0.0422944,-0.053051,-0.0584857,-0.0010942,-0.00197068,-0.002448,-0.00257918,-0.0026087
70.02,-0.0861339,369792.0,0.157952,0.305468,0.393194,0.392824,0.406298,-0.00963319,-0.0210855,-0.035133,-0.0466276,-0.0525819,-0.00132149,-0.00245427,-0.00322228,-0.00357596,-0.00371938
70.04,-0.11274824999999998,412593.0,0.149151,0.315377,0.470485,0.56004,0.63353,-0.00656217,-0.0148771,-0.0264962,-0.037099,-0.0421836,-0.00148344,-0.00281389,-0.00383857,-0.00441323,-0.00466704
70.06,-0.16105239,436443.0,0.177156,0.340432,0.539463,0.723436,0.815831,-0.0032991,-0.008319,-0.0163967,-0.0242642,-0.02769,-0.00158205,-0.00304586,-0.0042675,-0.00502686,-0.00536577
70.08,-0.21835802999999998,442556.0,0.147895,0.308729,0.535816,0.78177,0.875307,-4.85908e-05,-0.00182738,-0.00564391,-0.00921217,-0.0107787,-0.00161553,-0.00314732,-0.0044879,-0.00536163,-0.00575046
70.10000000000001,-0.21537963,436091.0,0.101105,0.271269,0.515642,0.759471,0.861288,0.00244141,0.0039726,0.00487067,0.00620025,0.00658729,-0.0015916,-0.00312587,-0.00449564,-0.00539175,-0.00579237
70.12,-0.19938756,418747.0,0.103245,0.270053,0.509807,0.695274,0.800489,0.00448491,0.00938582,0.0151252,0.0207477,0.0232051,-0.00152234,-0.00299228,-0.00429568,-0.00512227,-0.00549445
70.14,-0.20160912,388118.0,0.120375,0.267748,0.467873,0.577279,0.652341,0.00672112,0.0147638,0.0249019,0.0334732,0.0377334,-0.00141028,-0.00275079,-0.00389541,-0.00458006,-0.00488507
70.16,-0.18259478999999998,344938.0,0.1166,0.251142,0.379112,0.423103,0.436941,0.00909086,0.0199527,0.0333718,0.043477,0.0486262,-0.00125216,-0.00240362,-0.00331267,-0.00381055,-0.00402147
70.18,-0.14052693,291582.0,0.108889,0.226882,0.267608,0.255863,0.216749,0.0113458,0.024733,0.039839,0.0502667,0.0551631,-0.00104779,-0.00195676,-0.00258056,-0.00287312,-0.00298358
70.2,-0.09642110999999999,224900.0,0.152273,0.223042,0.182067,0.116011,0.0629381,0.0139574,0.0292322,0.0443358,0.0539854,0.05796,-0.00079476,-0.00141711,-0.00173881,-0.0018306,-0.00185235
70.22,-0.08813871000000001,136088.0,0.224242,0.243295,0.141238,0.0316065,-0.00864974,0.0177225,0.0338956,0.0475688,0.0554616,0.0585028,-0.000477961,-0.000785834,-0.000819769,-0.000736125,-0.00068772
70.24,-0.12566094,21231.8,0.175774,0.18866,0.0548228,-0.0690863,-0.103326,0.0217227,0.0382151,0.0495294,0.0550868,0.0573831,-8.35088e-05,-6.47272e-05,0.000151214,0.00036936,0.000471139
70.26,-0.11384168999999998,-108529.0,0.00281915,0.0322896,-0.0977395,-0.203921,-0.249076,0.0235086,0.0404246,0.0491002,0.0523568,0.0538591,0.000368804,0.000721671,0.00113751,0.0014438,0.00158356
70.28,-0.027548874,-235588.0,-0.114321,-0.1241,-0.212528,-0.285306,-0.336706,0.0223936,0.0395065,0.0459976,0.0474645,0.0480012,0.000827827,0.00152098,0.00208849,0.00244201,0.00260216
70.3,0.032118321,-352918.0,-0.119636,-0.230648,-0.255056,-0.292414,-0.325269,0.020054,0.0359591,0.0413217,0.0416873,0.0413815,0.0012523,0.00227564,0.00296168,0.00333353,0.00349599
70.32000000000001,0.026717216999999998,-463469.0,-0.0959564,-0.274453,-0.251426,-0.249443,-0.246269,0.0178981,0.0309081,0.0362569,0.0362687,0.0356661,0.00163182,0.00294431,0.00373747,0.00411309,0.00426647
70.34,-0.027197739,-564757.0,-0.167857,-0.316114,-0.297361,-0.249547,-0.215569,0.01526,0.0250024,0.030769,0.0312788,0.0310477,0.00196341,0.00350341,0.00440773,0.00478856,0.00493361
70.36,-0.038273765999999994,-640260.0,-0.322688,-0.409669,-0.436773,-0.353191,-0.305696,0.0103545,0.0177446,0.0234277,0.0252514,0.0258351,0.00221955,0.00393088,0.0049497,0.00535386,0.00550243
70.38,0.048108452999999995,-671735.0,-0.389736,-0.497592,-0.561113,-0.480021,-0.434004,0.00323029,0.00867196,0.0134488,0.0169193,0.0184381,0.0023554,0.00419505,0.00531846,0.00577557,0.00594517
70.4,0.14352726,-660852.0,-0.275291,-0.49034,-0.551171,-0.520037,-0.48957,-0.00341997,-0.00120736,0.00232601,0.00691873,0.00920233,0.0023535,0.00426969,0.00547621,0.00601395,0.00622157
70.42,0.13923560999999998,-624628.0,-0.194245,-0.482808,-0.537371,-0.578291,-0.581853,-0.00811534,-0.0109388,-0.00855941,-0.00406454,-0.0015119,0.00223815,0.00414823,0.00541388,0.00604249,0.00629847
70.44,0.15515985,-570676.0,-0.170747,-0.411674,-0.5133,-0.611401,-0.661062,-0.0117653,-0.0198836,-0.0190661,-0.0159615,-0.013941,0.00203934,0.00384001,0.00513762,0.00584223,0.00614394
70.46000000000001,0.16382781,-496295.0,-0.141514,-0.270672,-0.467183,-0.595532,-0.678529,-0.0148879,-0.0267071,-0.0288709,-0.0280308,-0.027337,0.00177281,0.0033741,0.00465825,0.00540231,0.00573116
70.48,0.14558153999999998,-403898.0,-0.0810529,-0.143875,-0.405554,-0.554164,-0.636941,-0.0171135,-0.0308526,-0.0375983,-0.0395278,-0.0404916,0.0014528,0.0027985,0.00399356,0.00472672,0.00505288
70.5,0.12303647999999999,-301921.0,-0.0350749,-0.0983419,-0.331687,-0.501815,-0.561911,-0.0182748,-0.0332748,-0.0449707,-0.0500875,-0.0524802,0.00109891,0.00215723,0.00316787,0.00383057,0.00412316
70.52,0.12004023,-194288.0,-0.0723902,-0.151365,-0.284865,-0.456701,-0.504842,-0.0193495,-0.0357718,-0.0511362,-0.0596727,-0.0631477,0.000722671,0.00146676,0.0022068,0.00273297,0.00296688
70.54,0.17259369,-76333.4,-0.130295,-0.215938,-0.253993,-0.376213,-0.433908,-0.0213763,-0.0394449,-0.0565248,-0.0680018,-0.0725352,0.000315413,0.000714597,0.00113019,0.00145622,0.00161005
70.56,0.24097907999999998,56886.2,-0.138039,-0.234305,-0.226091,-0.250946,-0.306558,-0.0240597,-0.0439473,-0.0613256,-0.0742734,-0.0799399,-0.000138947,-0.000119325,-4.83168e-05,3.34716e-05,8.53021e-05
70.58,0.28798017,203038.0,-0.090335,-0.192188,-0.172064,-0.0981818,-0.102857,-0.0263434,-0.0482122,-0.0653072,-0.0777647,-0.084034,-0.000642978,-0.00104092,-0.00131465,-0.00148691,-0.00155444
70.60000000000001,0.29029098,355024.0,-0.0331329,-0.102146,-0.0734845,0.0550721,0.13369,-0.0275781,-0.0511556,-0.0677627,-0.0781958,-0.0837257,-0.00118219,-0.0020346,-0.00264534,-0.00304651,-0.00323203
70.62,0.25637547,509354.0,-0.0216583,-0.01615,0.0274803,0.161497,0.288942,-0.028126,-0.0523385,-0.0682227,-0.0760301,-0.0794994,-0.00173923,-0.00306954,-0.0040052,-0.00458877,-0.00486428
70.64,0.24687620999999998,666973.0,0.0253105,0.105176,0.169013,0.281773,0.378128,-0.0280895,-0.0514483,-0.0662578,-0.0715974,-0.0728287,-0.00230139,-0.00410741,-0.00535,-0.00606505,-0.00638756
70.66,0.21851000999999998,822602.0,0.131746,0.252301,0.345553,0.423029,0.438632,-0.0265189,-0.0478735,-0.0611121,-0.0645494,-0.0646611,-0.00284747,-0.00510062,-0.0066237,-0.00742652,-0.00776246
70.68,0.15831827999999998,960298.0,0.273415,0.423417,0.551197,0.577916,0.535865,-0.0224673,-0.0411163,-0.0521446,-0.0545399,-0.0549161,-0.00333734,-0.00599052,-0.00775627,-0.00861741,-0.00895823
70.7,0.05473269,1065710.0,0.316858,0.529681,0.674064,0.647886,0.60681,-0.0165646,-0.0315853,-0.039892,-0.0422819,-0.0434893,-0.00372765,-0.00671754,-0.00867664,-0.00958563,-0.00994229
70.72,0.005962512,1137830.0,0.296105,0.592577,0.720095,0.673803,0.663599,-0.010435,-0.0203627,-0.0259504,-0.029065,-0.0307853,-0.00399765,-0.00723702,-0.00933506,-0.0102991,-0.010685
70.74,-0.0042037362,1181060.0,0.291906,0.62026,0.719951,0.706823,0.715419,-0.00455483,-0.00823437,-0.01155,-0.0152588,-0.0169951,-0.00414755,-0.00752299,-0.00971007,-0.0107423,-0.0111628
70.76,-0.006588587999999999,1192880.0,0.320639,0.593529,0.69541,0.74612,0.758969,0.00157063,0.00390352,0.00260363,-0.000729353,-0.0022512,-0.00417739,-0.0075663,-0.00979953,-0.0109022,-0.0113553
70.78,-0.008809484999999999,1167670.0,0.312365,0.49829,0.639356,0.742536,0.76986,0.00790067,0.0148217,0.0159513,0.0141572,0.0130371,-0.00408268,-0.00737905,-0.00961398,-0.0107679,-0.0112474
70.8,0.012659678999999998,1106050.0,0.259917,0.401089,0.579231,0.70682,0.764063,0.0136235,0.0238155,0.0281372,0.0286508,0.0283763,-0.00386743,-0.00699267,-0.00917309,-0.0103399,-0.0108333
70.82000000000001,0.032524739999999996,1014990.0,0.18427,0.329121,0.505898,0.642873,0.721582,0.0180654,0.0311176,0.0389885,0.0421477,0.0432328,-0.00355055,-0.00644334,-0.00850184,-0.00963187,-0.0101172
70.84,0.050517998999999994,903104.0,0.117939,0.27103,0.417367,0.55606,0.629464,0.0210875,0.0371191,0.0482211,0.054137,0.0567433,-0.00315902,-0.00576098,-0.00762974,-0.00866903,-0.00911745
70.86,0.06657692999999999,780073.0,0.024817,0.157241,0.278226,0.396441,0.446832,0.022515,0.0414018,0.0551771,0.063662,0.0675062,-0.00272299,-0.00497577,-0.00659576,-0.00749104,-0.00787496
70.88,0.12812271,655610.0,-0.0286718,0.0471595,0.155332,0.221942,0.248682,0.0224765,0.0434458,0.0595126,0.0698459,0.0744614,-0.00227308,-0.00412729,-0.00544886,-0.00615596,-0.00645528
70.9,0.1775004,533836.0,-0.02694,-0.0290192,0.0494123,0.0546277,0.0591691,0.0219203,0.0436272,0.0615601,0.0726116,0.0775399,-0.00182911,-0.00325656,-0.00423814,-0.00473138,-0.00493527
70.92,0.20562434999999998,411704.0,0.024758,-0.0387337,-0.0324904,-0.0677247,-0.0877582,0.0218985,0.0429497,0.0617293,0.0724806,0.077254,-0.00139092,-0.00239079,-0.00300524,-0.00328046,-0.00338733
70.94,0.19134689999999996,284867.0,0.0384444,-0.0367301,-0.130279,-0.182721,-0.220896,0.0225306,0.0421951,0.0601016,0.0699761,0.0741674,-0.000946631,-0.00153934,-0.00178693,-0.00185589,-0.00187312
70.96000000000001,0.17859740999999998,153202.0,0.015309,-0.0363739,-0.210978,-0.28226,-0.320319,0.0230681,0.041464,0.056689,0.0653263,0.0687553,-0.000490645,-0.000702752,-0.000619028,-0.00050287,-0.000443892
70.98,0.15928218,20058.2,-0.0210933,-0.0624027,-0.25998,-0.364893,-0.39379,0.0230102,0.0404763,0.0519794,0.0588548,0.0616142,-2.98613e-05,0.000116651,0.000467657,0.000738942,0.000859803
71.0,0.14075643,-112251.0,-0.0200009,-0.0833907,-0.242628,-0.376253,-0.41135,0.0225993,0.0390183,0.0469534,0.0514434,0.0535628,0.000426234,0.000911596,0.00145698,0.00184192,0.00201157
71.02,0.08618184,-243187.0,-0.0426555,-0.131752,-0.223084,-0.351886,-0.412348,0.0219727,0.0368669,0.0422962,0.044162,0.0453258,0.000871955,0.00167045,0.00234948,0.00279798,0.00300046
71.04,0.03836184299999999,-369131.0,-0.104928,-0.19569,-0.230095,-0.316275,-0.39026,0.0204969,0.0335925,0.0377645,0.0374803,0.0372998,0.00129665,0.00237504,0.00315009,0.0036144,0.00382672
71.06,0.0069932729999999995,-480688.0,-0.200306,-0.282767,-0.29136,-0.317694,-0.362015,0.0174446,0.0288079,0.0325499,0.0311407,0.029777,0.00167607,0.00299905,0.00385323,0.00430061,0.00449748
71.08,0.016555059,-565453.0,-0.294073,-0.394148,-0.400182,-0.370771,-0.352183,0.0125008,0.0220387,0.0256345,0.024256,0.022635,0.00197552,0.00350751,0.00443508,0.00485458,0.0050216
71.10000000000001,0.07043711999999999,-613129.0,-0.355273,-0.514305,-0.524619,-0.453404,-0.383967,0.00600731,0.0129542,0.0163865,0.0160143,0.0152735,0.0021606,0.00385744,0.00485528,0.00525728,0.00540069
71.12,0.15047193,-624129.0,-0.272073,-0.504432,-0.524333,-0.432592,-0.358313,-0.000266148,0.00276684,0.00589695,0.0071543,0.00785073,0.00221801,0.00401465,0.00507812,0.00548896,0.00563193
71.14,0.12617145,-610771.0,-0.160355,-0.417869,-0.465579,-0.386619,-0.345757,-0.00459042,-0.00645617,-0.00400217,-0.00103781,0.000810026,0.00216945,0.00397776,0.00509707,0.00555013,0.00571854
71.16,0.06775094999999999,-579380.0,-0.173991,-0.369077,-0.466357,-0.440789,-0.440089,-0.00793389,-0.0143256,-0.0133215,-0.00931189,-0.00704844,0.0020442,0.00376994,0.00492383,0.00544663,0.00565616
71.18,0.09344066999999999,-525293.0,-0.161282,-0.256512,-0.402392,-0.460141,-0.488385,-0.0112866,-0.0205815,-0.022009,-0.0183212,-0.0163332,0.001852,0.00342087,0.00457052,0.0051703,0.00542234
71.2,0.07655763,-452647.0,-0.0698607,-0.113255,-0.273503,-0.416009,-0.468651,-0.0135981,-0.0242792,-0.028768,-0.0270827,-0.0259035,0.00160315,0.00297226,0.00406275,0.00471626,0.00499997
71.22,0.012089550000000001,-374337.0,-0.00961923,-0.0502871,-0.182153,-0.37767,-0.45956,-0.0143929,-0.0259146,-0.0333245,-0.0350195,-0.0351857,0.00132324,0.00247032,0.00344183,0.00409524,0.00438908
71.24,-0.006236688,-293703.0,-0.0237845,-0.0532942,-0.141591,-0.335642,-0.441053,-0.0147269,-0.0269504,-0.036562,-0.0421526,-0.0441918,0.00103204,0.00194167,0.00274297,0.00332352,0.00359531
71.26,0.020264952,-208278.0,-0.00313381,-0.0126446,-0.0739838,-0.210466,-0.308015,-0.0149961,-0.0276098,-0.0387177,-0.0476137,-0.0516825,0.000734814,0.00139607,0.00199017,0.00242586,0.00263656
71.28,-0.00049431903,-124859.0,0.0791615,0.0669648,0.0166582,-0.0280132,-0.0730844,-0.0142358,-0.0270666,-0.039291,-0.0499985,-0.0554935,0.000442495,0.000849308,0.00121008,0.00144974,0.0015648
71.3,-0.06489647999999999,-53102.9,0.103674,0.0955831,0.0679001,0.114628,0.146692,-0.0124074,-0.0254411,-0.0384454,-0.0491323,-0.0547574,0.000176063,0.000324231,0.000432718,0.000458429,0.000462295
71.32000000000001,-0.09231357,9123.58,0.0326684,0.0725191,0.0972441,0.207616,0.298041,-0.011044,-0.0237601,-0.0367939,-0.0459099,-0.0503101,-5.84519e-05,-0.000167781,-0.000319675,-0.000491993,-0.000588379
71.34,-0.07855479,71793.9,-0.0463012,0.0394263,0.137652,0.276717,0.374906,-0.0111803,-0.0226406,-0.034445,-0.0410665,-0.0435806,-0.000280696,-0.000631789,-0.00103206,-0.00136176,-0.00152729
71.36,-0.05212455,139997.0,-0.0417035,0.0310676,0.199766,0.339856,0.403166,-0.0120604,-0.0219357,-0.0310708,-0.0349008,-0.0357999,-0.000513103,-0.00107755,-0.00168722,-0.00212143,-0.00232109
71.38,-0.040524650999999995,209739.0,0.0405746,0.079509,0.287701,0.409633,0.434532,-0.0120717,-0.0208299,-0.0261961,-0.0274059,-0.0274229,-0.000754424,-0.00150521,-0.00225989,-0.0027445,-0.00295332
71.4,-0.07137755999999999,273243.0,0.0932486,0.152257,0.343734,0.434516,0.44878,-0.0107335,-0.0185123,-0.0198818,-0.0189644,-0.0185898,-0.000982475,-0.00189863,-0.00272067,-0.0032082,-0.00341344
71.42,-0.10014054,327957.0,0.0800037,0.206031,0.322366,0.37717,0.403477,-0.00900093,-0.0149294,-0.0132208,-0.0108476,-0.0100672,-0.00117982,-0.00223305,-0.0030517,-0.00350632,-0.00370001
71.44,-0.07845075,373957.0,0.148145,0.314149,0.33618,0.357958,0.389465,-0.00671944,-0.0097276,-0.00663533,-0.00349628,-0.00213779,-0.00133702,-0.00247962,-0.00325026,-0.00364976,-0.00382207
71.46000000000001,-0.10544709,402679.0,0.258156,0.407607,0.373674,0.365455,0.377248,-0.00265643,-0.00251005,0.000463213,0.00373784,0.00552934,-0.00143078,-0.00260199,-0.00331198,-0.00364734,-0.00378815
71.48,-0.15430611,402402.0,0.281593,0.40282,0.37406,0.335119,0.313089,0.00274106,0.00559422,0.00794055,0.0107436,0.0124327,-0.00142993,-0.00257115,-0.00322794,-0.00350253,-0.00360853
71.5,-0.15655112999999998,373060.0,0.191091,0.307145,0.315456,0.251502,0.205324,0.00746791,0.0126939,0.0148357,0.0166098,0.0176168,-0.00132785,-0.00238827,-0.00300018,-0.003229,-0.00330803
71.52,-0.09748854,321029.0,0.17374,0.286679,0.323812,0.258521,0.211341,0.0111162,0.0186321,0.0212284,0.02171,0.0217835,-0.001142,-0.00207501,-0.00263954,-0.0028458,-0.00291403
71.54,-0.12080777999999999,246236.0,0.177344,0.274856,0.323844,0.291179,0.264456,0.0146271,0.0242475,0.027705,0.027207,0.0265415,-0.000884571,-0.00164622,-0.0021502,-0.00235663,-0.00243078
71.56,-0.16242582,153310.0,0.0424435,0.131161,0.190196,0.211663,0.218124,0.0168249,0.0283076,0.0328454,0.0322355,0.0313673,-0.000570051,-0.00112067,-0.0015447,-0.0017622,-0.00185169
71.58,-0.08974929,58277.2,-0.0535543,0.0188042,0.0929143,0.165383,0.205951,0.0167138,0.0298073,0.0356765,0.0360059,0.035608,-0.000234664,-0.000539516,-0.000859482,-0.00107979,-0.00118194
71.60000000000001,-0.05710878,-35017.1,0.0403581,0.0563082,0.140806,0.24538,0.307074,0.0165819,0.0305584,0.0380137,0.0401135,0.0407383,9.82934e-05,6.41412e-05,-0.000122581,-0.000318594,-0.000418477
71.62,-0.1659897,-140901.0,0.158354,0.130091,0.209487,0.32407,0.385635,0.018569,0.0324224,0.0415166,0.045808,0.0476654,0.000449802,0.000693949,0.000672722,0.000540621,0.000465559
71.64,-0.29415473999999997,-263617.0,0.0878301,0.109513,0.168334,0.26868,0.313944,0.0210308,0.0348185,0.0452948,0.0517355,0.0546611,0.0008458,0.00136636,0.00154084,0.00151606,0.00148882
71.66,-0.31172985,-386170.0,-0.086799,0.0216541,0.057133,0.115957,0.140581,0.0210411,0.0361301,0.0475495,0.0555819,0.0592064,0.00126652,0.00207584,0.00246928,0.00258923,0.0026275
71.68,-0.25391268,-491774.0,-0.173241,-0.0871651,-0.0604336,-0.0615833,-0.0577348,0.0184407,0.035475,0.0475165,0.0561256,0.0600349,0.00166134,0.0027919,0.00341994,0.00370631,0.00381991
71.7,-0.18262589999999998,-581295.0,-0.0926006,-0.144745,-0.113666,-0.167706,-0.188421,0.0157823,0.0331559,0.0457755,0.0538328,0.0575733,0.00200357,0.0034782,0.00435286,0.00480589,0.00499599
71.72,-0.17758506,-666623.0,-0.0101178,-0.16557,-0.15263,-0.227552,-0.272685,0.0147551,0.0300528,0.0431125,0.0498802,0.0529622,0.00230894,0.00411029,0.00524174,0.00584302,0.00610135
71.74,-0.20310699000000002,-754053.0,-0.00886127,-0.143563,-0.206679,-0.26931,-0.321619,0.0145654,0.0269614,0.0395194,0.0449116,0.0470192,0.00260215,0.00468043,0.00606806,0.00679094,0.00710116
71.76,-0.23348462999999997,-837761.0,-0.078781,-0.143018,-0.315327,-0.358011,-0.389144,0.0136889,0.0240956,0.0342994,0.0386384,0.0399116,0.00288469,0.005191,0.00680625,0.00762644,0.00797047
71.78,-0.21103086,-907902.0,-0.120319,-0.172906,-0.404433,-0.448943,-0.447161,0.0116979,0.0209364,0.0271018,0.0305688,0.0315485,0.00313856,0.00564132,0.00742026,0.00831851,0.00868507
71.8,-0.17807975999999998,-961066.0,-0.157608,-0.271913,-0.457778,-0.530714,-0.52019,0.00891867,0.0164882,0.0184797,0.0207722,0.021875,0.00334473,0.00601557,0.00787607,0.00883192,0.00921931
71.82000000000001,-0.13083897,-999508.0,-0.177321,-0.364062,-0.442397,-0.543748,-0.566449,0.00556937,0.0101284,0.00947792,0.0100276,0.0110087,0.00348961,0.00628174,0.00815565,0.00913992,0.00954815
71.84,-0.11512484999999999,-1021800.0,-0.221052,-0.431267,-0.439416,-0.536154,-0.606921,0.00158564,0.00217514,0.000659798,-0.000771396,-0.000725051,0.00356116,0.00640477,0.00825702,0.00923248,0.00965098
71.86,-0.08756394,-1018840.0,-0.261533,-0.441534,-0.46713,-0.521696,-0.602797,-0.00324021,-0.00655287,-0.00840566,-0.0113499,-0.0128222,0.00354461,0.00636099,0.00817957,0.00911127,0.00951551
71.88,-0.057383159999999996,-983875.0,-0.248989,-0.391825,-0.482042,-0.487593,-0.517446,-0.00834542,-0.0148865,-0.0178974,-0.0214428,-0.0240247,0.00342876,0.0061466,0.00791653,0.00878334,0.00914704
71.9,-0.058172129999999996,-920514.0,-0.213506,-0.35151,-0.482023,-0.465998,-0.421301,-0.0129704,-0.0223198,-0.027538,-0.0309787,-0.0334121,0.0032156,0.00577454,0.00746218,0.00825913,0.00857267
71.92,-0.055066229999999994,-833504.0,-0.207514,-0.360534,-0.480535,-0.474486,-0.401275,-0.0171806,-0.0294403,-0.0371636,-0.0403835,-0.0416379,0.00291409,0.00525694,0.00681516,0.0075455,0.00782217
71.94,-0.007887558,-720669.0,-0.219098,-0.379221,-0.464533,-0.478728,-0.451891,-0.0214467,-0.0368378,-0.0466143,-0.0499157,-0.0501696,0.00252781,0.00459416,0.00597738,0.00664251,0.0069041
71.96000000000001,0.06357813,-581403.0,-0.177285,-0.337351,-0.398092,-0.428915,-0.477537,-0.0254105,-0.0440035,-0.0552405,-0.0589921,-0.0594639,0.00205924,0.00378574,0.00495884,0.00555343,0.00580776
71.98,0.09667866,-427271.0,-0.0441481,-0.191301,-0.24845,-0.298754,-0.37937,-0.0276249,-0.04929,-0.061706,-0.0662688,-0.0680329,0.00152889,0.00285281,0.00378937,0.00430082,0.00453279
72.0,0.040322690999999994,-273435.0,0.0261422,-0.055758,-0.123735,-0.200335,-0.249302,-0.0278049,-0.0517606,-0.0654278,-0.0712597,-0.0743196,0.00097459,0.0018423,0.00251803,0.00292554,0.00310927
72.02,0.0033991907999999997,-119812.0,-0.0349242,-0.00214666,-0.0818176,-0.173619,-0.176545,-0.0278927,-0.0523397,-0.0674833,-0.0749993,-0.0785781,0.000417614,0.000801299,0.00118892,0.00146295,0.00158029
72.04,0.05206130999999999,43535.0,-0.0499918,0.0525016,-0.0176429,-0.0918278,-0.0882664,-0.0287419,-0.0518361,-0.0684779,-0.0776537,-0.0812262,-0.000148733,-0.000240459,-0.000170691,-6.35813e-05,-1.77515e-05
72.06,0.08372313,215513.0,0.00471055,0.0633309,0.042556,0.0141749,-0.00947288,-0.0291947,-0.0506778,-0.0682288,-0.0784303,-0.0822036,-0.000728099,-0.0012656,-0.00153776,-0.00162442,-0.00165205
72.08,0.12123108,385627.0,0.056093,0.0274859,0.0806488,0.0995011,0.0659552,-0.0285867,-0.0497696,-0.0669968,-0.0772935,-0.0816388,-0.00130591,-0.00227007,-0.00289001,-0.00318166,-0.00329047
72.10000000000001,0.17762127,545966.0,0.0952283,0.053401,0.154546,0.206393,0.207835,-0.0270735,-0.0489608,-0.0646448,-0.0742346,-0.0789009,-0.00186252,-0.00325738,-0.00420643,-0.00469694,-0.00489587
72.12,0.18770193,690994.0,0.142402,0.180676,0.270819,0.348614,0.402073,-0.0246972,-0.04662,-0.0603912,-0.0686845,-0.0728018,-0.00238022,-0.00421318,-0.00545679,-0.00612613,-0.0064129
72.14,0.13945185,819775.0,0.119502,0.262411,0.313911,0.41479,0.492349,-0.0220781,-0.0421891,-0.0545439,-0.0610505,-0.0638576,-0.00284797,-0.00510127,-0.00660614,-0.00742348,-0.00777949
72.16,0.15533936999999998,938215.0,0.1111,0.313108,0.364285,0.468144,0.529888,-0.0197721,-0.0364339,-0.0477619,-0.0522211,-0.0536352,-0.00326648,-0.00588751,-0.0076292,-0.0085562,-0.00895442
72.18,0.17219843999999998,1046120.0,0.168381,0.358924,0.470293,0.542458,0.570321,-0.0169773,-0.0297136,-0.0394161,-0.0421151,-0.0426331,-0.00363397,-0.00654898,-0.00850098,-0.00949956,-0.0099171
72.2,0.14798466,1131130.0,0.266591,0.41743,0.598582,0.624728,0.623495,-0.0126276,-0.0219501,-0.0287274,-0.0304432,-0.030695,-0.00393002,-0.00706562,-0.00918241,-0.0102251,-0.0106504
72.22,0.09512519999999998,1182670.0,0.30837,0.469578,0.663088,0.670346,0.654082,-0.00687796,-0.01308,-0.0161107,-0.0174925,-0.0179192,-0.00412507,-0.00741592,-0.00963079,-0.0107045,-0.0111365
72.24,0.06584508,1199740.0,0.316958,0.55223,0.692543,0.722404,0.711327,-0.000624671,-0.00286192,-0.00255437,-0.00356501,-0.00426509,-0.0042001,-0.00757534,-0.00981745,-0.0109151,-0.0113584
72.26,0.018561908999999998,1182840.0,0.31596,0.6122,0.692167,0.756555,0.774112,0.00570451,0.00878238,0.0112927,0.0112246,0.0105893,-0.0041493,-0.00751613,-0.00973006,-0.0108385,-0.0112951
72.28,-0.029714385,1128960.0,0.343369,0.630396,0.704192,0.780528,0.833849,0.0122978,0.0212083,0.0252563,0.0265954,0.0266689,-0.00396928,-0.00721623,-0.00936457,-0.0104603,-0.0109225
72.3,-0.08847888,1037380.0,0.309627,0.548372,0.673246,0.741021,0.804682,0.0188278,0.032996,0.0390307,0.0418109,0.0430542,-0.00365802,-0.00667418,-0.0087217,-0.00977621,-0.0102253
72.32000000000001,-0.09379256999999999,916432.0,0.18012,0.374073,0.55709,0.623861,0.660079,0.0237252,0.0422204,0.0513341,0.0554597,0.0577018,-0.00323249,-0.00592202,-0.00781805,-0.00880351,-0.00921775
72.34,-0.023675474999999998,778328.0,0.0820403,0.221841,0.421808,0.506322,0.508521,0.0263468,0.0481796,0.061123,0.0667616,0.0693878,-0.00273177,-0.00501802,-0.00669348,-0.0075813,-0.00794685
72.36,0.032754188999999996,628206.0,0.0610643,0.127169,0.293777,0.394908,0.399536,0.0277779,0.0516697,0.0682789,0.0757739,0.0784684,-0.00219053,-0.00401952,-0.00539946,-0.00615594,-0.00646829
72.38,0.04758646799999999,467217.0,0.03653,0.0501322,0.150962,0.245527,0.289541,0.0287538,0.0534427,0.0727263,0.0821782,0.0853592,-0.00162521,-0.0029684,-0.00398941,-0.00457642,-0.00483002
72.4,0.06116124,302574.0,-0.038533,-0.035073,-0.0130871,0.0531229,0.125937,0.0287338,0.0535933,0.074105,0.0851647,0.0895139,-0.00105033,-0.00189804,-0.0025211,-0.00290299,-0.00308129
72.42,0.09994826999999999,142868.0,-0.0476443,-0.0593,-0.111045,-0.0820093,-0.0317538,0.027872,0.0526496,0.0728637,0.0848758,0.0904557,-0.000484275,-0.000835613,-0.00105141,-0.00120259,-0.00128159
72.44,0.08736453,-12417.7,-0.0114514,-0.0758231,-0.175633,-0.191823,-0.202686,0.0272811,0.0512983,0.0699969,0.0821375,0.0881114,6.72561e-05,0.000203866,0.000377196,0.000467546,0.000504082
72.46000000000001,0.06016061999999999,-166995.0,-0.0252092,-0.136688,-0.251458,-0.327162,-0.38999,0.0269145,0.0491732,0.065726,0.0769477,0.0821846,0.000609211,0.00120858,0.00173443,0.0020584,0.00220704
72.48,0.06302988,-317289.0,-0.106389,-0.220922,-0.336042,-0.47322,-0.551521,0.0255985,0.0455971,0.059851,0.0689438,0.0727695,0.00113434,0.00215628,0.0029902,0.00351731,0.00375658
72.5,0.08625426,-456339.0,-0.149398,-0.255746,-0.380816,-0.548925,-0.619518,0.0230406,0.0408304,0.0526824,0.0587224,0.0610591,0.00162073,0.00302056,0.00411553,0.00479398,0.00509487
72.52,0.06852768,-581145.0,-0.145962,-0.26985,-0.414066,-0.562381,-0.624129,0.020087,0.0355745,0.0447336,0.0476093,0.0486226,0.00205201,0.00378461,0.00508969,0.00585729,0.00619168
72.54,0.032249748,-691105.0,-0.134505,-0.282975,-0.434144,-0.528189,-0.579217,0.0172823,0.0300462,0.0362515,0.0367036,0.0365891,0.0024257,0.00444082,0.00589954,0.00670042,0.0070438
72.56,-0.015046121999999999,-784342.0,-0.16573,-0.321269,-0.454917,-0.495264,-0.521257,0.01428,0.0240038,0.0273609,0.0264691,0.0255844,0.00274132,0.00498132,0.00653567,0.00733215,0.00766554
72.58,-0.043708070999999994,-856482.0,-0.223669,-0.38248,-0.482815,-0.488872,-0.480676,0.010386,0.0169663,0.0179836,0.0166278,0.0155651,0.00298798,0.00539102,0.00698911,0.00776312,0.00807703
72.60000000000001,-0.039817536,-897735.0,-0.347175,-0.526691,-0.592009,-0.578465,-0.549804,0.00467756,0.00787461,0.00723534,0.00595438,0.00526028,0.00313862,0.00563943,0.0072413,0.00798894,0.00828529
72.62,0.06719709,-897368.0,-0.385031,-0.604291,-0.641786,-0.616855,-0.593575,-0.0026445,-0.0034352,-0.00510261,-0.00599881,-0.00617351,0.00315895,0.00568382,0.00726263,0.0079885,0.00827615
72.64,0.13026675,-857352.0,-0.31384,-0.571449,-0.599846,-0.577016,-0.572045,-0.00963321,-0.0151926,-0.0175189,-0.0179375,-0.0178297,0.00303617,0.00549754,0.00703641,0.00774913,0.00803612
72.66,0.11386769999999999,-789368.0,-0.214727,-0.464947,-0.518531,-0.517019,-0.524256,-0.0149189,-0.0255566,-0.0287027,-0.0288779,-0.0287927,0.00279065,0.00509005,0.0065742,0.00728098,0.0075699
72.68,0.06908714999999999,-697733.0,-0.186065,-0.359386,-0.471377,-0.504543,-0.515798,-0.0189268,-0.0337999,-0.0386018,-0.0390935,-0.0391933,0.00245219,0.00449649,0.00590115,0.00660126,0.00689004
72.7,0.06894383999999999,-582056.0,-0.112355,-0.19091,-0.360211,-0.430979,-0.450048,-0.021911,-0.0393028,-0.0469176,-0.0484487,-0.0488517,0.00204382,0.00376546,0.00504596,0.00572584,0.00600959
72.72,0.01861449,-452969.0,0.0021403,-0.0312167,-0.210023,-0.31653,-0.354133,-0.0230131,-0.0415241,-0.05262,-0.0559238,-0.0568935,0.00159458,0.00295719,0.00405058,0.00468212,0.00495214
72.74,-0.049836587999999994,-325270.0,0.0519094,0.0295347,-0.0970288,-0.231464,-0.291863,-0.0224726,-0.0415409,-0.0556905,-0.0614037,-0.0633535,0.00113972,0.00212654,0.00296748,0.00350884,0.00374967
72.76,-0.05959502999999999,-201577.0,0.0243382,0.0308005,-0.0162783,-0.152978,-0.227232,-0.0217102,-0.0409376,-0.0568236,-0.0652482,-0.0685444,0.000697889,0.00130176,0.00184234,0.00224232,0.00243069
72.78,-0.031914015,-78780.0,0.0261516,0.0680465,0.0820247,-0.01242,-0.0788053,-0.0212053,-0.0399491,-0.0561661,-0.0669021,-0.0716048,0.000268735,0.000492889,0.000712441,0.000920819,0.00102919
72.8,-0.041694182999999996,39651.5,0.0668655,0.116558,0.161219,0.148626,0.119603,-0.0202751,-0.038103,-0.0537337,-0.0655401,-0.0711968,-0.000146069,-0.000287632,-0.000386557,-0.000403603,-0.000398822
72.82000000000001,-0.06329354999999999,149384.0,0.0726268,0.124404,0.189783,0.266087,0.297457,-0.0188802,-0.0356934,-0.0502236,-0.061393,-0.0670262,-0.000537621,-0.0010256,-0.00142613,-0.00167293,-0.00178105
72.84,-0.05166402,254742.0,0.00101926,0.0743854,0.167951,0.306464,0.394345,-0.0181437,-0.0337055,-0.0466463,-0.0556675,-0.0601082,-0.00090786,-0.00171959,-0.00239483,-0.00284354,-0.0030524
72.86,0.015463607999999998,362557.0,-0.0211798,0.058579,0.184292,0.347515,0.45557,-0.0183453,-0.0323759,-0.0431239,-0.0491277,-0.051609,-0.00127275,-0.0023804,-0.00329253,-0.00389149,-0.00416957
72.88,0.05830013999999999,468586.0,0.0866311,0.138485,0.286832,0.443826,0.527433,-0.0176908,-0.0304052,-0.0384126,-0.0412142,-0.041779,-0.00163311,-0.00300821,-0.0041079,-0.00479491,-0.00510345
72.9,0.019596851999999998,559625.0,0.190657,0.243711,0.39341,0.518411,0.558603,-0.0149179,-0.0265833,-0.0316102,-0.0315919,-0.0309187,-0.0019592,-0.0035781,-0.00480812,-0.00552297,-0.00583043
72.92,-0.03144359099999999,628224.0,0.212035,0.345895,0.469803,0.539695,0.549948,-0.010891,-0.0206872,-0.0229781,-0.0210108,-0.0198331,-0.00221729,-0.0040508,-0.00535401,-0.006049,-0.00633794
72.94,-0.06636528,674246.0,0.22774,0.463805,0.544521,0.549802,0.549723,-0.00649325,-0.0125902,-0.0128348,-0.0101158,-0.00883643,-0.00239113,-0.00438358,-0.00571213,-0.00636026,-0.00662464
72.96000000000001,-0.11465054999999999,694715.0,0.293053,0.567209,0.616266,0.572403,0.563448,-0.00128531,-0.00228008,-0.00122695,0.00110621,0.00229528,-0.00246892,-0.00453228,-0.00585275,-0.00645036,-0.00669005
72.98,-0.17649519,683745.0,0.316932,0.565573,0.618829,0.55976,0.53281,0.00481454,0.00904774,0.011124,0.0124278,0.0132579,-0.00243362,-0.0044646,-0.00575378,-0.00631502,-0.00653452
73.0,-0.18794825999999998,640783.0,0.260298,0.466696,0.550693,0.510615,0.471147,0.0105868,0.0193704,0.0228192,0.0231316,0.0232974,-0.00227961,-0.00418042,-0.00541435,-0.00595942,-0.00616897
73.02,-0.14988747,571513.0,0.169093,0.324494,0.431739,0.434125,0.408908,0.0148808,0.0272823,0.0326435,0.032579,0.032098,-0.00202493,-0.00371389,-0.00485972,-0.00540232,-0.00561501
73.04,-0.08498691,482555.0,0.112667,0.200043,0.302938,0.359248,0.375335,0.0176984,0.0325277,0.0399903,0.0405127,0.0399404,-0.00169914,-0.00311579,-0.00413338,-0.0046714,-0.00489463
73.06,-0.033648219,377321.0,0.102933,0.132367,0.213526,0.320005,0.38116,0.0198544,0.0358518,0.0451549,0.0473052,0.0475053,-0.00132362,-0.002432,-0.00328193,-0.00379322,-0.00402017
73.08,-0.035107737,254881.0,0.121306,0.13869,0.199861,0.332212,0.416157,0.0220968,0.0385624,0.0492888,0.0538274,0.0554785,-0.000904106,-0.00168786,-0.00233749,-0.00278189,-0.00299033
73.10000000000001,-0.10798893,117179.0,0.0588716,0.105735,0.155714,0.274704,0.34855,0.0238985,0.0410066,0.0528446,0.0598966,0.0631256,-0.000444153,-0.000892167,-0.00131616,-0.00164466,-0.00180429
73.12,-0.13235009999999997,-23819.7,-0.0294518,0.0435924,0.0901456,0.160579,0.198579,0.0241927,0.0424999,0.0553032,0.0642494,0.0685968,3.67597e-05,-5.71016e-05,-0.000234682,-0.000403195,-0.00048707
73.14,-0.11856531,-157435.0,-0.0473021,0.0048444,0.0539555,0.0616936,0.0559258,0.0234252,0.0429843,0.0567442,0.0664721,0.0711419,0.000512939,0.00079774,0.000885791,0.00090402,0.000910318
73.16,-0.1320441,-286894.0,-0.00587209,-0.0131465,0.0336966,-0.0116793,-0.0499237,0.0228934,0.0429012,0.0576207,0.0669723,0.0712019,0.000976125,0.0016566,0.00202944,0.00223846,0.00233376
73.18,-0.17479994999999998,-419451.0,0.0025501,-0.0440962,-0.0268838,-0.100315,-0.14877,0.0228602,0.0423288,0.0576888,0.0658523,0.069215,0.00143366,0.0025089,0.00318253,0.00356671,0.00373792
73.2,-0.19730625,-550801.0,-0.0690917,-0.109183,-0.158679,-0.231462,-0.270208,0.0221948,0.040796,0.0558332,0.0625345,0.0650252,0.00188421,0.00334014,0.00431776,0.00485058,0.00508033
73.22,-0.16444541999999998,-670510.0,-0.103871,-0.145435,-0.270375,-0.323949,-0.344373,0.0204652,0.0382498,0.0515426,0.0569804,0.0588794,0.00231081,0.0041306,0.00539151,0.00604573,0.00631937
73.24,-0.15350439,-778326.0,-0.0704283,-0.169067,-0.330046,-0.366464,-0.371612,0.0187222,0.0351048,0.0455384,0.0500763,0.0517195,0.00270269,0.00486415,0.00636232,0.0071163,0.00742536
73.26,-0.17665482,-883460.0,-0.0180638,-0.180364,-0.320669,-0.357682,-0.358646,0.0178373,0.0316105,0.0390313,0.0428348,0.0444169,0.00306828,0.0055313,0.00720802,0.00804541,0.00838673
73.28,-0.2366655,-988361.0,-0.0794954,-0.234334,-0.329077,-0.379833,-0.391039,0.0168617,0.0274635,0.0325338,0.0354597,0.0369201,0.00341527,0.00612204,0.00792367,0.00882835,0.0092001
73.3,-0.24962409,-1079940.0,-0.223101,-0.319746,-0.383622,-0.442311,-0.472344,0.0138357,0.0219227,0.0254068,0.0272383,0.0282863,0.00372224,0.00661591,0.00850308,0.00945533,0.00985216
73.32000000000001,-0.20454569999999997,-1140140.0,-0.331114,-0.417057,-0.468268,-0.518797,-0.559784,0.00829356,0.0145547,0.0168879,0.0176272,0.017965,0.00394354,0.00698068,0.00892603,0.00990399,0.0103147
73.34,-0.13222769999999998,-1163170.0,-0.298215,-0.456027,-0.495338,-0.529544,-0.559492,0.00200027,0.00582388,0.00725186,0.00714378,0.00677221,0.00404647,0.00718447,0.00916742,0.0101517,0.010562
73.36,-0.12072872999999999,-1156770.0,-0.23336,-0.467321,-0.502223,-0.522373,-0.525302,-0.00331549,-0.00340961,-0.00272375,-0.00337539,-0.00407572,0.00403332,0.00720861,0.00921271,0.0101894,0.010589
73.38,-0.12478272,-1128390.0,-0.18097,-0.41181,-0.478616,-0.486447,-0.469681,-0.0074588,-0.0122009,-0.0125321,-0.0134636,-0.0140255,0.00392558,0.0070525,0.00906015,0.010021,0.010408
73.4,-0.15011339999999998,-1078650.0,-0.16481,-0.327449,-0.460731,-0.458525,-0.444458,-0.0109166,-0.0195935,-0.0219256,-0.0229133,-0.0231669,0.00374183,0.00673456,0.00871557,0.00965722,0.0100361
73.42,-0.15720546,-1005830.0,-0.164593,-0.270705,-0.451678,-0.45826,-0.460963,-0.0142106,-0.025575,-0.0310497,-0.0320811,-0.0322211,0.00349055,0.00628287,0.00818582,0.00910728,0.00948219
73.44,-0.13122759,-910341.0,-0.174886,-0.277645,-0.437112,-0.487056,-0.5059,-0.0176054,-0.0310585,-0.0399376,-0.0415343,-0.0418898,0.00317239,0.00571654,0.00747594,0.00837112,0.00874108
73.46000000000001,-0.07275456,-795594.0,-0.162409,-0.290472,-0.375334,-0.485309,-0.520983,-0.0209784,-0.0367397,-0.0480621,-0.051258,-0.0521586,0.00278656,0.00503856,0.00659595,0.0074432,0.0078006
73.48,-0.029255690999999997,-664649.0,-0.156861,-0.293027,-0.319365,-0.458062,-0.518598,-0.0241711,-0.0425747,-0.055009,-0.0606917,-0.0625544,0.00233506,0.00424541,0.00556524,0.0063237,0.00665347
73.5,0.021369101999999997,-517941.0,-0.121427,-0.232045,-0.262451,-0.369378,-0.447989,-0.0269539,-0.0478254,-0.0608272,-0.0689661,-0.0722203,0.00182381,0.00334141,0.00440687,0.00502713,0.00530572
73.52,0.042543945,-358130.0,-0.0551565,-0.125449,-0.200757,-0.239949,-0.297946,-0.0287198,-0.0514004,-0.0654593,-0.0750593,-0.0796797,0.00126707,0.00234915,0.00314401,0.00358687,0.00378672
73.54,0.032557278,-192843.0,0.0101548,-0.0245743,-0.127074,-0.113622,-0.108417,-0.0291698,-0.0529006,-0.0687376,-0.078595,-0.0837433,0.000688178,0.00130615,0.00180204,0.00205033,0.00215249
73.56,0.016186278,-30690.1,0.0761926,0.0763428,-0.000590827,0.0282562,0.0920222,-0.0283063,-0.0523829,-0.0700142,-0.0794487,-0.0839072,0.000113417,0.000253311,0.000414521,0.00046989,0.000475983
73.58,-0.019710887999999996,123941.0,0.0753898,0.119495,0.111237,0.138226,0.202053,-0.0267905,-0.0504245,-0.0689078,-0.0777839,-0.0809665,-0.000437551,-0.000774764,-0.000974699,-0.00110244,-0.00117275
73.60000000000001,-0.010141247999999999,273230.0,0.041631,0.12622,0.198876,0.230906,0.240868,-0.0256203,-0.0479674,-0.0658067,-0.0740925,-0.0765373,-0.000961659,-0.00175868,-0.00232184,-0.0026212,-0.00274779
73.62,0.029212442999999998,420705.0,0.0192282,0.117365,0.256269,0.298703,0.263673,-0.0250117,-0.0455315,-0.0612552,-0.0687965,-0.0714919,-0.00146798,-0.00269367,-0.00359246,-0.00405009,-0.00422808
73.64,0.08029797,565935.0,0.0302713,0.118133,0.289085,0.336122,0.314541,-0.0245167,-0.0431765,-0.0558017,-0.0624482,-0.0657097,-0.00196326,-0.00358075,-0.00476303,-0.00536254,-0.0056001
73.66,0.1268625,702864.0,0.127066,0.214647,0.370781,0.422761,0.454963,-0.0229433,-0.0398487,-0.049203,-0.0548594,-0.0580147,-0.00243786,-0.004411,-0.00581308,-0.00653561,-0.00683734
73.68,0.09465804,820720.0,0.235022,0.359598,0.461134,0.532264,0.601297,-0.0193224,-0.0341063,-0.0408839,-0.0453091,-0.0474521,-0.00286052,-0.00515056,-0.00671395,-0.0075373,-0.00789201
73.7,0.030081483,914404.0,0.226256,0.409884,0.453524,0.548622,0.609883,-0.0147097,-0.0264115,-0.0317373,-0.0345003,-0.0353403,-0.00320084,-0.00575573,-0.00744016,-0.00833539,-0.00871994
73.72,0.05556552,987910.0,0.20686,0.417798,0.446134,0.538243,0.569858,-0.0103785,-0.0181347,-0.0227407,-0.0236316,-0.0235429,-0.00345172,-0.00620119,-0.00798494,-0.00891671,-0.00930877
73.74,0.09154346999999999,1040380.0,0.229822,0.406102,0.475659,0.524025,0.5348,-0.00601167,-0.00989565,-0.0135228,-0.0130089,-0.0124963,-0.00361562,-0.0064815,-0.00834757,-0.00928312,-0.00966916
73.76,0.10535579999999999,1063470.0,0.24878,0.375902,0.505905,0.499878,0.499786,-0.00122565,-0.00207561,-0.00370712,-0.00276991,-0.00215045,-0.003688,-0.00660121,-0.00851987,-0.0094409,-0.00981563
73.78,0.11420124,1054960.0,0.213662,0.345422,0.498644,0.473636,0.460018,0.00339877,0.00513763,0.00633837,0.00696523,0.00744759,-0.00366627,-0.00657059,-0.00849356,-0.00939895,-0.00976266
73.8,0.12823287,1023440.0,0.137254,0.312576,0.432437,0.436173,0.413788,0.00690793,0.0117176,0.0156492,0.0160633,0.0161856,-0.0035632,-0.00640204,-0.00827368,-0.00916866,-0.00952632
73.82000000000001,0.15740843999999998,981008.0,0.0570632,0.231301,0.297246,0.345754,0.341087,0.0088511,0.0171564,0.022946,0.0238826,0.0237344,-0.00340561,-0.0061133,-0.00788773,-0.00876921,-0.00912712
73.84,0.22761860999999997,935915.0,0.0111874,0.100862,0.139822,0.212159,0.249617,0.0095336,0.020478,0.0273167,0.0294617,0.0296414,-0.00322176,-0.00573695,-0.0073851,-0.00823576,-0.00859336
73.86,0.31949154,888163.0,0.0308794,0.00529001,0.0479436,0.117389,0.184879,0.00995427,0.0215395,0.0291944,0.0327572,0.0339864,-0.00302688,-0.00531678,-0.00681999,-0.00761357,-0.00795709
73.88,0.3597641999999999,830643.0,0.074847,-0.0127289,0.0254301,0.0825532,0.136504,0.0110115,0.0214651,0.0299281,0.0347566,0.0372002,-0.00281723,-0.00488673,-0.00622877,-0.00693844,-0.00724522
73.9,0.34000475999999996,758793.0,0.0837385,0.0257534,0.0243722,0.0663758,0.0759923,0.0125974,0.0215954,0.0304261,0.0362459,0.0393252,-0.00258114,-0.00445613,-0.00562523,-0.00622841,-0.00647997
73.92,0.29950820999999994,678733.0,0.0151401,0.0386348,-0.0144484,-0.00409613,-0.0278101,0.0135862,0.0222393,0.0305254,0.0368687,0.039807,-0.0023193,-0.00401778,-0.00501571,-0.00549726,-0.00568864
73.94,0.29980656,603838.0,-0.092548,-0.0256166,-0.0961476,-0.141113,-0.167839,0.0128121,0.0223694,0.0294194,0.0354166,0.0378505,-0.00205532,-0.00357169,-0.00441626,-0.00477441,-0.00491207
73.96000000000001,0.35536340999999994,543609.0,-0.144199,-0.129823,-0.170614,-0.270649,-0.293032,0.0104446,0.020815,0.0267518,0.031299,0.0332418,-0.00182275,-0.00313985,-0.00385455,-0.00410726,-0.00420114
73.98,0.41575812,498836.0,-0.146824,-0.243894,-0.248184,-0.363526,-0.401275,0.00753439,0.0170779,0.0225638,0.0249572,0.0262988,-0.00164296,-0.00276092,-0.0033614,-0.00354469,-0.00360574
74.0,0.47521238999999993,467284.0,-0.129265,-0.30724,-0.322172,-0.399106,-0.459154,0.00477351,0.0115665,0.0168602,0.0173309,0.0176945,-0.00151988,-0.00247448,-0.00296716,-0.00312181,-0.00316581
74.02,0.5100357,445936.0,-0.0724958,-0.256051,-0.339457,-0.354502,-0.403644,0.0027559,0.0059336,0.0102439,0.00979483,0.00906649,-0.00144459,-0.00229948,-0.00269612,-0.00285056,-0.0028982
74.04,0.47021591999999995,429110.0,-0.0178549,-0.152224,-0.31439,-0.292044,-0.286458,0.0018524,0.00185085,0.00370548,0.00332938,0.00216547,-0.0013985,-0.00222163,-0.00255662,-0.00271931,-0.00278588
74.06,0.39785763,412881.0,-0.00250576,-0.0683432,-0.254282,-0.242209,-0.184071,0.00164879,-0.000354825,-0.00198123,-0.00201314,-0.00253982,-0.00136349,-0.00220667,-0.00253938,-0.00270615,-0.00278962
74.08,0.33288413999999994,398236.0,-0.0165321,-0.0218775,-0.148796,-0.177933,-0.127767,0.00145841,-0.00125703,-0.00601201,-0.00621456,-0.0056582,-0.00133242,-0.00222279,-0.00261931,-0.00278843,-0.0028716
74.10000000000001,0.27453045,388090.0,-0.0515895,-0.0283805,-0.0433405,-0.109192,-0.13001,0.000777196,-0.00175961,-0.00793337,-0.00908582,-0.00823597,-0.00131006,-0.00225296,-0.00275876,-0.00294143,-0.00301054
74.12,0.24431957999999998,384800.0,-0.0632273,-0.0466098,0.0409863,-0.0317882,-0.122223,-0.000370972,-0.00250951,-0.00795692,-0.0104956,-0.0107583,-0.001306,-0.00229565,-0.00291767,-0.00313725,-0.00320049
74.14,0.22158021,391054.0,-0.097066,-0.0976334,0.0310531,-0.0135903,-0.103747,-0.0019739,-0.00395195,-0.00723652,-0.0109494,-0.013018,-0.00132945,-0.00236026,-0.0030696,-0.0033517,-0.00343825
74.16,0.24835521,410070.0,-0.107768,-0.118987,-0.0226692,-0.0127373,-0.0282476,-0.00402225,-0.00611815,-0.00715268,-0.0112127,-0.0143379,-0.00138941,-0.00246096,-0.00321349,-0.00357332,-0.00371181
74.18,0.27308510999999996,439809.0,-0.0480617,-0.0708722,-0.0490581,0.0240556,0.0966943,-0.00558055,-0.00801674,-0.00786995,-0.0110995,-0.0136535,-0.00148544,-0.00260231,-0.00336372,-0.00379644,-0.00399172
74.2,0.25142337,472983.0,0.00703442,-0.0286423,-0.0716804,0.0462031,0.155539,-0.00599082,-0.00901189,-0.00907734,-0.0103969,-0.0111311,-0.00160115,-0.0027726,-0.00353319,-0.0040114,-0.00423957
74.22,0.24339086999999998,505670.0,0.0267485,-0.00780961,-0.0689163,0.0474424,0.127845,-0.00565299,-0.00937641,-0.0104833,-0.00946046,-0.0082973,-0.00171759,-0.00295648,-0.0037288,-0.00420998,-0.00443385
74.24,0.25108370999999996,535850.0,0.0607003,0.0434445,0.0111634,0.0710648,0.0909853,-0.0047785,-0.00902006,-0.0110608,-0.00827539,-0.006109,-0.00182191,-0.00314045,-0.00394424,-0.00438734,-0.00457792
74.26,0.22013078999999997,557658.0,0.0902318,0.102299,0.115617,0.0884366,0.0561989,-0.00326918,-0.00756262,-0.00979303,-0.00668037,-0.00463716,-0.00190238,-0.00330627,-0.00415278,-0.00453689,-0.00468538
74.28,0.17904009,566955.0,0.0907822,0.153514,0.195896,0.0965553,0.036266,-0.00145904,-0.00500448,-0.0066779,-0.00483046,-0.00371251,-0.00194967,-0.00343194,-0.00431749,-0.004652,-0.00476888
74.3,0.14681115,565678.0,0.0834448,0.209215,0.251581,0.131182,0.0644478,0.00028323,-0.00137719,-0.00220313,-0.00255309,-0.00270537,-0.00196142,-0.00349576,-0.0044063,-0.00472584,-0.00483305
74.32000000000001,0.10572096,554922.0,0.120557,0.277172,0.303316,0.217505,0.163755,0.00232324,0.00348668,0.00334584,0.000933776,-0.000423349,-0.00193536,-0.00347467,-0.00439487,-0.00474203,-0.00486434
74.34,0.034770321,529133.0,0.20022,0.33528,0.352361,0.333589,0.313013,0.00553102,0.0096112,0.00990261,0.00644471,0.00434432,-0.00185682,-0.00334369,-0.00426239,-0.00466825,-0.00482513
74.36,-0.054867839999999994,482746.0,0.198223,0.298302,0.327218,0.37797,0.402965,0.00951545,0.015947,0.0166984,0.0135603,0.0115041,-0.00170635,-0.0030881,-0.00399638,-0.0044682,-0.00466665
74.38,-0.07595990999999999,418803.0,0.114274,0.198879,0.25784,0.360263,0.423615,0.0126404,0.0209188,0.022549,0.0209426,0.0197699,-0.00148479,-0.00271945,-0.0036039,-0.00412317,-0.00435391
74.4,-0.04723365,344363.0,0.0362997,0.105227,0.201971,0.329669,0.406278,0.0141461,0.0239599,0.0271471,0.027842,0.0280688,-0.00121693,-0.00227066,-0.00310694,-0.00363532,-0.00387552
74.42,-0.023170065,262984.0,0.0110743,0.0487146,0.179364,0.3048,0.3683,0.0146199,0.0254993,0.0309604,0.0341867,0.0358146,-0.000929267,-0.00177607,-0.00252587,-0.00301503,-0.00323669
74.44,-0.027654698999999998,176158.0,0.0146709,0.0365154,0.181088,0.281403,0.319846,0.0148773,0.0263516,0.034565,0.0400487,0.0426961,-0.000634295,-0.00125756,-0.00187061,-0.00227268,-0.00245158
74.46000000000001,-0.06087767999999999,84994.1,0.0451217,0.0907618,0.212043,0.274713,0.291842,0.0154753,0.0276244,0.0384963,0.0456099,0.0488129,-0.000330769,-0.000717798,-0.00114,-0.00141609,-0.00153649
74.48,-0.13743836999999998,-11420.7,0.077732,0.161982,0.223484,0.247249,0.252116,0.0167038,0.0301518,0.0428515,0.0508295,0.0542525,-8.97841e-06,-0.000140036,-0.000326524,-0.000451701,-0.000505834
74.5,-0.21201924,-115503.0,0.114881,0.217456,0.211852,0.200908,0.198035,0.0186299,0.0339462,0.0472049,0.055311,0.058754,0.000344359,0.000500944,0.00057404,0.000609704,0.000624232
74.52,-0.27434021999999997,-228857.0,0.103449,0.194911,0.151128,0.109828,0.0972657,0.0208132,0.0380699,0.0508347,0.0584184,0.061707,0.000738791,0.0012211,0.00155444,0.001747,0.00182884
74.54,-0.28650677999999996,-350161.0,0.0471451,0.100091,0.0571147,-0.0071398,-0.0331517,0.0223192,0.0410199,0.0529171,0.0594453,0.0623482,0.00117011,0.002012,0.00259195,0.00292563,0.00306939
74.56,-0.25837109999999996,-477916.0,0.0373952,0.0313024,0.00593986,-0.0644684,-0.102553,0.0231646,0.0423338,0.0535477,0.0587292,0.0609911,0.00162495,0.00284554,0.0036566,0.00410738,0.00430279
74.58,-0.27215385,-614310.0,0.0579902,0.0047158,-0.014483,-0.0676325,-0.106495,0.0241184,0.042694,0.0534622,0.0574082,0.0589007,0.00209778,0.00369582,0.0047267,0.00526875,0.00550171
74.60000000000001,-0.32610164999999997,-760676.0,0.0478469,-0.00166728,-0.033342,-0.0531628,-0.0745114,0.0251768,0.0427245,0.052984,0.0562002,0.0570906,0.00259073,0.00455,0.00579116,0.00640484,0.00666162
74.62,-0.39189777,-909897.0,-0.0571954,-0.0661345,-0.111632,-0.100459,-0.091732,0.0250833,0.0420465,0.0515343,0.054664,0.0554282,0.00309334,0.00539771,0.00683635,0.00751348,0.00778681
74.64,-0.39626591999999994,-1047290.0,-0.177227,-0.178728,-0.216184,-0.190258,-0.158024,0.0227391,0.0395978,0.0482561,0.0517568,0.0529306,0.00357156,0.00621415,0.00783425,0.00857769,0.00887039
74.66,-0.35793074999999996,-1159950.0,-0.257825,-0.329146,-0.332924,-0.307574,-0.275929,0.0183886,0.0345191,0.042765,0.0467785,0.0485911,0.00398284,0.00695532,0.00874446,0.00956304,0.00988561
74.68,-0.28796945999999995,-1243140.0,-0.272556,-0.452258,-0.425226,-0.40591,-0.39656,0.0130847,0.0267051,0.0351835,0.0396437,0.0418662,0.00429757,0.00756757,0.00952395,0.0104273,0.0107902
74.7,-0.23343465,-1299360.0,-0.239236,-0.487275,-0.475733,-0.462579,-0.475105,0.00796682,0.0173097,0.026174,0.0309588,0.0331495,0.00450808,0.00800771,0.0101375,0.0111333,0.0115403
74.72,-0.22445967,-1332830.0,-0.20341,-0.440245,-0.507175,-0.505796,-0.520468,0.00354037,0.00803452,0.0163449,0.021275,0.0231938,0.00462316,0.00826116,0.0105627,0.0116556,0.0121038
74.74,-0.23891409,-1344870.0,-0.1704,-0.34312,-0.514808,-0.541494,-0.543915,-0.000197739,0.000200878,0.00612504,0.0108021,0.01255,0.00465658,0.00834351,0.0107874,0.0119764,0.0124612
74.76,-0.26528873999999997,-1333280.0,-0.196935,-0.314933,-0.551396,-0.626696,-0.628528,-0.0038711,-0.00637965,-0.004537,-0.000879764,0.000825553,0.00461589,0.00828172,0.0108033,0.0120756,0.012595
74.78,-0.22805211,-1294930.0,-0.21754,-0.338589,-0.561844,-0.695167,-0.727402,-0.00801585,-0.0129149,-0.0156694,-0.0140984,-0.0127337,0.00449702,0.00808878,0.0106012,0.0119258,0.0124759
74.8,-0.17257277999999998,-1231970.0,-0.187576,-0.361772,-0.51859,-0.694045,-0.776701,-0.012067,-0.0199185,-0.0264737,-0.0279905,-0.0277748,0.0042962,0.00776044,0.0101798,0.011505,0.0120708
74.82000000000001,-0.14182029,-1150430.0,-0.166251,-0.381483,-0.481521,-0.658203,-0.774389,-0.0156053,-0.027351,-0.0364749,-0.041513,-0.0432857,0.00401947,0.00728775,0.00955031,0.0108099,0.0113602
74.84,-0.10626002999999999,-1051160.0,-0.185545,-0.381594,-0.476283,-0.60774,-0.707939,-0.0191232,-0.0349818,-0.0460529,-0.0541724,-0.058109,0.00367219,0.00666442,0.00872503,0.00985306,0.0103462
74.86,-0.060023429999999996,-930808.0,-0.186726,-0.328325,-0.45359,-0.514007,-0.55076,-0.0228459,-0.042081,-0.0553516,-0.0653899,-0.0706959,0.0032525,0.00589379,0.00771099,0.00865744,0.0090582
74.88,-0.044073434999999994,-790065.0,-0.151982,-0.258704,-0.397757,-0.393738,-0.359229,-0.026233,-0.0479513,-0.0638651,-0.0744673,-0.0797958,0.00276171,0.00499347,0.00651882,0.00725887,0.00755328
74.9,-0.045138978,-636516.0,-0.0413654,-0.134953,-0.234731,-0.194133,-0.127295,-0.0281665,-0.0518878,-0.07019,-0.0803461,-0.0846611,0.00221771,0.00399508,0.00517827,0.00571073,0.00590871
74.92,-0.11452661999999998,-480541.0,0.0325496,-0.0233214,-0.0428043,0.00635045,0.0521012,-0.0282546,-0.0534706,-0.0729653,-0.0822239,-0.085413,0.0016535,0.00294149,0.00374671,0.00408503,0.00420797
74.94,-0.17737340999999998,-326801.0,0.0367535,0.0614009,0.122262,0.163963,0.164713,-0.0275616,-0.0530898,-0.0721708,-0.0805208,-0.0832449,0.00109534,0.00187589,0.00229535,0.00245759,0.00252139
74.96000000000001,-0.20291982,-170416.0,-0.0407294,0.0630702,0.176592,0.206207,0.18253,-0.0276014,-0.0518451,-0.0691822,-0.0768191,-0.0797724,0.000543708,0.00082654,0.000881824,0.000884188,0.000891219
74.98,-0.1329927,-5962.29,-0.033245,0.0931461,0.231569,0.252959,0.243131,-0.0283411,-0.0502829,-0.0651006,-0.0722274,-0.0755158,-1.57169e-05,-0.00019474,-0.000461004,-0.000606277,-0.000661663
75.0,-0.09084528,162302.0,0.0172242,0.111294,0.252583,0.278767,0.300173,-0.0285013,-0.0482385,-0.0602591,-0.0669101,-0.0700828,-0.000584141,-0.00117995,-0.0017146,-0.00199765,-0.00211765
75.02,-0.041248341,326309.0,0.0723319,0.131369,0.247466,0.296613,0.335736,-0.0276058,-0.0458119,-0.0552586,-0.0611563,-0.0637237,-0.00114521,-0.00212046,-0.00286978,-0.00327832,-0.00345571
75.04,0.013265405999999999,484825.0,0.0566891,0.106696,0.167191,0.2467,0.283102,-0.0263156,-0.0434312,-0.051112,-0.0557232,-0.0575353,-0.00168443,-0.00301289,-0.00393348,-0.00444711,-0.0046683
75.06,0.12973532999999998,637964.0,0.111919,0.155913,0.153909,0.244209,0.274301,-0.0246295,-0.0408052,-0.047901,-0.0508141,-0.0519613,-0.00219388,-0.00385525,-0.00492361,-0.00551248,-0.00576327
75.08,0.17945930999999998,774381.0,0.227087,0.260924,0.226714,0.286717,0.317065,-0.0212394,-0.0366368,-0.0440948,-0.0455048,-0.0460476,-0.00265256,-0.00462967,-0.00584357,-0.00647567,-0.00674336
75.10000000000001,0.15872424,881169.0,0.232538,0.29578,0.273934,0.271047,0.293883,-0.0166432,-0.0310697,-0.0390883,-0.0399272,-0.0399381,-0.00303139,-0.00530674,-0.0066754,-0.00732999,-0.00760322
75.12,0.18516876,961527.0,0.163651,0.305212,0.320866,0.25888,0.248812,-0.0126813,-0.0250598,-0.0331403,-0.0346279,-0.0345112,-0.00332463,-0.00586803,-0.00739769,-0.00807555,-0.00834771
75.14,0.22061529,1026260.0,0.11564,0.30977,0.363332,0.280081,0.22419,-0.00988837,-0.01891,-0.0262983,-0.0292383,-0.0297812,-0.00355033,-0.00630773,-0.00799207,-0.00871421,-0.00899064
75.16,0.24445217999999996,1076220.0,0.180238,0.348686,0.433195,0.372703,0.298536,-0.0069296,-0.0123255,-0.018333,-0.0227105,-0.0245539,-0.00371851,-0.00662009,-0.00843839,-0.0092337,-0.00953399
75.18,0.20640465,1101560.0,0.263073,0.385446,0.491762,0.481821,0.443305,-0.00249649,-0.00498414,-0.00908347,-0.0141652,-0.0171355,-0.00381277,-0.00679318,-0.00871255,-0.00960245,-0.00995088
75.2,0.14359049999999998,1094690.0,0.276156,0.411782,0.521011,0.572683,0.603393,0.0028958,0.00298815,0.00104425,-0.0036202,-0.00666853,-0.00380878,-0.00681314,-0.00879295,-0.00978031,-0.0101889
75.22,0.08495885999999998,1058720.0,0.209844,0.400456,0.495882,0.608953,0.693825,0.0077558,0.0111105,0.0112132,0.00819616,0.00630364,-0.00370226,-0.00667216,-0.00867037,-0.00973455,-0.0101926
75.24,0.07017140999999999,1001910.0,0.169094,0.377511,0.473448,0.63047,0.725582,0.0115452,0.0188902,0.0209065,0.0205904,0.0204977,-0.00350925,-0.00637215,-0.00834917,-0.00944668,-0.00992456
75.26,0.05575574999999999,924610.0,0.22069,0.390192,0.529129,0.690733,0.763702,0.015443,0.0265672,0.0309323,0.0338024,0.0353905,-0.00323937,-0.00591757,-0.00783079,-0.00890275,-0.00936567
75.28,-0.026645867999999996,820515.0,0.209896,0.346253,0.548769,0.672652,0.718086,0.0197489,0.0339317,0.0417112,0.0474363,0.0502084,-0.00288745,-0.00531259,-0.00710435,-0.00809037,-0.00850968
75.3,-0.07024688999999999,695187.0,0.0789896,0.229414,0.455678,0.528153,0.552729,0.0226377,0.0396884,0.0517557,0.0594443,0.0629166,-0.00246359,-0.00457638,-0.00616968,-0.00702156,-0.00737843
75.32000000000001,-0.020226803999999998,562216.0,0.0628243,0.228024,0.406271,0.447987,0.457025,0.0240559,0.0442627,0.0603752,0.0692057,0.0730141,-0.00199665,-0.00373687,-0.00504837,-0.00573506,-0.00601913
75.34,-0.053634659999999994,420691.0,0.14119,0.271173,0.360788,0.395983,0.397645,0.026096,0.0492547,0.0680458,0.0776454,0.0815608,-0.00149513,-0.0028017,-0.00376416,-0.00426655,-0.00447338
75.36,-0.12859293,261495.0,0.158704,0.23571,0.248433,0.275944,0.283365,0.029095,0.0543235,0.074138,0.0843647,0.0883709,-0.000943221,-0.00176592,-0.00234233,-0.00264645,-0.00277406
75.38,-0.14864256,85070.7,0.125122,0.177905,0.144634,0.146256,0.162709,0.0319332,0.0584597,0.0780687,0.0885867,0.0928317,-0.00033294,-0.000638086,-0.000820259,-0.000916934,-0.000962036
75.4,-0.16512422999999998,-105585.0,0.13155,0.170498,0.11171,0.0809385,0.0888906,0.0344999,0.0619437,0.0806321,0.0908586,0.0953477,0.000331392,0.000565948,0.000766749,0.000877519,0.000919758
75.42,-0.23726475,-311957.0,0.110219,0.122435,0.0549791,0.00421704,-0.017507,0.0369176,0.064873,0.082299,0.0917102,0.0960615,0.00104557,0.00183412,0.00239606,0.00270321,0.00283385
75.44,-0.27998796,-525128.0,-0.0834605,-0.0967921,-0.149033,-0.206803,-0.254871,0.0371852,0.0651295,0.0813585,0.0896843,0.0933377,0.0017866,0.00313414,0.00403263,0.00451715,0.00472784
75.46000000000001,-0.17400282,-723950.0,-0.240163,-0.294541,-0.316799,-0.377164,-0.423519,0.033949,0.0612161,0.0767001,0.0838447,0.0865538,0.00249794,0.0043976,0.00561322,0.00625244,0.00652676
75.48,-0.10162922999999999,-899682.0,-0.2199,-0.364115,-0.372774,-0.426122,-0.447839,0.0293483,0.0546296,0.0698044,0.0758118,0.0778402,0.00313091,0.00555605,0.00707827,0.00784901,0.0081707
75.5,-0.14251235999999998,-1057060.0,-0.196115,-0.426526,-0.463774,-0.488451,-0.487464,0.0251882,0.0467232,0.0614389,0.0666661,0.0684872,0.00367628,0.00656958,0.0083907,0.00927379,0.00963397
75.52,-0.15545412,-1191160.0,-0.262271,-0.497655,-0.600176,-0.585216,-0.574829,0.0206043,0.0374814,0.0507994,0.0559294,0.0578643,0.0041342,0.00741163,0.00951308,0.0104997,0.0108975
75.54,-0.12226842,-1289690.0,-0.331563,-0.534383,-0.703034,-0.674071,-0.659397,0.014666,0.027161,0.0377673,0.0433365,0.045522,0.00448691,0.00805805,0.0103987,0.0114924,0.0119313
75.56,-0.09767163,-1351170.0,-0.297948,-0.52277,-0.719041,-0.727234,-0.711972,0.00837087,0.0165895,0.0235466,0.0293235,0.0318083,0.00471727,0.00849555,0.0110119,0.012219,0.0127047
75.58,-0.11234688,-1381880.0,-0.268726,-0.542676,-0.720334,-0.800009,-0.804727,0.00270413,0.00593499,0.00915282,0.0140511,0.0166413,0.00482802,0.0087208,0.0113389,0.0126527,0.0131891
75.60000000000001,-0.09385989,-1378820.0,-0.354343,-0.623856,-0.770876,-0.912405,-0.965518,-0.00352655,-0.00573034,-0.00575928,-0.00307308,-0.00106115,0.0048198,0.00872284,0.0113728,0.0127625,0.0133449
75.62,-0.00038031362999999994,-1332140.0,-0.406199,-0.645453,-0.791155,-0.955905,-1.05841,-0.011132,-0.0184234,-0.0213796,-0.0217562,-0.0213005,0.00467321,0.00848131,0.0111014,0.0125142,0.0131213
75.64,0.06378264,-1241740.0,-0.339726,-0.594214,-0.772542,-0.926744,-1.03736,-0.0185912,-0.0308201,-0.0370165,-0.0405827,-0.0422582,0.00437598,0.00798887,0.0105175,0.0118908,0.0124857
75.66,0.08254758,-1115870.0,-0.264224,-0.548409,-0.76336,-0.893217,-0.961475,-0.0246307,-0.0422463,-0.0523756,-0.0587823,-0.0622465,0.00394376,0.00725821,0.00962355,0.0108972,0.0114407
75.68,0.11687823,-959679.0,-0.235591,-0.496046,-0.725643,-0.827914,-0.841583,-0.0296289,-0.0526909,-0.0672656,-0.0759936,-0.0802771,0.00340117,0.00630884,0.00842713,0.00954943,0.0100155
75.7,0.14743641,-776546.0,-0.208471,-0.412963,-0.629571,-0.701715,-0.693941,-0.0340695,-0.061781,-0.0808177,-0.0912899,-0.0956324,0.00276418,0.00516412,0.0069463,0.0078766,0.00825637
75.72,0.15490637999999998,-570511.0,-0.18187,-0.350662,-0.524991,-0.56989,-0.579567,-0.0379729,-0.0694172,-0.0923634,-0.104006,-0.108367,0.00204376,0.00385214,0.00521449,0.00592364,0.00621637
75.74,0.18874029,-343510.0,-0.149407,-0.291269,-0.39243,-0.424131,-0.457243,-0.0412857,-0.0758365,-0.101538,-0.113946,-0.118736,0.00125117,0.0023996,0.00327548,0.00374412,0.00394534
75.76,0.22100442,-100204.0,-0.0865791,-0.177418,-0.191942,-0.224497,-0.257587,-0.0436455,-0.0805234,-0.107381,-0.120432,-0.125884,0.00040186,0.000835998,0.00118629,0.00140033,0.00149915
75.78,0.19650555,148047.0,0.00755586,-0.00764033,0.0423329,0.0140906,0.00141527,-0.0444358,-0.082374,-0.108877,-0.122536,-0.128446,-0.000478953,-0.000792976,-0.000976294,-0.00102935,-0.00104415
75.8,0.13041465,393009.0,0.0627787,0.139039,0.212474,0.213159,0.220486,-0.0437324,-0.08106,-0.106329,-0.120264,-0.126227,-0.00136064,-0.00242732,-0.00312836,-0.00345736,-0.00359087
75.82000000000001,0.10728869999999999,636126.0,0.0755608,0.237864,0.314692,0.363569,0.382742,-0.042349,-0.077291,-0.101058,-0.114497,-0.120194,-0.00222145,-0.00401083,-0.00520223,-0.00580497,-0.00605508
75.84,0.13180338,875136.0,0.155941,0.351719,0.448448,0.538004,0.569997,-0.040034,-0.0713951,-0.0934263,-0.105481,-0.110667,-0.00304528,-0.00549769,-0.00714707,-0.00800474,-0.00836369
75.86,0.11554610999999998,1093270.0,0.29574,0.471348,0.613217,0.717905,0.767166,-0.0355172,-0.0631645,-0.0828096,-0.0929219,-0.0972953,-0.00380079,-0.00684328,-0.00890943,-0.00998877,-0.0104433
75.88,0.06554214,1273240.0,0.374981,0.559212,0.74371,0.846742,0.90514,-0.02881,-0.0528589,-0.0692403,-0.0772754,-0.0805722,-0.00444406,-0.00800352,-0.0104299,-0.0116907,-0.012222
75.9,0.03993075599999999,1411370.0,0.376047,0.645914,0.843518,0.946597,0.996056,-0.0212997,-0.0408076,-0.0533681,-0.059342,-0.0615602,-0.00494516,-0.00894018,-0.011656,-0.0130569,-0.0136433
75.92,0.021378894,1509430.0,0.376632,0.739104,0.930469,1.03709,1.07037,-0.0137729,-0.0269574,-0.0356282,-0.0395051,-0.040896,-0.00529589,-0.00961783,-0.012546,-0.0140454,-0.0146679
75.94,-0.013774284,1562780.0,0.445474,0.831298,1.03148,1.13242,1.16133,-0.00555187,-0.0112534,-0.0160087,-0.0178099,-0.018579,-0.00548914,-0.00999994,-0.0130623,-0.0146185,-0.0152626
75.96000000000001,-0.08776743,1565040.0,0.458771,0.826091,1.06106,1.14603,1.18353,0.00349059,0.00532051,0.00491682,0.00497459,0.00486955,-0.00550975,-0.0100593,-0.0131733,-0.0147469,-0.0153997
75.98,-0.11230148999999999,1519060.0,0.387055,0.744912,1.01057,1.0894,1.13169,0.0119488,0.0210305,0.0256332,0.0273289,0.0280217,-0.00535535,-0.00979576,-0.0128678,-0.0144239,-0.0150708
76.0,-0.08753844,1430770.0,0.366803,0.70415,0.963527,1.06257,1.09889,0.0194874,0.0355212,0.0453742,0.0488486,0.0503274,-0.00504099,-0.00923024,-0.0121577,-0.0136621,-0.0142873
76.02,-0.10968876,1301270.0,0.329743,0.608909,0.829009,0.961628,0.997087,0.0264529,0.0486518,0.0632995,0.0690906,0.0712872,-0.00458159,-0.00838851,-0.011071,-0.0124827,-0.0130712
76.04,-0.08623641,1134460.0,0.268244,0.482031,0.657975,0.80563,0.85969,0.0324327,0.0595612,0.0781693,0.0867632,0.0898549,-0.00399273,-0.00730638,-0.00965626,-0.0109242,-0.0114597
76.06,-0.049082757,936566.0,0.230132,0.398457,0.53866,0.66695,0.743709,0.0374165,0.068366,0.0901357,0.101489,0.105889,-0.00329424,-0.00602711,-0.00797321,-0.00904163,-0.00950231
76.08,-0.06730929,708669.0,0.224051,0.356912,0.461213,0.549034,0.619978,0.0419583,0.0759197,0.100134,0.113649,0.119526,-0.00250049,-0.00458425,-0.00607051,-0.00689025,-0.00724816
76.10000000000001,-0.12620816999999998,453659.0,0.167105,0.273728,0.336632,0.382273,0.410319,0.0458699,0.0822261,0.108113,0.122962,0.129829,-0.00162221,-0.00300279,-0.00398804,-0.00452414,-0.00475462
76.12,-0.14179223999999999,183641.0,0.0578157,0.147475,0.173055,0.177464,0.155659,0.0481191,0.0864382,0.11321,0.128559,0.135489,-0.000682318,-0.00131615,-0.00177481,-0.00200893,-0.00210144
76.14,-0.12476844,-88892.4,-0.0345997,0.0110023,0.0112058,-0.0292159,-0.0729585,0.0483513,0.0880229,0.115052,0.130042,0.136316,0.000282385,0.000428461,0.000507811,0.000577081,0.000616598
76.16,-0.11370297,-358659.0,-0.0842297,-0.129571,-0.152181,-0.230461,-0.267016,0.047163,0.0868372,0.113643,0.127445,0.132916,0.00123753,0.00217706,0.00279476,0.00315195,0.00330891
76.18,-0.10499267999999999,-620138.0,-0.155515,-0.293973,-0.355151,-0.443018,-0.469,0.0447655,0.0826018,0.108569,0.12071,0.125556,0.00215681,0.00387145,0.00501688,0.0056335,0.00589363
76.2,-0.06276875999999999,-860707.0,-0.276809,-0.475409,-0.596278,-0.662489,-0.689011,0.0404423,0.074908,0.099055,0.109655,0.113976,0.00300889,0.00544655,0.00709312,0.00793716,0.00828894
76.22,0.016130178,-1069760.0,-0.312782,-0.568565,-0.752849,-0.793282,-0.820123,0.0345464,0.0644682,0.0855637,0.0950975,0.0988842,0.00375878,0.00684031,0.00893931,0.00998468,0.0104175
76.24,0.025622399999999997,-1246010.0,-0.327199,-0.653074,-0.879499,-0.921532,-0.93758,0.0281466,0.0522518,0.0692403,0.0779493,0.0813072,0.00438571,0.00800751,0.0104874,0.0117152,0.0122194
76.26,0.041186376,-1387800.0,-0.356381,-0.718762,-0.958112,-1.03313,-1.04109,0.0213108,0.0385335,0.0508642,0.0584027,0.0615204,0.00488028,0.00891537,0.0116884,0.0130787,0.0136477
76.28,0.055295729999999994,-1486520.0,-0.448824,-0.7942,-1.03059,-1.14727,-1.17243,0.0132587,0.0234039,0.0309771,0.0365988,0.0393852,0.00522598,0.00953474,0.0125068,0.0140287,0.0146568
76.3,0.10470299999999999,-1531220.0,-0.530457,-0.861624,-1.09358,-1.23914,-1.3038,0.00346593,0.00684561,0.0097354,0.0127348,0.0146229,0.00539322,0.00983724,0.0129139,0.014522,0.0151969
76.32000000000001,0.17389622999999998,-1516540.0,-0.511883,-0.873754,-1.10217,-1.26065,-1.35567,-0.00695748,-0.0105082,-0.0122221,-0.0122631,-0.0119718,0.00535831,0.00980061,0.0128891,0.0145267,0.0152234
76.34,0.20906837999999997,-1447080.0,-0.427695,-0.824144,-1.05156,-1.21184,-1.30276,-0.0163533,-0.0274871,-0.0337594,-0.036988,-0.0385561,0.0051252,0.00942066,0.0124293,0.0140342,0.0147181
76.36,0.20240778,-1334430.0,-0.306697,-0.67817,-0.916409,-1.06551,-1.12619,-0.0236972,-0.0425103,-0.0534391,-0.0597615,-0.0628456,0.0047247,0.00872068,0.0115573,0.0130667,0.0137041
76.38,0.12872298,-1189730.0,-0.231981,-0.512716,-0.77109,-0.893035,-0.926104,-0.029084,-0.0544191,-0.0703141,-0.079347,-0.0833685,0.00419688,0.00775139,0.0103197,0.0116756,0.0122419
76.4,0.06634896,-1015350.0,-0.233801,-0.408761,-0.663954,-0.753018,-0.777386,-0.0337418,-0.0636339,-0.0846645,-0.0958075,-0.100403,0.00356863,0.00657086,0.00876995,0.0099241,0.0104042
76.42,0.07314266999999999,-810559.0,-0.189281,-0.300326,-0.490708,-0.559357,-0.586885,-0.0379726,-0.0707248,-0.0962111,-0.108931,-0.114046,0.00285148,0.00522727,0.00696119,0.00787671,0.00825972
76.44,0.05194401,-586295.0,-0.0680811,-0.160397,-0.229403,-0.291966,-0.321563,-0.0405462,-0.075332,-0.103412,-0.117444,-0.123131,0.00206629,0.0037667,0.00496496,0.00561296,0.00588796
76.46000000000001,-0.028375227,-360233.0,0.0375106,-0.015873,0.0355743,-0.0117416,-0.0379126,-0.0408519,-0.0770947,-0.105351,-0.120482,-0.126725,0.00125231,0.00224244,0.00287733,0.0032337,0.0033894
76.48,-0.11143346999999999,-137906.0,0.0346438,0.0879589,0.202691,0.203072,0.188164,-0.0401304,-0.0763739,-0.102968,-0.118568,-0.125223,0.00044249,0.00070775,0.000794145,0.000843198,0.000869915
76.5,-0.12471744,88731.6,-0.0165302,0.149948,0.27322,0.345301,0.357349,-0.0399492,-0.0739948,-0.0982088,-0.113085,-0.119768,-0.000358306,-0.000795936,-0.00121762,-0.00147333,-0.00157999
76.52,-0.07642196999999999,320624.0,0.0685932,0.256592,0.384501,0.516561,0.572193,-0.0394286,-0.0699294,-0.0916316,-0.104466,-0.110472,-0.00115208,-0.00223518,-0.00311603,-0.00364883,-0.00388239
76.54,-0.08668622999999999,542211.0,0.193833,0.33004,0.490391,0.645074,0.739364,-0.0368043,-0.0640631,-0.0828827,-0.0928496,-0.0973567,-0.00191441,-0.0035751,-0.00486117,-0.00562199,-0.00596068
76.56,-0.08993952,742001.0,0.19174,0.312174,0.506897,0.654174,0.751695,-0.0329486,-0.0576409,-0.0729098,-0.0798571,-0.0824461,-0.00261194,-0.00479214,-0.00641909,-0.00734905,-0.00775871
76.58,-0.0016197803999999998,921128.0,0.211949,0.381359,0.569843,0.700296,0.7617,-0.0289117,-0.0507056,-0.0621424,-0.0663124,-0.0673122,-0.00323055,-0.00587561,-0.00776961,-0.00881075,-0.00925629
76.60000000000001,0.026222772,1075600.0,0.284358,0.500029,0.644268,0.750848,0.769876,-0.0239487,-0.0418917,-0.0500013,-0.0518009,-0.0519964,-0.00375915,-0.00680158,-0.00889105,-0.00999188,-0.0104494
76.62,0.017761973999999996,1194490.0,0.355954,0.592405,0.698333,0.761219,0.765351,-0.0175455,-0.0309674,-0.0365752,-0.0366803,-0.0366441,-0.00417409,-0.00753017,-0.00975681,-0.0108767,-0.0113358
76.64,0.011558639999999998,1273000.0,0.354915,0.622449,0.722987,0.72712,0.73827,-0.0104369,-0.0188188,-0.022362,-0.0217969,-0.0216079,-0.00445392,-0.00802803,-0.0103462,-0.0114615,-0.0119183
76.66,0.026366745,1313950.0,0.312209,0.608655,0.721167,0.684962,0.691737,-0.00376562,-0.00650776,-0.00792048,-0.00767605,-0.00730786,-0.00459594,-0.0082813,-0.010649,-0.0117562,-0.0122075
76.68,0.05382438,1318990.0,0.331939,0.606357,0.724738,0.696014,0.676751,0.00267586,0.00564235,0.00653858,0.00613372,0.00637702,-0.00460684,-0.00828995,-0.0106628,-0.0117716,-0.0122168
76.7,0.04561134,1284810.0,0.358638,0.575614,0.693665,0.711062,0.677074,0.00958163,0.0174621,0.0207226,0.0202045,0.0199153,-0.00448426,-0.00805891,-0.0103902,-0.0115082,-0.0119538
76.72,0.034799442,1207990.0,0.357446,0.545047,0.666016,0.732051,0.72841,0.0167425,0.0286687,0.0343194,0.0346356,0.0339701,-0.00422102,-0.0075976,-0.0098398,-0.0109598,-0.011415
76.74,-0.005925026999999999,1088850.0,0.30957,0.511319,0.636984,0.732323,0.788546,0.0234126,0.0392323,0.0473494,0.0492793,0.0491397,-0.00381947,-0.00691859,-0.00902311,-0.0101207,-0.0105839
76.76,-0.05609133,937147.0,0.166227,0.381789,0.51157,0.62335,0.716149,0.0281706,0.0481634,0.058835,0.0628361,0.0641866,-0.00330364,-0.00604463,-0.00796127,-0.00899953,-0.00945063
76.78,-0.013080071999999998,773346.0,0.00733884,0.186324,0.328451,0.452252,0.529576,0.0299062,0.0538445,0.0672352,0.0735921,0.0766439,-0.00272287,-0.00502455,-0.00670057,-0.00763525,-0.00804233
76.8,0.08435042999999999,609616.0,0.00350491,0.0819364,0.244757,0.366237,0.402112,0.0300147,0.0565271,0.0729672,0.081777,0.0859607,-0.00212366,-0.00392084,-0.00529854,-0.00608156,-0.00641628
76.82000000000001,0.07612056,438848.0,0.058395,0.0297747,0.190255,0.283695,0.295986,0.0306337,0.0576442,0.0773174,0.0882763,0.0929417,-0.00151718,-0.00277912,-0.0037957,-0.00438103,-0.00462726
76.84,0.027489408,259164.0,-0.0275695,-0.0835847,0.011988,0.0615499,0.0777329,0.0309419,0.0571061,0.0793398,0.0917287,0.0966789,-0.000901424,-0.00163162,-0.00222912,-0.00258098,-0.00273105
76.86,0.08640573,90569.1,-0.194711,-0.218038,-0.243789,-0.234804,-0.213434,0.0287191,0.0540899,0.0770218,0.0899962,0.0953219,-0.000304813,-0.00051966,-0.000665507,-0.000763728,-0.000811042
76.88,0.21057236999999998,-52057.3,-0.187484,-0.242308,-0.383154,-0.411688,-0.40619,0.0248972,0.0494865,0.0707524,0.0835313,0.0891257,0.00023135,0.000516104,0.000812234,0.000971546,0.00103343
76.9,0.22551179999999998,-182432.0,-0.0213628,-0.193156,-0.385741,-0.465082,-0.492722,0.0228087,0.0451318,0.0630634,0.0747636,0.0801365,0.000708409,0.00146229,0.00215039,0.00255449,0.00272606
76.92,0.13456655999999997,-317013.0,-0.0150483,-0.246586,-0.438201,-0.580087,-0.642902,0.0224446,0.0407344,0.054824,0.0643119,0.0687803,0.00116094,0.00232095,0.00332927,0.00394525,0.00421522
76.94,0.13024227,-446223.0,-0.150371,-0.316901,-0.508416,-0.693924,-0.784046,0.0207904,0.0350995,0.0453578,0.0515718,0.0545108,0.00159329,0.00307929,0.00433109,0.00510409,0.00544814
76.96000000000001,0.16210400999999997,-553840.0,-0.206265,-0.309874,-0.517463,-0.701598,-0.802354,0.017224,0.0288318,0.035099,0.0376166,0.0386468,0.00197344,0.0037186,0.00513565,0.00599597,0.00637971
76.98,0.13106949,-640466.0,-0.172038,-0.311951,-0.510144,-0.657172,-0.741015,0.013441,0.0226135,0.024823,0.0240289,0.0232131,0.00228009,0.00423306,0.00573487,0.00661242,0.00699831
77.0,0.08447742,-711636.0,-0.167255,-0.361298,-0.498489,-0.599208,-0.641354,0.0100481,0.0158811,0.0147366,0.0114651,0.00938943,0.00251498,0.004618,0.00613047,0.00696736,0.00732434
77.02,0.051429419999999997,-760655.0,-0.286059,-0.469724,-0.533465,-0.585083,-0.585667,0.00551494,0.00757083,0.0044171,-0.000377865,-0.00288077,0.00267061,0.00485252,0.00632201,0.00707823,0.00738942
77.04,0.08683922999999999,-774936.0,-0.327964,-0.492441,-0.523526,-0.513095,-0.494953,-0.000625295,-0.00205081,-0.0061528,-0.0113596,-0.013687,0.0027195,0.00490772,0.00630465,0.00696086,0.00722375
77.06,0.08448455999999999,-755979.0,-0.194884,-0.383023,-0.419815,-0.345919,-0.324126,-0.00585377,-0.0108055,-0.0155862,-0.0199498,-0.0218777,0.00265471,0.00477916,0.00608726,0.00664776,0.0068681
77.08,-0.013187783999999998,-716504.0,-0.137742,-0.324574,-0.364552,-0.265336,-0.231467,-0.00918002,-0.0178814,-0.0234299,-0.0260623,-0.0274337,0.00250437,0.00449229,0.0056971,0.00618764,0.00637498
77.10000000000001,-0.04905062699999999,-657653.0,-0.218211,-0.329172,-0.355265,-0.290733,-0.23949,-0.0127395,-0.0244189,-0.030628,-0.031623,-0.0321432,0.00228518,0.00406929,0.00515652,0.00561079,0.00577922
77.12,-0.006197673,-571525.0,-0.223989,-0.26394,-0.279203,-0.280616,-0.240395,-0.0171616,-0.03035,-0.0369727,-0.0373365,-0.0369421,0.00198617,0.0035216,0.00448051,0.00492119,0.00508836
77.14,-0.0026773724999999996,-461536.0,-0.10079,-0.145112,-0.164297,-0.215301,-0.228726,-0.0204093,-0.0344405,-0.0414077,-0.0422957,-0.0416333,0.00161046,0.00287369,0.00369671,0.00412487,0.00430261
77.16,-0.036421854,-339142.0,-0.0374553,-0.105737,-0.135166,-0.205203,-0.276027,-0.0217918,-0.036949,-0.0444024,-0.0465007,-0.0466808,0.00118845,0.0021598,0.00283861,0.00323691,0.00341947
77.18,8.146995e-05,-208413.0,-0.0651294,-0.115306,-0.159799,-0.237216,-0.316626,-0.0228176,-0.0391594,-0.047352,-0.0509249,-0.0526074,0.000742353,0.00139871,0.00192106,0.00226265,0.00242659
77.2,0.07855274999999999,-69115.9,-0.0617912,-0.0905855,-0.162736,-0.244801,-0.282381,-0.0240869,-0.0412183,-0.0505774,-0.055745,-0.0585974,0.000273308,0.000594934,0.00094177,0.00119595,0.00131454
77.22,0.13363479,72343.8,0.0456579,0.00475293,-0.0968907,-0.16593,-0.161386,-0.0242482,-0.0420767,-0.0531736,-0.0598524,-0.0630351,-0.000210042,-0.000238016,-9.57395e-05,3.99802e-05,9.82125e-05
77.24,0.12268304999999999,204572.0,0.136277,0.0989477,-0.00399667,-0.0366974,-0.0274929,-0.0224288,-0.0410397,-0.0541825,-0.0618786,-0.0649239,-0.000676813,-0.00106918,-0.0011693,-0.00117733,-0.00118138
77.26,0.09161231999999998,323640.0,0.0784922,0.0968343,0.0358969,0.0391064,0.0306422,-0.0202812,-0.0390818,-0.0538635,-0.0618545,-0.0648924,-0.00110391,-0.00187039,-0.00224976,-0.00241466,-0.00247954
77.28,0.12904835999999997,437306.0,-0.00808665,0.0628576,0.0716414,0.0866307,0.0740746,-0.0195771,-0.0374849,-0.0527881,-0.0605972,-0.0638452,-0.0015025,-0.00263606,-0.00331628,-0.00363918,-0.00376692
77.3,0.18772233,551655.0,0.0121567,0.0789261,0.15844,0.171161,0.174844,-0.0195364,-0.0360671,-0.0504873,-0.0580192,-0.0613561,-0.00189363,-0.00337158,-0.00434903,-0.00482534,-0.00501893
77.32000000000001,0.19671363,661012.0,0.0945625,0.140937,0.271301,0.297347,0.316779,-0.0184692,-0.0338685,-0.0461899,-0.0533342,-0.0564398,-0.00227369,-0.00407094,-0.0053158,-0.00593888,-0.00619689
77.34,0.15877064999999999,756843.0,0.12056,0.196596,0.3426,0.405788,0.430401,-0.016318,-0.0304931,-0.0400509,-0.0463028,-0.048968,-0.00262156,-0.00471455,-0.00617821,-0.00693525,-0.00725097
77.36,0.13278462,839814.0,0.0933916,0.234419,0.358669,0.45935,0.491101,-0.0141785,-0.026183,-0.0330382,-0.0376514,-0.039753,-0.00292652,-0.00528132,-0.0069091,-0.00777479,-0.00813818
77.38,0.14189832,915524.0,0.105816,0.276846,0.366423,0.478627,0.527422,-0.0121864,-0.0210703,-0.0257873,-0.0282717,-0.0295678,-0.00319017,-0.00575385,-0.00749736,-0.00843402,-0.00883139
77.4,0.15408119999999997,980111.0,0.201401,0.346714,0.424168,0.518152,0.578561,-0.00911421,-0.0148347,-0.0178814,-0.0183039,-0.0185079,-0.00340318,-0.0061129,-0.00793404,-0.00889977,-0.00931214
77.42,0.11868770999999999,1020090.0,0.258508,0.377142,0.471795,0.532494,0.579134,-0.00451511,-0.00759616,-0.00892176,-0.00779741,-0.00693099,-0.00353947,-0.00633721,-0.00820208,-0.00916079,-0.00956653
77.44,0.09411233999999999,1029550.0,0.216112,0.355145,0.466137,0.494503,0.505363,0.000231092,-0.000273295,0.000457564,0.00247256,0.00391397,-0.00358231,-0.0064159,-0.00828672,-0.00921404,-0.0095967
77.46000000000001,0.11545737,1015400.0,0.17261,0.352948,0.453497,0.459626,0.438794,0.00411831,0.00680763,0.00965391,0.0120139,0.0133555,-0.00353882,-0.00635056,-0.0081856,-0.00906917,-0.00942401
77.48,0.12568949999999998,981358.0,0.216801,0.404449,0.479605,0.476531,0.450635,0.00801243,0.0143816,0.0189849,0.0213754,0.0222498,-0.00341751,-0.00613867,-0.00789921,-0.00873528,-0.00906795
77.5,0.07239245999999999,919884.0,0.279683,0.443207,0.506272,0.505956,0.500079,0.0129773,0.0228582,0.0288437,0.0312003,0.031757,-0.00320761,-0.00576627,-0.00742093,-0.00820952,-0.00852789
77.52,-0.0030604182,826619.0,0.228163,0.381682,0.4508,0.463107,0.48126,0.0180557,0.031107,0.0384144,0.0408909,0.0415704,-0.00289728,-0.00522662,-0.00674835,-0.00748861,-0.00779461
77.54,-0.008309379,710485.0,0.137052,0.294154,0.370733,0.404145,0.431608,0.0217079,0.0378654,0.0466297,0.0495634,0.050699,-0.00249965,-0.00453689,-0.00589791,-0.00658407,-0.00687192
77.56,0.0049143906,580464.0,0.116309,0.244105,0.323366,0.381848,0.40463,0.0242415,0.043248,0.0535707,0.0574234,0.0590614,-0.00204015,-0.00372576,-0.0048959,-0.0055142,-0.00577431
77.58,-0.022118088,436530.0,0.102874,0.167833,0.253921,0.33018,0.350147,0.0264333,0.0473674,0.0593436,0.0645436,0.0666092,-0.0015334,-0.0028196,-0.00376676,-0.00429453,-0.00451761
77.60000000000001,-0.035903744999999994,280379.0,0.032974,0.0544434,0.14814,0.224199,0.252795,0.0277918,0.0495901,0.0633642,0.0700874,0.0726386,-0.000991154,-0.00185003,-0.00253968,-0.00294822,-0.00312513
77.62,-0.018842154,120328.0,-0.0296741,-0.0162514,0.0641843,0.123792,0.162252,0.0278248,0.0499721,0.0654875,0.0735674,0.0767891,-0.000434988,-0.000854408,-0.00125116,-0.00151167,-0.00163085
77.64,-0.026056664999999996,-35375.4,-0.0794656,-0.0775444,-0.0403757,-0.00205707,0.0300993,0.0267334,0.0490341,0.0657255,0.0747847,0.0787126,0.000110594,0.000135654,6.09678e-05,-2.81489e-05,-7.58359e-05
77.66,-0.015133536,-180020.0,-0.122458,-0.160929,-0.176744,-0.159975,-0.151552,0.0247142,0.0466494,0.0635544,0.0731644,0.0774981,0.000625069,0.00109249,0.00135377,0.00145134,0.00148627
77.68,0.027183561,-310870.0,-0.104925,-0.199326,-0.254985,-0.267548,-0.283292,0.0224403,0.0430468,0.0592371,0.0688891,0.0731496,0.00109661,0.00198945,0.00258168,0.00287188,0.00299275
77.7,0.017753303999999998,-431730.0,-0.0937049,-0.232534,-0.318546,-0.371674,-0.399222,0.020454,0.0387282,0.0535018,0.0624969,0.0663245,0.00152556,0.0028072,0.00370907,0.00418574,0.00438749
77.72,0.006163859999999999,-544703.0,-0.0992456,-0.24881,-0.372453,-0.464195,-0.497254,0.0185245,0.0339148,0.0465918,0.0541382,0.0573597,0.00191534,0.00353363,0.00471,0.00535209,0.00562433
77.74,-0.0029273898,-645027.0,-0.139598,-0.270864,-0.435601,-0.547258,-0.590738,0.0161361,0.028718,0.0385112,0.0440237,0.0464798,0.00226195,0.00415996,0.00556103,0.00633371,0.00666273
77.76,0.006472767,-726439.0,-0.188402,-0.31254,-0.495201,-0.608009,-0.663495,0.0128561,0.022884,0.0292032,0.032471,0.0339375,0.00255187,0.00467598,0.00623818,0.00709866,0.0074669
77.78,0.024785031,-786951.0,-0.197817,-0.354121,-0.515768,-0.623301,-0.679389,0.00899389,0.0162174,0.0190935,0.0201579,0.0205087,0.00277037,0.00506699,0.00672115,0.00762495,0.00801136
77.8,0.023497587,-828180.0,-0.182319,-0.379382,-0.499582,-0.597928,-0.640881,0.00519253,0.00888234,0.00894001,0.00794564,0.00730597,0.00291223,0.00531799,0.00700148,0.00790598,0.00828951
77.82000000000001,0.0043171194,-849447.0,-0.202394,-0.399936,-0.492218,-0.566208,-0.593403,0.0013454,0.00108916,-0.000977995,-0.00369573,-0.00503687,0.00297761,0.0054177,0.0070811,0.00794848,0.0083122
77.84,0.0026054012999999995,-844474.0,-0.269103,-0.435104,-0.524571,-0.55661,-0.571936,-0.00336957,-0.00726125,-0.0111459,-0.0149239,-0.0166903,0.00295737,0.00535598,0.00695986,0.00776228,0.00809493
77.86,0.042581735999999995,-806977.0,-0.286511,-0.441812,-0.533467,-0.526425,-0.527929,-0.00892571,-0.0160304,-0.0217263,-0.0257543,-0.0276889,0.00283442,0.00512307,0.00663114,0.0073555,0.00765114
77.88,0.06844454999999999,-739663.0,-0.212101,-0.38827,-0.465771,-0.446505,-0.430231,-0.0139118,-0.0243312,-0.0317186,-0.0354836,-0.0372705,0.00260604,0.00471945,0.00609669,0.00674312,0.00700154
77.9,0.040327995,-650140.0,-0.175472,-0.35269,-0.406607,-0.401839,-0.377916,-0.0177876,-0.0317408,-0.0404424,-0.043967,-0.045352,0.00228905,0.00415873,0.00537508,0.00594862,0.00617532
77.92,0.046092729,-539951.0,-0.172148,-0.302096,-0.347007,-0.36242,-0.354703,-0.0212638,-0.0382887,-0.0479786,-0.0516096,-0.0526782,0.00189854,0.00345843,0.00449087,0.00499285,0.00519502
77.94,0.0652698,-407780.0,-0.152933,-0.228903,-0.285116,-0.313108,-0.335226,-0.0245146,-0.0435987,-0.0542998,-0.0583649,-0.0595775,0.00144075,0.00263956,0.00346809,0.00389311,0.00407246
77.96000000000001,0.08383635,-257515.0,-0.0987243,-0.155816,-0.222728,-0.262433,-0.30104,-0.0270311,-0.0474459,-0.0593782,-0.0641203,-0.0659401,0.000925296,0.00172911,0.00233131,0.00266826,0.00281728
77.98,0.10305926999999998,-98233.9,-0.0100507,-0.0628497,-0.122405,-0.179685,-0.21037,-0.0281189,-0.0496325,-0.0628296,-0.0685415,-0.0710542,0.000373796,0.000758331,0.00110923,0.00134164,0.00144734
78.0,0.09082641,58842.2,0.0798262,0.0595626,0.0171042,-0.0511184,-0.0671649,-0.0274211,-0.0496654,-0.0638826,-0.0708495,-0.0738296,-0.000181604,-0.000234648,-0.000157892,-5.22709e-05,-1.49802e-06
78.02,0.04399453799999999,204535.0,0.142715,0.188618,0.158155,0.104154,0.0894902,-0.0251957,-0.0471836,-0.06213,-0.0703192,-0.0736063,-0.000707773,-0.00120314,-0.00141802,-0.00146396,-0.00147586
78.04,-0.008932956,336028.0,0.146102,0.260801,0.245729,0.228619,0.208468,-0.0223076,-0.0426894,-0.0580911,-0.0669914,-0.0706267,-0.00118281,-0.00210187,-0.00262023,-0.00283706,-0.00291819
78.06,-0.017173944,455303.0,0.126557,0.277342,0.305234,0.324799,0.314509,-0.019581,-0.037308,-0.0525815,-0.0614572,-0.065397,-0.00160169,-0.00290184,-0.00372696,-0.00412155,-0.00427842
78.08,-0.0011308332,560401.0,0.159639,0.304774,0.4058,0.448466,0.467128,-0.016719,-0.0314868,-0.0454712,-0.0537246,-0.0575806,-0.00196469,-0.00358979,-0.00470748,-0.00527337,-0.0055082
78.10000000000001,-0.027432135,642454.0,0.226947,0.361437,0.532545,0.597191,0.641662,-0.0128532,-0.0248247,-0.0360877,-0.043268,-0.0464927,-0.00226041,-0.0041529,-0.00552307,-0.00624329,-0.00654893
78.12,-0.09162047999999999,696024.0,0.238847,0.406229,0.607121,0.708539,0.758466,-0.00819521,-0.017148,-0.0246911,-0.0302107,-0.0324914,-0.0024709,-0.00457263,-0.00613086,-0.00697808,-0.00733877
78.14,-0.13073442,726391.0,0.186676,0.416971,0.606272,0.748799,0.795534,-0.00393998,-0.00891604,-0.0125571,-0.0156373,-0.0169514,-0.00259225,-0.00483327,-0.00650334,-0.00743656,-0.0078332
78.16,-0.12452976,742426.0,0.12433,0.372941,0.543121,0.700788,0.756678,-0.00082991,-0.00101693,-0.0010632,-0.00114147,-0.0014293,-0.00263995,-0.0049326,-0.00663954,-0.00760435,-0.00801701
78.18,-0.07283718,743748.0,0.184176,0.374854,0.544145,0.677236,0.749571,0.00225515,0.00646102,0.00980946,0.0126388,0.0136332,-0.00262569,-0.00487816,-0.00655208,-0.00748938,-0.00789497
78.2,-0.08886851999999998,720459.0,0.237533,0.361821,0.533407,0.622443,0.689861,0.00647224,0.0138278,0.020585,0.0256356,0.0280275,-0.00253842,-0.00467527,-0.00624814,-0.00710663,-0.00747836
78.22,-0.09881862,669769.0,0.191287,0.312317,0.453969,0.508528,0.53819,0.0107604,0.0205691,0.0304587,0.0369453,0.040308,-0.00236609,-0.00433131,-0.0057377,-0.00648083,-0.00679501
78.24,-0.058383269999999994,596568.0,0.210115,0.363989,0.438083,0.471811,0.458685,0.0147745,0.0273322,0.0393793,0.0467487,0.0502768,-0.00211074,-0.00385229,-0.00503932,-0.00564389,-0.00588916
78.26,-0.10598259,496292.0,0.295182,0.457759,0.465827,0.473712,0.448567,0.0198274,0.0355497,0.0484184,0.0562039,0.0593493,-0.00176473,-0.00322347,-0.00416134,-0.00461436,-0.0047929
78.28,-0.21204117,363631.0,0.235517,0.390086,0.375099,0.344289,0.336297,0.0251344,0.0440281,0.0568276,0.0643839,0.0671979,-0.00131511,-0.0024277,-0.00310888,-0.00340848,-0.00352743
78.3,-0.19827983999999998,209044.0,0.109798,0.256592,0.26193,0.200659,0.202649,0.0285876,0.0504949,0.0631979,0.0698334,0.0725874,-0.000777887,-0.00148247,-0.00190863,-0.00206631,-0.00212957
78.32000000000001,-0.15688568999999997,41528.0,0.112642,0.215694,0.252721,0.196728,0.180265,0.030812,0.0552178,0.0683444,0.0738073,0.0764165,-0.000183891,-0.000425338,-0.000593204,-0.000629903,-0.000639535
78.34,-0.22738044,-143735.0,0.132921,0.160176,0.213588,0.1989,0.160541,0.0332676,0.0589765,0.0730075,0.0777636,0.0798246,0.000456905,0.000716604,0.000820316,0.000885805,0.000922876
78.36,-0.2891853,-344434.0,0.0373593,0.0308358,0.0794875,0.113815,0.0904125,0.0349704,0.0608866,0.0759383,0.0808907,0.0823341,0.00113928,0.00191523,0.00230977,0.00247235,0.00254446
78.38,-0.27507105,-546474.0,-0.0455282,-0.0357279,-0.006457,0.0578218,0.0870721,0.0348887,0.0608377,0.0766686,0.0826071,0.084109,0.00183788,0.00313248,0.00383584,0.00410733,0.00420889
78.4,-0.31372446,-743441.0,-0.0662208,-0.0662699,-0.0577895,0.0132782,0.0868224,0.0337712,0.0598177,0.0760261,0.0833181,0.0858479,0.00252448,0.00433903,0.00536279,0.00576658,0.00590846
78.42,-0.37710674999999994,-932845.0,-0.13248,-0.185942,-0.185422,-0.122591,-0.0552455,0.0317842,0.0572956,0.073594,0.0822249,0.0861637,0.00318003,0.00551016,0.00685899,0.00742201,0.00762858
78.44,-0.34669698,-1102370.0,-0.237546,-0.341743,-0.337826,-0.296731,-0.278151,0.028084,0.0520187,0.0683615,0.0780317,0.0828297,0.00377871,0.00660331,0.00827855,0.00902457,0.00931851
78.46000000000001,-0.27496854,-1244030.0,-0.225817,-0.376525,-0.381945,-0.379211,-0.407066,0.0234503,0.044836,0.0611638,0.0712723,0.0759776,0.00429405,0.00757185,0.0095738,0.0105176,0.0109066
78.48,-0.30344439,-1365270.0,-0.169126,-0.368856,-0.420836,-0.466214,-0.507617,0.0195009,0.0373822,0.053136,0.0628181,0.0668307,0.00472357,0.00839404,0.0107168,0.0118585,0.0123347
78.5,-0.33819731999999997,-1467590.0,-0.227771,-0.433896,-0.565838,-0.652702,-0.684922,0.0155319,0.0293547,0.0432693,0.0516289,0.0549053,0.00507389,0.00906141,0.0116809,0.013003,0.013552
78.52,-0.26726091,-1537860.0,-0.307901,-0.483422,-0.694491,-0.807428,-0.836367,0.0101752,0.0201815,0.030666,0.0370276,0.0396924,0.00533097,0.00955677,0.0124202,0.0138896,0.014498
78.54,-0.19976037,-1571660.0,-0.281792,-0.477866,-0.728986,-0.858751,-0.902699,0.00427827,0.0105687,0.0164312,0.0203658,0.0223018,0.0054755,0.00986427,0.0128912,0.0144635,0.015118
78.56,-0.19666262999999998,-1581520.0,-0.161433,-0.43322,-0.674816,-0.81935,-0.885441,-0.00015397,0.00145779,0.00239317,0.0035848,0.00442038,0.00551674,0.00998454,0.0130794,0.014703,0.0153852
78.58,-0.24644781,-1576730.0,-0.142917,-0.428721,-0.636731,-0.788006,-0.866165,-0.00319747,-0.00716162,-0.0107223,-0.0124888,-0.0130957,0.00548323,0.0099275,0.0129961,0.014614,0.0152984
78.60000000000001,-0.25398,-1550020.0,-0.259103,-0.462857,-0.644877,-0.782604,-0.854547,-0.00721767,-0.0160774,-0.0235384,-0.0281949,-0.0303028,0.00537908,0.00969511,0.0126535,0.0142071,0.0148644
78.62,-0.20329313999999998,-1490700.0,-0.304251,-0.444987,-0.60759,-0.710655,-0.760323,-0.0128512,-0.0251558,-0.036063,-0.0431274,-0.0464515,0.00517839,0.00928277,0.0120575,0.0134939,0.0140969
78.64,-0.19055487,-1400020.0,-0.244266,-0.406528,-0.529085,-0.589624,-0.61005,-0.0183364,-0.033671,-0.0474298,-0.0561302,-0.0601552,0.00486651,0.00869451,0.0112226,0.0125013,0.0130308
78.66,-0.20491698,-1283650.0,-0.213198,-0.40232,-0.460055,-0.481732,-0.478274,-0.022911,-0.0417595,-0.0573212,-0.0668438,-0.0710385,0.00445404,0.0079402,0.0101751,0.0112716,0.0117189
78.68,-0.19071858,-1139320.0,-0.266926,-0.426501,-0.431988,-0.418243,-0.404171,-0.0277123,-0.0500477,-0.0662416,-0.0758435,-0.0798629,0.00394781,0.00702213,0.00893944,0.0098447,0.0102099
78.7,-0.12338634,-962867.0,-0.246153,-0.370608,-0.368954,-0.322481,-0.306624,-0.032843,-0.0580188,-0.074251,-0.0832508,-0.0869709,0.00334225,0.00594147,0.00753451,0.00825376,0.00854154
78.72,-0.09043983,-762788.0,-0.0854237,-0.203239,-0.224256,-0.160521,-0.139921,-0.0361588,-0.0637572,-0.0801831,-0.0880808,-0.0914363,0.00265224,0.00472371,0.00599017,0.00654044,0.00675746
78.74,-0.13914227999999998,-556081.0,0.022885,-0.0561997,-0.0907114,-0.0421127,-0.0124048,-0.0367842,-0.0663516,-0.0833328,-0.0901071,-0.0929596,0.00192281,0.00342262,0.00435501,0.00475856,0.0049135
78.76,-0.1640517,-350186.0,0.0142162,0.0367473,0.0119362,0.0163722,0.0432248,-0.0364132,-0.0665462,-0.0841206,-0.0903645,-0.0926514,0.00119083,0.00209364,0.00268048,0.00295385,0.0030574
78.78,-0.13701711,-140653.0,-0.0258207,0.0805834,0.0769172,0.0361315,0.0338483,-0.0365292,-0.0653728,-0.083232,-0.0898395,-0.0918806,0.000461408,0.000774449,0.00100695,0.00115181,0.00121208
78.8,-0.06141165,76947.0,-0.0220236,0.0735638,0.0953657,0.0351384,-0.00877307,-0.0370077,-0.0638314,-0.0815092,-0.0891268,-0.0916299,-0.000273961,-0.000517593,-0.000640462,-0.000637856,-0.00062303
78.82000000000001,0.05097531599999999,295738.0,0.0938414,0.122364,0.171521,0.121041,0.0593918,-0.0362895,-0.0618721,-0.0788403,-0.087565,-0.0911237,-0.00100693,-0.00177463,-0.00224396,-0.00240477,-0.00245057
78.84,0.08206919999999998,497355.0,0.210377,0.216532,0.276451,0.253303,0.218555,-0.0332473,-0.0584831,-0.0743606,-0.0838216,-0.0883442,-0.0017023,-0.00297818,-0.00377597,-0.00411864,-0.00424524
78.86,0.060163169999999995,671492.0,0.193641,0.265637,0.301144,0.315412,0.332075,-0.0292071,-0.0536614,-0.0685847,-0.0781344,-0.0828379,-0.00232684,-0.00409963,-0.00520542,-0.0057382,-0.00595707
78.88,0.10220604,828686.0,0.100431,0.262515,0.261839,0.317809,0.370598,-0.0262664,-0.0483799,-0.0629548,-0.0718022,-0.0758112,-0.00288158,-0.00512004,-0.00652081,-0.00723757,-0.00754356
78.9,0.20433099,978030.0,0.145913,0.323508,0.332962,0.417574,0.472689,-0.0238029,-0.0425197,-0.0570068,-0.0644484,-0.0673783,-0.00338227,-0.00602904,-0.00772043,-0.00860007,-0.00897545
78.92,0.20606498999999998,1107470.0,0.237878,0.358333,0.446858,0.528782,0.565375,-0.019965,-0.0357013,-0.0492086,-0.0549848,-0.0569977,-0.00381995,-0.00681125,-0.00878259,-0.0097944,-0.0102192
78.94,0.18099186,1207380.0,0.175179,0.272036,0.453487,0.510085,0.527218,-0.0158345,-0.0293976,-0.0402052,-0.0445961,-0.0460718,-0.00417795,-0.00746224,-0.00967672,-0.0107902,-0.0112499
78.96000000000001,0.26470683,1288950.0,0.0997178,0.247914,0.458178,0.501139,0.506664,-0.0130855,-0.0241981,-0.0310885,-0.0344839,-0.0357329,-0.00446715,-0.00799819,-0.0103897,-0.011581,-0.012068
78.98,0.32101643999999996,1358500.0,0.177122,0.37066,0.53323,0.593444,0.599928,-0.0103171,-0.0180124,-0.0211745,-0.0235381,-0.024667,-0.00470117,-0.0084203,-0.0109123,-0.0121612,-0.012672
79.0,0.25841088,1402500.0,0.306503,0.496954,0.595233,0.681324,0.70659,-0.00548086,-0.00933622,-0.00988983,-0.0107904,-0.0116018,-0.00485915,-0.00869378,-0.0112229,-0.0125045,-0.0130346
79.02,0.17516409,1412840.0,0.263992,0.459855,0.532246,0.618174,0.670733,0.000224096,0.00023187,0.00138496,0.0022046,0.00217139,-0.00491172,-0.00878483,-0.011308,-0.0125904,-0.0131289
79.04,0.21664851,1398110.0,0.207581,0.426218,0.5096,0.567996,0.627609,0.00493983,0.0090926,0.0118034,0.0140663,0.0151548,-0.00486008,-0.00869158,-0.0111761,-0.0124277,-0.0129557
79.06,0.23187302999999998,1359850.0,0.260276,0.45476,0.556781,0.590157,0.618998,0.00961839,0.0179024,0.0224672,0.0256478,0.0276209,-0.0047145,-0.00842163,-0.0108334,-0.0120305,-0.0125279
79.08,0.17491316999999998,1285570.0,0.34788,0.490517,0.604988,0.633605,0.618143,0.0156999,0.0273551,0.0340849,0.0378854,0.0399923,-0.00446132,-0.00796906,-0.0102679,-0.0113952,-0.0118518
79.10000000000001,0.09276746999999999,1169360.0,0.31595,0.474322,0.593794,0.62518,0.597196,0.0223382,0.0370035,0.0460727,0.0504733,0.0521457,-0.00408093,-0.00732547,-0.0094663,-0.0105116,-0.0109304
79.12,0.042178122,1023490.0,0.137098,0.364262,0.477413,0.505368,0.508198,0.0268687,0.0453894,0.0567848,0.0617788,0.0631996,-0.00358886,-0.00650154,-0.00843772,-0.00938908,-0.00977696
79.14,0.07856958,867773.0,0.0141638,0.233809,0.333457,0.362139,0.40173,0.0283813,0.0513701,0.0648935,0.0704538,0.0722989,-0.00303636,-0.00553395,-0.00722094,-0.00806676,-0.00842198
79.16,0.13009743,709526.0,0.0555203,0.149941,0.24404,0.292467,0.336556,0.0290782,0.0552076,0.0706685,0.0769999,0.0796818,-0.00246177,-0.00446817,-0.00586532,-0.00659222,-0.00690217
79.18,0.11365299,538514.0,0.156139,0.125192,0.218638,0.295078,0.318705,0.0311948,0.0579589,0.0752953,0.0828753,0.0862344,-0.00185904,-0.0033365,-0.00440568,-0.00499347,-0.00524301
79.2,0.021458555999999997,346876.0,0.100262,0.0564776,0.123151,0.207938,0.221679,0.0337588,0.0597756,0.0787131,0.0879055,0.0916382,-0.0012095,-0.00215916,-0.0028656,-0.00328566,-0.00346428
79.22,-0.0047908635,149036.0,-0.0862598,-0.0701598,-0.0695315,-0.00868717,0.0172432,0.0338988,0.0596388,0.0792493,0.089898,0.0940275,-0.000532929,-0.000965014,-0.00128597,-0.00150763,-0.00160763
79.24,0.0704463,-30972.6,-0.205466,-0.188784,-0.252787,-0.237208,-0.203551,0.0309815,0.0570494,0.0760261,0.0874391,0.0921644,0.000115875,0.000201868,0.000266784,0.000265745,0.000254293
79.26,0.14778218999999998,-187887.0,-0.16381,-0.254119,-0.332292,-0.36785,-0.357708,0.0272888,0.0526203,0.0701754,0.0813885,0.0865518,0.000698578,0.00129857,0.0017288,0.00195402,0.00204145
79.28,0.13935953999999998,-337401.0,-0.0383446,-0.239677,-0.297819,-0.380072,-0.417314,0.0252672,0.0476824,0.0638743,0.0739093,0.0788016,0.00122414,0.00230159,0.00306929,0.003507,0.00369499
79.3,0.033620934,-491261.0,-0.00372926,-0.194008,-0.266818,-0.378775,-0.454582,0.0248465,0.0433455,0.0582279,0.0663208,0.0700826,0.00172528,0.00321187,0.00429032,0.0049093,0.00518383
79.32000000000001,-0.06637803,-639744.0,-0.111695,-0.190174,-0.336838,-0.450959,-0.530811,0.0236923,0.0395037,0.0521913,0.0580234,0.0602287,0.00221066,0.00404036,0.00539451,0.00615274,0.00648694
79.34,-0.07620981,-765417.0,-0.19491,-0.212392,-0.424351,-0.522,-0.572431,0.0206262,0.0354781,0.0445794,0.0482939,0.0491963,0.00265385,0.00479018,0.00636222,0.00721591,0.00758119
79.36,-0.06953595,-865115.0,-0.210844,-0.303314,-0.491227,-0.576634,-0.589909,0.0165687,0.030321,0.0354237,0.0373075,0.0375729,0.0030258,0.00544817,0.00716225,0.00807193,0.00844888
79.38,-0.05592966,-946030.0,-0.198725,-0.414656,-0.503209,-0.58429,-0.584459,0.012473,0.0231413,0.0254793,0.0256983,0.0258292,0.00331621,0.0059828,0.00777128,0.00870199,0.0090829
79.4,-0.05707002,-1008780.0,-0.228236,-0.486634,-0.499984,-0.559362,-0.579043,0.00820337,0.0141284,0.0154474,0.0142618,0.0141941,0.00352298,0.00635549,0.00818054,0.00910159,0.00948314
79.42,-0.05745303,-1043080.0,-0.305456,-0.520108,-0.549594,-0.556009,-0.596735,0.00286645,0.00406099,0.0049516,0.00310805,0.00243637,0.00363367,0.00653739,0.00838453,0.00927528,0.00964944
79.44,-0.021620583,-1039200.0,-0.31771,-0.493872,-0.592537,-0.547998,-0.568852,-0.00336521,-0.00607882,-0.00646972,-0.00793201,-0.00921951,0.00362869,0.00651721,0.00836935,0.00922704,0.00958161
79.46000000000001,-0.005941551,-999823.0,-0.260073,-0.445224,-0.582046,-0.53827,-0.501783,-0.00914303,-0.0154698,-0.0182156,-0.0187947,-0.0199259,0.0035036,0.00630172,0.0081225,0.00895978,0.00929016
79.48,-0.018083478,-933246.0,-0.233369,-0.428675,-0.546108,-0.557254,-0.488602,-0.0140774,-0.0242088,-0.0294971,-0.0297499,-0.0298297,0.0032714,0.00590494,0.00764537,0.00847433,0.0087926
79.5,-0.0014198042999999999,-840631.0,-0.228207,-0.397711,-0.483049,-0.552235,-0.530273,-0.0186932,-0.0324726,-0.0397887,-0.0408448,-0.0400185,0.00294369,0.00533812,0.00695252,0.00776838,0.00809412
79.52,0.0267699,-723103.0,-0.127482,-0.259662,-0.342796,-0.432766,-0.505279,-0.0222501,-0.0390464,-0.0480471,-0.0506948,-0.050374,0.00253426,0.00462293,0.00607416,0.00685299,0.00719019
79.54,-0.022638747,-592161.0,-0.0165394,-0.116918,-0.2188,-0.306924,-0.428596,-0.0236903,-0.0428122,-0.0536631,-0.0580917,-0.0597127,0.00207486,0.00380435,0.00505706,0.00576512,0.00608933
79.56,-0.07372203,-459636.0,0.0194772,-0.0277407,-0.136469,-0.232756,-0.311058,-0.0236609,-0.0442588,-0.0572158,-0.0634885,-0.0671093,0.00160134,0.00293364,0.00394827,0.00454932,0.00482111
79.58,-0.08695755,-328477.0,0.0188981,0.0473377,-0.0425908,-0.148763,-0.147807,-0.0232772,-0.0440628,-0.0590064,-0.0673037,-0.0716979,0.00113196,0.00205042,0.00278605,0.0032414,0.00343303
79.60000000000001,-0.09973815,-200102.0,0.0639278,0.14136,0.0918578,0.0136572,0.041425,-0.0224489,-0.0421758,-0.0585137,-0.0686548,-0.0727618,0.000674702,0.00118804,0.00161084,0.00188181,0.00198844
79.62,-0.14548158,-77159.3,0.0666199,0.142812,0.15337,0.148987,0.141731,-0.0211434,-0.0393341,-0.0560614,-0.0670283,-0.0709302,0.000238779,0.000372939,0.000465093,0.00052498,0.000551518
79.64,-0.12371631,38947.8,0.101106,0.158945,0.24305,0.314919,0.284634,-0.0194662,-0.0363165,-0.0520972,-0.0623893,-0.0666666,-0.000167317,-0.000383567,-0.000616493,-0.000769197,-0.000824449
79.66,-0.14009853,143208.0,0.129777,0.192236,0.338588,0.447943,0.460212,-0.0171573,-0.0328047,-0.0462809,-0.0547607,-0.0592181,-0.000533552,-0.00107478,-0.00160027,-0.0019407,-0.0020833
79.68,-0.17107337999999997,230629.0,0.125505,0.230165,0.400457,0.516838,0.60076,-0.0146045,-0.0285807,-0.0388904,-0.0451128,-0.0486084,-0.000851171,-0.00168863,-0.00245199,-0.00293943,-0.00316156
79.7,-0.17994432,303975.0,0.108745,0.276109,0.434941,0.559786,0.669799,-0.012262,-0.023518,-0.0305364,-0.0343466,-0.0359028,-0.00111984,-0.00220962,-0.00314626,-0.00373403,-0.00400667
79.72,-0.17721989999999999,369220.0,0.0829571,0.284355,0.42812,0.563864,0.636314,-0.010345,-0.0179133,-0.0219058,-0.0231101,-0.0228417,-0.00134591,-0.00262393,-0.00367068,-0.00430859,-0.00459412
79.74,-0.14448708,428077.0,0.091854,0.260687,0.406976,0.526493,0.548004,-0.00859691,-0.0124629,-0.0135548,-0.0122065,-0.0109985,-0.00153533,-0.00292769,-0.00402528,-0.00466176,-0.00493252
79.76,-0.09997173,473405.0,0.197836,0.300715,0.449262,0.516305,0.519499,-0.00570001,-0.00684889,-0.00499245,-0.00177853,-0.000323444,-0.0016783,-0.00312081,-0.00421076,-0.00480161,-0.00504574
79.78,-0.12489440999999998,492277.0,0.27961,0.36537,0.480497,0.491541,0.500852,-0.000925548,-0.000188032,0.00430515,0.00829993,0.00988007,-0.00174455,-0.00319118,-0.00421763,-0.00473639,-0.00495017
79.8,-0.16081829999999997,482615.0,0.183378,0.32362,0.365829,0.351351,0.358679,0.00370433,0.00670187,0.0127684,0.0167288,0.0184754,-0.00171676,-0.00312604,-0.00404689,-0.00448611,-0.00466662
79.82000000000001,-0.07958243999999999,458416.0,0.0607718,0.238253,0.212632,0.196779,0.187799,0.00614582,0.0123206,0.018553,0.0222101,0.0239402,-0.00161826,-0.00293582,-0.00373368,-0.00409672,-0.00424246
79.84,0.027345282,425896.0,0.119743,0.232393,0.193583,0.170959,0.150599,0.00795097,0.0170271,0.0226152,0.0258875,0.0273242,-0.00147729,-0.00264234,-0.003322,-0.00361574,-0.00372982
79.86,0.009298728,373027.0,0.203239,0.208715,0.207449,0.167442,0.149039,0.0111808,0.0214381,0.0266255,0.0292715,0.0303205,-0.00128598,-0.00225769,-0.00282959,-0.00306415,-0.00315337
79.88,-0.029554194,294954.0,0.131496,0.114017,0.145008,0.103573,0.0890419,0.0145282,0.0246655,0.0301501,0.0319817,0.0327013,-0.00102889,-0.00179665,-0.00226184,-0.00245162,-0.00252315
79.9,0.0020758683,206820.0,-0.0184367,0.01947,0.0379297,0.0275305,0.0139399,0.0156587,0.0260003,0.0319794,0.0332927,0.0337312,-0.000727018,-0.00129,-0.00164054,-0.00179887,-0.00185883
79.92,0.057830429999999995,120942.0,-0.0219657,0.0299452,0.0176411,0.0482796,0.0457308,0.0152547,0.0264945,0.0325352,0.0340508,0.0343279,-0.000417883,-0.000765047,-0.000995394,-0.00112544,-0.00117824
79.94,0.014808003,34301.8,0.00193947,-0.00159497,-0.0106626,0.0358285,0.059624,0.0150545,0.026778,0.0326049,0.0348919,0.0353814,-0.000114791,-0.000232323,-0.000343993,-0.00043601,-0.000481144
79.96000000000001,-0.009450963,-50688.4,-0.1057,-0.151732,-0.122004,-0.0884712,-0.0454245,0.0140169,0.0252447,0.0312783,0.0343655,0.0355234,0.000175922,0.000287905,0.000294839,0.000256564,0.000227904
79.98,0.06997863,-120526.0,-0.172901,-0.229893,-0.17819,-0.158365,-0.128317,0.0112308,0.0214285,0.0282763,0.0318971,0.033786,0.000428399,0.000754637,0.000890385,0.00091919,0.000920998
80.0,0.10038992999999999,-172022.0,-0.124915,-0.215037,-0.193315,-0.171254,-0.175979,0.00825268,0.0169792,0.0245613,0.0286009,0.030743,0.000623234,0.00113871,0.00141876,0.00152417,0.00156629
80.02,0.07760771999999999,-212504.0,-0.0795793,-0.207746,-0.246228,-0.224893,-0.247511,0.00620774,0.0127514,0.0201658,0.0246394,0.0265081,0.000767838,0.00143602,0.00186603,0.00205657,0.0021388
80.04,0.08388989999999999,-242073.0,-0.127978,-0.241135,-0.330063,-0.338113,-0.345598,0.00413217,0.00826255,0.0144029,0.0190094,0.020577,0.000871237,0.00164616,0.00221172,0.00249306,0.00260965
80.06,0.13347465,-257869.0,-0.101656,-0.177091,-0.293603,-0.35258,-0.343287,0.00183583,0.00408029,0.00816626,0.0121024,0.0136882,0.000930917,0.00176959,0.00243741,0.00280418,0.0029523
80.08,0.08818817999999999,-265706.0,-0.0355622,-0.108284,-0.235304,-0.333252,-0.344174,0.000463641,0.00122654,0.0028772,0.00524412,0.0068136,0.000953912,0.00182265,0.00254785,0.00297765,0.00315732
80.10000000000001,0.040165152,-269128.0,-0.0391712,-0.11822,-0.238421,-0.344816,-0.404216,-0.000283693,-0.0010385,-0.00186004,-0.00153656,-0.000670305,0.000955711,0.00182453,0.00255802,0.00301472,0.00321876
80.12,0.060198869999999995,-262025.0,-0.107494,-0.170905,-0.265181,-0.361667,-0.447883,-0.00175034,-0.00392975,-0.00689606,-0.0086014,-0.00919129,0.000935371,0.00177485,0.00247046,0.00291334,0.00312014
80.14,0.10524717,-243109.0,-0.0899501,-0.154193,-0.215004,-0.297715,-0.359036,-0.00372478,-0.00718073,-0.0116979,-0.0151952,-0.0172605,0.000880619,0.00166375,0.00228452,0.00267538,0.00285562
80.16,0.07409943,-220052.0,-0.039539,-0.127444,-0.164821,-0.222307,-0.232,-0.00501967,-0.00999709,-0.0154962,-0.0203955,-0.0231708,0.000793175,0.00149197,0.00201258,0.00231947,0.00245131
80.18,0.040990536,-195097.0,-0.0275972,-0.0989095,-0.12761,-0.136804,-0.113232,-0.00569103,-0.0122606,-0.0184205,-0.0239866,-0.0266232,0.000686068,0.00126939,0.00167341,0.00187565,0.00195337
80.2,0.017360451,-159794.0,-0.128612,-0.14375,-0.165547,-0.118274,-0.0914237,-0.00725313,-0.0146872,-0.021352,-0.0265374,-0.0286697,0.000556626,0.000999914,0.00127568,0.00137041,0.00140044
80.22,0.07248170999999999,-103477.0,-0.212309,-0.224697,-0.224402,-0.14666,-0.123042,-0.0106623,-0.0183717,-0.0252515,-0.0291867,-0.0308144,0.000377472,0.000669325,0.000809649,0.000813168,0.000805597
80.24,0.16407311999999996,-22320.2,-0.205574,-0.298603,-0.262277,-0.195119,-0.165487,-0.0148412,-0.0236047,-0.0301183,-0.0326045,-0.0336997,0.000122436,0.000249561,0.00025595,0.000195256,0.000160456
80.26,0.25276670999999995,77417.0,-0.110869,-0.27359,-0.217377,-0.181516,-0.14971,-0.0180056,-0.0293266,-0.0349148,-0.0363708,-0.0368517,-0.000206032,-0.000279752,-0.000394381,-0.000494497,-0.000545057
80.28,0.26438859,184560.0,-0.0405579,-0.175299,-0.150722,-0.139147,-0.124626,-0.0195199,-0.0338155,-0.0385958,-0.0395775,-0.039595,-0.000581286,-0.000911173,-0.00112949,-0.00125398,-0.00130952
80.3,0.24560121,294150.0,-0.0237286,-0.0590212,-0.112761,-0.117072,-0.129317,-0.0201627,-0.0361587,-0.0412307,-0.0421397,-0.0421344,-0.000978112,-0.00161092,-0.00192775,-0.00207115,-0.00212682
80.32000000000001,0.24782327999999998,408195.0,0.0162354,0.0634963,-0.0582672,-0.0902385,-0.11657,-0.0202377,-0.036114,-0.042941,-0.0442128,-0.0445933,-0.00138212,-0.00233364,-0.00276947,-0.00293468,-0.0029941
80.34,0.24220104,524086.0,0.0718408,0.136117,0.0145909,-0.0633893,-0.0897178,-0.0193569,-0.0341178,-0.0433777,-0.0457491,-0.0466562,-0.00177806,-0.00303596,-0.00363266,-0.0038343,-0.00390659
80.36,0.24066033,632384.0,0.1083,0.148028,0.09265,-0.0237582,-0.0565225,-0.0175555,-0.0312764,-0.0423053,-0.0466205,-0.0481186,-0.00214719,-0.0036899,-0.00448949,-0.00475799,-0.00485434
80.38,0.24998262,726905.0,0.0963027,0.122065,0.140164,0.0290174,-0.024297,-0.0155095,-0.0285754,-0.0399772,-0.0465679,-0.0489268,-0.00247784,-0.00428842,-0.00531231,-0.00568988,-0.00582479
80.4,0.28130069999999996,808238.0,0.104733,0.149284,0.198791,0.144979,0.0830526,-0.0134991,-0.025862,-0.0365876,-0.044828,-0.0483392,-0.00276792,-0.00483279,-0.00607796,-0.00660383,-0.00679745
80.42,0.27103134,876891.0,0.121515,0.200706,0.246351,0.272663,0.246125,-0.0112366,-0.0223621,-0.0321362,-0.0406516,-0.0450474,-0.00301528,-0.00531503,-0.0067652,-0.00745863,-0.00773132
80.44,0.24194348999999998,928586.0,0.183961,0.295336,0.343687,0.433941,0.479173,-0.00818187,-0.0174016,-0.0262358,-0.0335855,-0.0377945,-0.00320946,-0.00571267,-0.00734892,-0.008201,-0.00855974
80.46000000000001,0.15417249,961351.0,0.130362,0.270736,0.353507,0.475387,0.577738,-0.00503864,-0.0117409,-0.0192639,-0.0244922,-0.0272254,-0.00334167,-0.0060041,-0.00780392,-0.00878178,-0.00920993
80.48,0.16569441,985057.0,0.0244105,0.177143,0.314983,0.445147,0.545716,-0.00349092,-0.00726213,-0.012579,-0.0152869,-0.0159908,-0.00342697,-0.00619413,-0.00812234,-0.00917957,-0.0096421
80.5,0.23935677,1008740.0,0.0292193,0.148517,0.333828,0.460094,0.510652,-0.00295463,-0.00400554,-0.00609088,-0.00623449,-0.00542714,-0.00349142,-0.0063068,-0.00830904,-0.00939478,-0.00985628
80.52,0.25261778999999995,1025370.0,0.111977,0.172747,0.371988,0.481472,0.487442,-0.00154267,-0.000792898,0.000967284,0.00318117,0.0045538,-0.00353639,-0.00635479,-0.00836028,-0.00942532,-0.00986501
80.54,0.22438673999999997,1021920.0,0.203898,0.261025,0.423457,0.500879,0.504978,0.00161608,0.00354482,0.00892173,0.0130047,0.014478,-0.00353566,-0.00632727,-0.00826139,-0.00926346,-0.00967469
80.56,0.15318972,994682.0,0.198506,0.335712,0.415357,0.454069,0.482758,0.00564011,0.0095122,0.0173099,0.0225542,0.0243554,-0.0034631,-0.0061967,-0.00799907,-0.00890787,-0.00928636
80.58,0.11851838999999999,948732.0,0.180881,0.397737,0.390818,0.396535,0.43239,0.00943397,0.0168467,0.0253716,0.0310602,0.0335068,-0.00331236,-0.00593311,-0.00757226,-0.00837173,-0.00870774
80.60000000000001,0.09256041,884110.0,0.235078,0.442208,0.403668,0.383498,0.390505,0.0135936,0.0252461,0.0333165,0.0388605,0.0417358,-0.00308208,-0.00551218,-0.00698538,-0.00767252,-0.00795531
80.62,0.035816178,793839.0,0.236134,0.368342,0.370983,0.327205,0.292675,0.0183057,0.0333516,0.041063,0.0459675,0.0485676,-0.00276309,-0.0049262,-0.00624158,-0.00682424,-0.00705228
80.64,0.033844977,676297.0,0.187522,0.264198,0.331668,0.274396,0.220103,0.0225423,0.039677,0.0480895,0.0519836,0.0536954,-0.00235461,-0.00419592,-0.00535006,-0.00584473,-0.00602965
80.66,0.032551158,535162.0,0.155507,0.225082,0.31541,0.274807,0.234865,0.0259726,0.0445698,0.0545603,0.0574756,0.058245,-0.00186946,-0.00335345,-0.00432356,-0.00475014,-0.00491024
80.68,-0.020575644,376258.0,0.0735269,0.154498,0.215043,0.226101,0.223455,0.0282629,0.0483656,0.0598648,0.0624847,0.0628282,-0.00132711,-0.00242409,-0.00317931,-0.00355053,-0.00369951
80.7,-0.02435862,212153.0,-0.0387242,0.0352205,0.0608845,0.131312,0.170522,0.0286109,0.0502628,0.0626241,0.0660588,0.066768,-0.000758368,-0.00143781,-0.00195442,-0.0022651,-0.00240355
80.72,0.012325374,54090.6,-0.0736099,-0.0514044,-0.0244657,0.0764834,0.144088,0.0274876,0.050101,0.0629883,0.0681367,0.0699141,-0.000197383,-0.000434173,-0.000698297,-0.000923145,-0.00103672
80.74,-0.004089740999999999,-97811.1,-0.0637598,-0.125183,-0.0737212,0.0189871,0.0860117,0.0261139,0.0483351,0.0620064,0.0690914,0.0722151,0.000338631,0.000550188,0.00055165,0.000449137,0.000384568
80.76,-0.031998929999999995,-246077.0,-0.0512779,-0.163865,-0.110141,-0.0459868,-0.0099848,0.0249635,0.0454446,0.0601678,0.0688214,0.0729754,0.000849405,0.00148798,0.00177339,0.00182827,0.00183647
80.78,-0.06316044,-387931.0,-0.0762681,-0.167799,-0.156984,-0.126203,-0.13009,0.023688,0.042128,0.0574965,0.0670995,0.0715746,0.00133592,0.00236371,0.00295003,0.00318748,0.00328197
80.8,-0.09036741,-516684.0,-0.161312,-0.208818,-0.263325,-0.275178,-0.300257,0.0213122,0.0383618,0.0532934,0.0630857,0.0672712,0.00178592,0.00316861,0.00405793,0.00448933,0.00467043
80.82000000000001,-0.06119795999999999,-628452.0,-0.134347,-0.18611,-0.288475,-0.356549,-0.381602,0.0183557,0.0344125,0.0477754,0.0567685,0.0604526,0.0021826,0.00389635,0.00506862,0.00568787,0.00594767
80.84,-0.10145786999999999,-725965.0,-0.111892,-0.210943,-0.329317,-0.448758,-0.477658,0.0158933,0.030442,0.0415975,0.0487154,0.05186,0.00252509,0.0045449,0.00596235,0.00674271,0.00707079
80.86,-0.10878963,-808141.0,-0.166619,-0.305244,-0.427593,-0.565123,-0.618284,0.0131081,0.0252801,0.0340284,0.0385766,0.0409006,0.00281511,0.00510212,0.00671861,0.00761563,0.0079984
80.88,-0.050642336999999996,-868705.0,-0.198027,-0.364588,-0.501792,-0.618528,-0.696193,0.00946168,0.0185818,0.0247345,0.0267401,0.0277558,0.0030408,0.00554074,0.00730624,0.0082688,0.00868496
80.9,-0.018482196,-907613.0,-0.188742,-0.394071,-0.55405,-0.635466,-0.70339,0.00559399,0.0109952,0.0141761,0.0142001,0.0137599,0.00319136,0.00583651,0.00769534,0.0086782,0.00910012
80.92,-0.005693997,-928880.0,-0.176126,-0.406105,-0.576316,-0.633954,-0.656569,0.00194531,0.00299344,0.00287245,0.00150593,0.000160349,0.00326675,0.00597639,0.00786583,0.00883526,0.00923932
80.94,-0.0041362733999999995,-933294.0,-0.17068,-0.372995,-0.530337,-0.578192,-0.560428,-0.00152275,-0.00479756,-0.00819407,-0.0106155,-0.0120096,0.00327098,0.00595835,0.00781261,0.00874416,0.00912083
80.96000000000001,-0.040286124,-918556.0,-0.193858,-0.337581,-0.46427,-0.503546,-0.487277,-0.00516813,-0.0119033,-0.0181401,-0.0214329,-0.0224867,0.00320407,0.00579134,0.00754927,0.00842368,0.00877587
80.98,-0.06739803,-879352.0,-0.232507,-0.340266,-0.424708,-0.452916,-0.470482,-0.00943178,-0.0186818,-0.0270299,-0.0309975,-0.0320642,0.00305807,0.00548549,0.00709757,0.00789937,0.00823036
81.0,-0.048424398,-810659.0,-0.2308,-0.342291,-0.377392,-0.400773,-0.441971,-0.0140649,-0.0255074,-0.0350509,-0.0395344,-0.0411888,0.00282311,0.0050436,0.00647676,0.00719405,0.00749783
81.02,-0.028018022999999996,-716514.0,-0.158762,-0.28539,-0.280483,-0.306845,-0.336685,-0.0179605,-0.0317842,-0.0416297,-0.0466106,-0.0489753,0.00250285,0.00447069,0.00570996,0.0063326,0.00659619
81.04,-0.05769018,-607005.0,-0.113151,-0.226643,-0.21624,-0.239053,-0.239278,-0.0206796,-0.0369045,-0.0465969,-0.0520696,-0.054735,0.00211645,0.0037838,0.00482769,0.0053458,0.00555908
81.06,-0.06278966999999999,-485799.0,-0.0869351,-0.148593,-0.171695,-0.173771,-0.156636,-0.0226805,-0.0406569,-0.0504763,-0.0561978,-0.0586941,0.00168285,0.00300819,0.00385696,0.00426313,0.00442479
81.08,-0.05629839,-353070.0,-0.0293846,-0.0361236,-0.0986504,-0.0765289,-0.0617665,-0.0238437,-0.042504,-0.0531797,-0.0587008,-0.0608781,0.00121761,0.00217658,0.0028204,0.00311414,0.00322907
81.10000000000001,-0.0752862,-214967.0,0.025796,0.0395395,-0.0251824,-0.00180167,0.00540483,-0.0238795,-0.0424699,-0.054418,-0.0594841,-0.0614417,0.000740377,0.00132684,0.00174442,0.00193229,0.00200587
81.12,-0.07651274999999999,-80090.6,0.0669489,0.0797874,0.0583802,0.0544502,0.0571858,-0.0229521,-0.0412766,-0.0540861,-0.0589576,-0.0608158,0.000272061,0.000489373,0.00065938,0.000747876,0.000783296
81.14,-0.06651828,46933.5,0.0766427,0.106191,0.139543,0.106054,0.0997377,-0.0215162,-0.0394168,-0.0521068,-0.0573526,-0.0592466,-0.000172622,-0.000317561,-0.000402549,-0.000415226,-0.000417328
81.16,-0.048958316999999994,166685.0,0.0472285,0.114362,0.176893,0.141899,0.119452,-0.0202775,-0.0372113,-0.0489425,-0.0548731,-0.0570547,-0.000590559,-0.00108384,-0.00141304,-0.00153748,-0.00158034
81.18,-0.0047987735999999994,280830.0,0.0637757,0.156845,0.219681,0.213248,0.184972,-0.0191674,-0.0344992,-0.0449767,-0.0513216,-0.0540105,-0.000985008,-0.00180095,-0.00235223,-0.00259943,-0.00269099
81.2,0.007315082999999999,385990.0,0.119914,0.213832,0.270638,0.299626,0.293427,-0.0173305,-0.0307924,-0.0400735,-0.0461929,-0.0492265,-0.00134999,-0.00245386,-0.00320274,-0.00357457,-0.00372336
81.22,-0.007031013,475736.0,0.166113,0.260433,0.320099,0.37294,0.406153,-0.0144703,-0.0260498,-0.0341662,-0.0394672,-0.0422307,-0.001668,-0.00302229,-0.00394513,-0.00443117,-0.00463793
81.24,-0.024654521999999998,547972.0,0.151785,0.264616,0.332839,0.399427,0.456718,-0.0112913,-0.0207993,-0.0276368,-0.0317435,-0.0336019,-0.00192561,-0.00349078,-0.00456316,-0.00514328,-0.00539626
81.26,-0.004647675899999999,604612.0,0.14627,0.277471,0.355825,0.432241,0.48042,-0.00831075,-0.0153785,-0.0207502,-0.0234269,-0.0242306,-0.00212163,-0.00385255,-0.00504703,-0.00569499,-0.00597458
81.28,0.003667257,646815.0,0.117964,0.244579,0.339405,0.416316,0.438814,-0.00566841,-0.010158,-0.0137979,-0.0149413,-0.0150382,-0.00226142,-0.00410792,-0.00539251,-0.00607867,-0.00636727
81.3,0.046991145,674273.0,0.126571,0.234464,0.350774,0.411032,0.419312,-0.00322306,-0.00536753,-0.00689607,-0.00666781,-0.00645697,-0.00235034,-0.00426317,-0.00559945,-0.00629476,-0.00658222
81.32000000000001,0.055624169999999994,684976.0,0.144071,0.245326,0.36957,0.404468,0.416069,-0.000516643,-0.000569643,0.000307373,0.00148719,0.00189684,-0.00238773,-0.00432255,-0.00566534,-0.00634656,-0.00662783
81.34,0.043491831,679186.0,0.117639,0.231804,0.332951,0.353933,0.370358,0.00210046,0.00420165,0.00733258,0.0090712,0.00976112,-0.0023719,-0.00428623,-0.00558894,-0.00624098,-0.00651125
81.36,0.06604397999999999,661281.0,0.109423,0.232678,0.289053,0.314354,0.326451,0.00437108,0.00884646,0.0135526,0.0157541,0.0167292,-0.00230718,-0.00415574,-0.00538009,-0.00599273,-0.00624634
81.38,0.07594205999999999,629294.0,0.184571,0.291486,0.312201,0.3439,0.350261,0.00731102,0.0140881,0.0195652,0.0223366,0.0234963,-0.00219036,-0.0039264,-0.00504891,-0.00561182,-0.00584409
81.4,0.010434752999999998,574444.0,0.208144,0.293367,0.306969,0.329648,0.337791,0.0112382,0.0199366,0.0257569,0.0290721,0.0303769,-0.00200487,-0.00358615,-0.00459569,-0.00509773,-0.00530535
81.42,-0.022362071999999997,496525.0,0.148506,0.238739,0.264805,0.267599,0.278341,0.0148047,0.0252577,0.0314746,0.0350446,0.0365382,-0.00174444,-0.00313421,-0.00402337,-0.00445657,-0.0046362
81.44,-0.01258017,404450.0,0.0856154,0.189366,0.228902,0.220623,0.223355,0.0171459,0.0295387,0.0364117,0.0399268,0.0415551,-0.00142493,-0.00258624,-0.00334451,-0.00370685,-0.00385527
81.46000000000001,-0.013505105999999998,301672.0,0.0946669,0.180581,0.229703,0.228148,0.21715,0.0189487,0.0332382,0.0409977,0.0444145,0.0459602,-0.00106399,-0.00195848,-0.00257042,-0.00286344,-0.00298012
81.48,-0.06454356,183810.0,0.127416,0.181011,0.239339,0.252616,0.240285,0.0211695,0.0368541,0.0456881,0.0492221,0.0505345,-0.000662806,-0.00125755,-0.00170356,-0.00192707,-0.00201517
81.5,-0.13767246,50921.8,0.0811222,0.135358,0.197152,0.22242,0.227796,0.0232549,0.0400178,0.0500531,0.0539725,0.0552153,-0.000218561,-0.000488833,-0.000746147,-0.000895127,-0.000957672
81.52,-0.16747889999999999,-85343.6,-0.0442019,0.0262559,0.0771284,0.112526,0.139272,0.0236241,0.0416339,0.0527959,0.057322,0.058886,0.00025023,0.000327685,0.000282342,0.000217818,0.000183342
81.54,-0.125154,-211439.0,-0.115124,-0.0822403,-0.0502335,-0.0036376,0.0296325,0.0220309,0.0410741,0.0530648,0.0584109,0.0605751,0.000706779,0.00115477,0.00134095,0.00137515,0.00137795
81.56,-0.07895055,-325690.0,-0.0824409,-0.146883,-0.127667,-0.0770905,-0.0527439,0.0200552,0.0387829,0.0512858,0.0576036,0.0603439,0.00112764,0.00195333,0.00238445,0.00253529,0.00258714
81.58,-0.08046321,-434957.0,-0.0580148,-0.19582,-0.189261,-0.153634,-0.14126,0.0186507,0.0353558,0.0481165,0.0552963,0.0584039,0.0015147,0.00269472,0.00337848,0.00366429,0.00377462
81.60000000000001,-0.08941370999999998,-539054.0,-0.111467,-0.241303,-0.271105,-0.267632,-0.264411,0.0169558,0.0309846,0.0435129,0.0510837,0.0543472,0.00187076,0.00335813,0.00429477,0.00472809,0.00490213
81.62,-0.06902085,-629483.0,-0.144621,-0.231728,-0.323876,-0.356668,-0.364983,0.014395,0.0262543,0.0375631,0.0448407,0.0480533,0.00218427,0.00393051,0.00510553,0.00568733,0.00592614
81.64,-0.07100321999999999,-702569.0,-0.12237,-0.203832,-0.347773,-0.414084,-0.439754,0.011725,0.0218987,0.0308466,0.0371332,0.0400059,0.00244547,0.00441204,0.00578963,0.00650707,0.00680673
81.66,-0.09154040999999999,-763164.0,-0.080263,-0.190082,-0.340004,-0.439443,-0.483226,0.00969871,0.0179595,0.0239688,0.0285979,0.0307761,0.00265971,0.00481063,0.00633778,0.00716438,0.00751455
81.68,-0.12463686,-815723.0,-0.0883422,-0.210827,-0.331497,-0.458059,-0.514829,0.00801266,0.0139505,0.0172538,0.0196229,0.0207956,0.00283682,0.00512973,0.00675001,0.00764659,0.00803026
81.7,-0.13907393999999998,-857943.0,-0.123991,-0.23235,-0.328991,-0.457214,-0.519839,0.00588933,0.00951869,0.0106489,0.0104702,0.0104489,0.00297584,0.00536442,0.00702903,0.00794752,0.00834271
81.72,-0.14224562999999998,-882386.0,-0.189968,-0.29186,-0.386765,-0.480127,-0.536824,0.00274974,0.00427658,0.00349136,0.00109675,-0.000117744,0.00306223,0.00550237,0.00717044,0.00806319,0.00844602
81.74,-0.09335549999999998,-883943.0,-0.19019,-0.316512,-0.41113,-0.450362,-0.48171,-0.00105183,-0.00180714,-0.0044876,-0.00820814,-0.0103031,0.00307921,0.00552707,0.00716047,0.00799208,0.00834181
81.76,-0.08168415,-865550.0,-0.169658,-0.330848,-0.406782,-0.402983,-0.394262,-0.00465031,-0.00828073,-0.0126667,-0.0167416,-0.0190628,0.00302219,0.00542619,0.00698893,0.00774258,0.00804815
81.78,-0.084711,-831255.0,-0.163373,-0.329505,-0.379411,-0.355667,-0.316706,-0.00798062,-0.0148843,-0.0205287,-0.0243281,-0.0261725,0.00289588,0.00519454,0.00665698,0.00733188,0.0075958
81.8,-0.08597528999999998,-780067.0,-0.142795,-0.271789,-0.309938,-0.279572,-0.242824,-0.0110423,-0.0208972,-0.0274221,-0.0306805,-0.0317678,0.00270565,0.00483672,0.00617747,0.0067818,0.0070164
81.82000000000001,-0.11052209999999998,-711343.0,-0.114514,-0.192004,-0.230865,-0.201542,-0.192261,-0.0136154,-0.0255351,-0.0328302,-0.0354916,-0.0361186,0.00245908,0.0043724,0.00557495,0.00612008,0.00633753
81.84,-0.13593183,-626635.0,-0.118594,-0.161189,-0.192456,-0.181321,-0.194875,-0.0159465,-0.0290671,-0.0370634,-0.0393202,-0.03999,0.00216346,0.00382638,0.00487601,0.00537196,0.00557645
81.86,-0.11290838999999998,-526874.0,-0.11352,-0.144536,-0.153674,-0.179875,-0.196121,-0.0182676,-0.0321243,-0.0405247,-0.0429322,-0.0439,0.00182132,0.00321446,0.00410013,0.00454943,0.00473755
81.88,-0.08082377999999998,-415334.0,-0.0576409,-0.0888015,-0.0815199,-0.140434,-0.15398,-0.0199792,-0.0344577,-0.0428766,-0.0461353,-0.047401,0.00143885,0.00254864,0.00326612,0.00365876,0.00382454
81.9,-0.08139854999999999,-299122.0,0.00723198,-0.0175353,-0.0203336,-0.0790664,-0.101333,-0.0204833,-0.0355211,-0.0438952,-0.0483303,-0.0499541,0.00103422,0.00184886,0.0023984,0.0027141,0.00285099
81.92,-0.08486042999999999,-185253.0,0.0744055,0.0750741,0.0422567,0.0141112,-0.0175246,-0.0196669,-0.0349457,-0.0436759,-0.0489798,-0.0511427,0.000632722,0.00114419,0.00152269,0.001741,0.00184002
81.94,-0.10644311999999999,-79473.9,0.115435,0.154366,0.101376,0.102651,0.0841326,-0.0177685,-0.0326513,-0.0422396,-0.0478122,-0.0504766,0.000258368,0.000468219,0.000663532,0.000773082,0.000823828
81.96000000000001,-0.12674367,12900.0,0.149377,0.223589,0.185626,0.193164,0.206825,-0.0151204,-0.0288717,-0.0393696,-0.0448541,-0.047567,-7.05213e-05,-0.00014701,-0.00015256,-0.000153581,-0.000156608
81.98,-0.15810713999999998,87540.8,0.168135,0.271147,0.284348,0.286466,0.31851,-0.0119453,-0.0239244,-0.0346698,-0.0400578,-0.0423137,-0.000341178,-0.000674971,-0.000892954,-0.0010027,-0.00105541
82.0,-0.19003517999999997,143400.0,0.152389,0.283319,0.363414,0.3733,0.390054,-0.00874003,-0.0183797,-0.0281922,-0.0334601,-0.035228,-0.000548031,-0.00109801,-0.00152157,-0.00173788,-0.00183083
82.02,-0.20453193,184972.0,0.0875555,0.237227,0.374745,0.411608,0.402293,-0.00634058,-0.0131743,-0.0208106,-0.025611,-0.0273045,-0.000698837,-0.00141355,-0.0020116,-0.00232859,-0.00245616
82.04,-0.17064804,218676.0,0.0576943,0.197469,0.365961,0.434363,0.42774,-0.00488808,-0.0088273,-0.0134036,-0.0171513,-0.0190042,-0.000811124,-0.00163357,-0.00235375,-0.00275621,-0.00291924
82.06,-0.14357825999999999,243702.0,0.116162,0.222895,0.389679,0.481898,0.513846,-0.00314951,-0.00462365,-0.00584716,-0.00798872,-0.00958835,-0.0008915,-0.00176808,-0.00254625,-0.00300761,-0.00320517
82.08,-0.17472039,253399.0,0.148178,0.237987,0.373277,0.481763,0.554181,-0.000506109,-1.48378e-05,0.0017824,0.0016479,0.00109192,-0.000928056,-0.00181446,-0.0025869,-0.00307102,-0.00329013
82.10000000000001,-0.18437112,247342.0,0.118857,0.22601,0.313762,0.429619,0.509194,0.00216425,0.00462513,0.00865279,0.0107617,0.0117257,-0.000911474,-0.00176836,-0.00248255,-0.00294693,-0.00316196
82.12,-0.15765783,230084.0,0.109555,0.230156,0.278207,0.379523,0.432014,0.00444837,0.0091868,0.0145725,0.0188531,0.0211378,-0.000845348,-0.00163024,-0.0022503,-0.00265078,-0.00283332
82.14,-0.14893937999999998,199747.0,0.152953,0.250456,0.285881,0.340565,0.356395,0.00707344,0.0139929,0.0202133,0.026054,0.0290218,-0.00073013,-0.00139844,-0.00190244,-0.00220171,-0.00233173
82.16,-0.17210052,151242.0,0.144113,0.212779,0.256882,0.246274,0.234073,0.0100441,0.0186253,0.025641,0.0319224,0.0349265,-0.000558955,-0.00107226,-0.00144389,-0.00162194,-0.00169224
82.18,-0.15478449,86674.8,0.0945353,0.165264,0.211155,0.149624,0.118342,0.0124306,0.0224057,0.0303214,0.0358814,0.0384507,-0.000334208,-0.000661951,-0.000884271,-0.000943904,-0.000958471
82.2,-0.13317833999999998,11965.9,0.0583382,0.137459,0.159058,0.0852917,0.0421344,0.0139593,0.0254329,0.0340235,0.0382305,0.0400554,-7.03098e-05,-0.000183565,-0.000240822,-0.000202785,-0.00017341
82.22,-0.12931254,-70104.8,0.0517256,0.106855,0.0907612,0.0387939,-0.00133572,0.0150599,0.027876,0.0365217,0.0394714,0.0404634,0.000219883,0.000349524,0.00046463,0.000574235,0.000631778
82.24,-0.12973226999999998,-156514.0,0.00400066,0.0109093,-0.0287693,-0.0485563,-0.0654225,0.0156172,0.0290537,0.0371416,0.0393738,0.0397958,0.000526654,0.000918822,0.00120126,0.00136269,0.00143437
82.26,-0.08358492,-240020.0,-0.078515,-0.122964,-0.163126,-0.157938,-0.143748,0.0148721,0.0279331,0.0352226,0.0373088,0.0377041,0.000831547,0.00148869,0.0019249,0.00212951,0.00220937
82.28,-0.012612605999999998,-313371.0,-0.141599,-0.243755,-0.276371,-0.255404,-0.224986,0.0126709,0.024266,0.0308277,0.0331754,0.0340168,0.00110698,0.00201068,0.00258541,0.00283435,0.00292658
82.3,0.05186444999999999,-373498.0,-0.154102,-0.311962,-0.345899,-0.316938,-0.294141,0.00971392,0.0187088,0.024605,0.027452,0.0288255,0.00133083,0.00244043,0.00313973,0.00344063,0.003555
82.32000000000001,0.08520008999999999,-419523.0,-0.154609,-0.330206,-0.378114,-0.35526,-0.350826,0.00662681,0.0122871,0.0173648,0.02073,0.0223759,0.00149423,0.00275039,0.00355943,0.00392245,0.00406702
82.34,0.09301482,-448591.0,-0.188028,-0.334234,-0.404112,-0.408263,-0.416083,0.00320044,0.00564271,0.00954258,0.0130948,0.0147068,0.00159251,0.00292969,0.00382851,0.0042607,0.00443784
82.36,0.10879575,-456850.0,-0.183377,-0.293763,-0.386907,-0.432565,-0.446338,-0.000513612,-0.000637261,0.00163239,0.00468649,0.00608258,0.00161937,0.00297974,0.00394026,0.00443851,0.00464574
82.38,0.09642977999999999,-445669.0,-0.119962,-0.219338,-0.328568,-0.411998,-0.437408,-0.00354701,-0.00576827,-0.00552236,-0.00375915,-0.00275488,0.00157877,0.00291568,0.00390136,0.00444778,0.00467901
82.4,0.05464242,-421054.0,-0.0730413,-0.168579,-0.280368,-0.383142,-0.428629,-0.00547704,-0.00964743,-0.0116117,-0.0117105,-0.0114153,0.00148853,0.00276153,0.00373002,0.00429309,0.00453731
82.42,0.030110246999999996,-387023.0,-0.0645327,-0.141672,-0.244453,-0.3462,-0.405935,-0.00685278,-0.0127499,-0.0168599,-0.019004,-0.0197609,0.00136523,0.00253755,0.0034453,0.00398594,0.00422555
82.44,0.021880632,-343879.0,-0.0812316,-0.139954,-0.228651,-0.31393,-0.366957,-0.00831042,-0.0155662,-0.021591,-0.0256053,-0.0274898,0.0012136,0.00225439,0.00306079,0.00353985,0.00375304
82.46000000000001,0.036058071,-291251.0,-0.0732265,-0.13255,-0.203257,-0.260116,-0.287436,-0.009855,-0.0182913,-0.0259101,-0.0313457,-0.0340338,0.00103194,0.00191582,0.00258578,0.00297034,0.00313781
82.48,0.042332805,-232231.0,-0.0257126,-0.0902797,-0.135458,-0.155131,-0.154131,-0.0108444,-0.0205196,-0.0292972,-0.0354982,-0.0384494,0.000824948,0.00152771,0.00203371,0.0023019,0.00241298
82.5,0.009183927,-172008.0,-0.00744948,-0.0537767,-0.0670443,-0.0486538,-0.0302457,-0.011176,-0.0219601,-0.0313222,-0.037536,-0.0402932,0.000604744,0.00110291,0.00142751,0.00157156,0.00162555
82.52,-0.018587052,-112750.0,0.0108652,0.00900192,0.0270833,0.0737014,0.097869,-0.0111419,-0.0224079,-0.0317219,-0.0372855,-0.039617,0.000381565,0.000659232,0.000797071,0.000823342,0.00082645
82.54,-0.06485874,-51973.4,-0.021559,0.0217174,0.0674262,0.126148,0.150963,-0.0112488,-0.0221007,-0.0307768,-0.0352871,-0.0371286,0.000157659,0.000214147,0.000172085,9.76158e-05,5.89936e-05
82.56,-0.05295126,13224.4,-0.00331633,0.0597401,0.132089,0.18849,0.212875,-0.0114976,-0.0212861,-0.0287816,-0.0321407,-0.0334902,-6.98048e-05,-0.000219721,-0.000423499,-0.000576662,-0.000647195
82.58,-0.06666362999999999,79848.3,0.0242886,0.0818846,0.177224,0.223966,0.245998,-0.0112878,-0.0198699,-0.0256885,-0.0280161,-0.0289015,-0.000297659,-0.000631281,-0.0009682,-0.00117823,-0.00127111
82.60000000000001,-0.06808398,141768.0,0.0654418,0.11861,0.21957,0.257171,0.273701,-0.0103905,-0.0178649,-0.0217205,-0.0232047,-0.0237045,-0.000514442,-0.00100863,-0.00144229,-0.00169044,-0.00179717
82.62,-0.07867820999999998,195724.0,0.0889157,0.158311,0.236942,0.270163,0.2804,-0.00884695,-0.0150957,-0.0171554,-0.0179314,-0.0181635,-0.000706817,-0.00133824,-0.00183105,-0.0021018,-0.00221585
82.64,-0.07899288,241578.0,0.0927768,0.18478,0.22363,0.254571,0.262241,-0.00703003,-0.0116648,-0.0125497,-0.0126841,-0.0127371,-0.000865587,-0.00160584,-0.0021281,-0.00240795,-0.00252486
82.66,-0.06092510999999999,278201.0,0.117162,0.210369,0.218856,0.242039,0.251901,-0.00493064,-0.0077133,-0.00812482,-0.00771798,-0.00759569,-0.000985193,-0.00179962,-0.00233485,-0.00261198,-0.00272819
82.68,-0.05552727,298831.0,0.185294,0.262209,0.267317,0.273737,0.284651,-0.00190608,-0.00298752,-0.00326309,-0.00256022,-0.00223016,-0.00105356,-0.00190663,-0.00244872,-0.00271476,-0.00282645
82.7,-0.0996846,295329.0,0.212458,0.292934,0.314285,0.302517,0.305669,0.00207145,0.00256391,0.00255293,0.00320233,0.00367304,-0.00105191,-0.00191087,-0.00245583,-0.00270834,-0.00281202
82.72,-0.13912238999999998,269213.0,0.143552,0.259945,0.298863,0.280601,0.268617,0.00563155,0.00809271,0.00868441,0.00903351,0.0094159,-0.000974877,-0.0018043,-0.00234345,-0.00258598,-0.00268113
82.74,-0.12183440999999999,230319.0,0.0799573,0.219072,0.271317,0.263501,0.242669,0.00786664,0.0128829,0.0143862,0.0144745,0.0145288,-0.000839895,-0.00159454,-0.00211275,-0.0023509,-0.00244168
82.76,-0.10713059999999999,182887.0,0.0826737,0.189961,0.258535,0.271341,0.261014,0.00949295,0.0169732,0.0196847,0.0198229,0.0195656,-0.000666299,-0.00129598,-0.00177204,-0.00200792,-0.00210074
82.78,-0.12350924999999999,124367.0,0.0778979,0.12942,0.215601,0.250657,0.266452,0.0110987,0.020167,0.0244261,0.0250429,0.0248402,-0.000460383,-0.00092458,-0.00133093,-0.00155926,-0.00165668
82.8,-0.12157482,56730.0,0.0301741,0.0565934,0.143866,0.200934,0.239533,0.0121794,0.0220271,0.0280208,0.0295588,0.0299001,-0.000227602,-0.000502639,-0.00080646,-0.00101325,-0.00110928
82.82000000000001,-0.09891449999999999,-13068.7,-0.00922786,0.0167808,0.0779628,0.154841,0.198744,0.0123888,0.0227609,0.0302391,0.0331166,0.0342828,1.80801e-05,-5.47585e-05,-0.000223862,-0.000386492,-0.000467448
82.84,-0.08811321,-82449.4,0.00834273,0.0191541,0.0430535,0.125381,0.161053,0.01238,0.0231202,0.0314492,0.0359188,0.0378808,0.000265769,0.000404053,0.000393021,0.000303861,0.000254188
82.86,-0.10845711,-153495.0,0.0117357,-0.00293802,-0.00212552,0.0564139,0.0817568,0.0125808,0.0232824,0.0318585,0.0377367,0.0403089,0.000515376,0.000868079,0.0010261,0.00104042,0.00103609
82.88,-0.10858359,-225992.0,-0.00747281,-0.0268365,-0.0316144,-0.023421,-0.0101139,0.0126234,0.0229847,0.0315211,0.0380667,0.0410253,0.000767418,0.00133075,0.00165989,0.00179845,0.00184943
82.9,-0.10997538,-298072.0,-0.0145035,-0.022197,-0.0338781,-0.077784,-0.0869516,0.0124036,0.0224943,0.0308662,0.0370546,0.0400547,0.00101769,0.00178554,0.00228377,0.00254966,0.00266023
82.92,-0.13249850999999999,-369384.0,-0.00876707,-0.0137993,-0.0454257,-0.118252,-0.157813,0.0121709,0.0221344,0.0300731,0.0350943,0.037607,0.00126343,0.00223183,0.00289316,0.00327115,0.00343685
82.94,-0.15282353999999998,-440000.0,0.00426565,-0.0087152,-0.0636549,-0.139325,-0.196668,0.0121259,0.0219092,0.0289823,0.0325185,0.0340622,0.0015064,0.00267226,0.00348371,0.00394728,0.00415354
82.96000000000001,-0.17777885999999998,-508946.0,-0.0264833,-0.0491015,-0.116169,-0.182213,-0.22813,0.0119038,0.021331,0.0271841,0.0293031,0.0298142,0.0017467,0.00310466,0.00404538,0.0045655,0.0047923
82.98,-0.17221526999999998,-574154.0,-0.0528301,-0.0932723,-0.159206,-0.211042,-0.226448,0.0111106,0.0199073,0.0244303,0.0253705,0.0252685,0.00197684,0.00351705,0.00456152,0.00511223,0.00534313
83.0,-0.17073321,-634047.0,-0.0640826,-0.133061,-0.190813,-0.220108,-0.213113,0.00994149,0.017644,0.0209301,0.0210591,0.0208729,0.00218737,0.00389256,0.00501513,0.00557653,0.00580454
83.02,-0.17265795,-687218.0,-0.0804259,-0.170708,-0.216554,-0.215607,-0.207098,0.00849641,0.0146063,0.0168565,0.0167019,0.0166707,0.00237174,0.00421506,0.00539299,0.00595414,0.00617998
83.04,-0.17308787999999997,-732574.0,-0.0785075,-0.168588,-0.199468,-0.175126,-0.172808,0.00690707,0.0112133,0.0126962,0.0127946,0.0128717,0.00252578,0.00447326,0.00568852,0.0062491,0.0064754
83.06,-0.20753990999999997,-768042.0,-0.129501,-0.205385,-0.221861,-0.19534,-0.19031,0.00482699,0.00747359,0.00848296,0.00908991,0.00924052,0.00264312,0.00466013,0.00590031,0.00646795,0.00669653
83.08,-0.19116534,-787906.0,-0.158177,-0.223459,-0.231515,-0.220683,-0.207528,0.00195021,0.00318515,0.00394921,0.00492968,0.00526214,0.00271089,0.00476672,0.00602464,0.00660814,0.00684155
83.10000000000001,-0.17788035,-787736.0,-0.167739,-0.238399,-0.246773,-0.253183,-0.242502,-0.00130894,-0.00143343,-0.000833678,0.00019101,0.000761847,0.0027173,0.00478423,0.00605579,0.00665935,0.00690179
83.12,-0.15526542,-768089.0,-0.154901,-0.245531,-0.263882,-0.279541,-0.28538,-0.00453534,-0.00627273,-0.00594023,-0.00513623,-0.00451697,0.00265886,0.00470717,0.00598805,0.0066099,0.00686424
83.14,-0.13095423,-732561.0,-0.111706,-0.220221,-0.260063,-0.281685,-0.303064,-0.00720141,-0.0109302,-0.0111797,-0.0107485,-0.0104014,0.00254149,0.00453514,0.00581685,0.00645105,0.00671506
83.16,-0.12666258,-686243.0,-0.058019,-0.162501,-0.234285,-0.266111,-0.288638,-0.00889867,-0.0147575,-0.0161232,-0.0162265,-0.0163184,0.00238049,0.00427826,0.00554382,0.0061813,0.00644786
83.18,-0.13967624999999997,-632928.0,-0.0416933,-0.117514,-0.22046,-0.266209,-0.280504,-0.00989579,-0.0175576,-0.0206706,-0.0215497,-0.0220098,0.00219255,0.00395511,0.00517589,0.00580354,0.00606458
83.2,-0.13189518,-573976.0,-0.0321563,-0.075307,-0.189281,-0.24713,-0.259208,-0.0106343,-0.0194858,-0.024768,-0.026683,-0.027407,0.00198725,0.00358468,0.0047215,0.00532121,0.00557041
83.22,-0.12859241999999999,-511245.0,-0.0189994,-0.0464679,-0.138778,-0.203434,-0.225472,-0.0111458,-0.0207036,-0.0280486,-0.0311887,-0.0322538,0.00176945,0.00318279,0.00419333,0.0047425,0.0049738
83.24,-0.13005305999999997,-447348.0,-0.00752736,-0.0318659,-0.0778479,-0.141421,-0.176237,-0.0114111,-0.0214869,-0.0302149,-0.0346372,-0.0362709,0.00154388,0.00276088,0.0036107,0.00408424,0.00428856
83.26,-0.13236693,-381530.0,-0.0391156,-0.0559637,-0.055359,-0.104317,-0.140614,-0.0118775,-0.0223652,-0.0315469,-0.0370946,-0.0394394,0.00131099,0.00232236,0.00299308,0.00336692,0.00353145
83.28,-0.09853556999999999,-308738.0,-0.0821778,-0.0911537,-0.0641968,-0.0810095,-0.101108,-0.0130905,-0.0238364,-0.0327425,-0.0389479,-0.0418566,0.00106131,0.00186034,0.00235019,0.00260649,0.00271849
83.3,-0.046357011,-225894.0,-0.078302,-0.0970893,-0.0655346,-0.0395269,-0.0306606,-0.0146953,-0.0257188,-0.0340398,-0.0401532,-0.0431743,0.000783453,0.00136479,0.00168236,0.00181548,0.00186818
83.32000000000001,-0.014721761999999998,-136802.0,-0.0235706,-0.061317,-0.0351563,0.027283,0.0649812,-0.015714,-0.0273029,-0.0350467,-0.0402757,-0.0428311,0.00047936,0.000834573,0.0009915,0.00101119,0.00100813
83.34,-0.017081277,-46130.4,-0.0127812,-0.0461018,-0.0261362,0.0512714,0.103166,-0.0160775,-0.0283771,-0.0356596,-0.0394901,-0.0411496,0.000161445,0.000277774,0.000284436,0.000213535,0.000168325
83.36,0.011618973,47562.2,-0.0301652,-0.032936,-0.0180243,0.0493835,0.0932294,-0.016507,-0.0291675,-0.0361012,-0.0384836,-0.0391856,-0.0001644,-0.000297672,-0.000433172,-0.000566202,-0.000635028
83.38,0.054749009999999994,145947.0,-0.00825829,0.0101169,0.022938,0.0613411,0.0802652,-0.0168912,-0.0293956,-0.0360521,-0.0373763,-0.0374507,-0.000498382,-0.000883303,-0.00115471,-0.0013248,-0.00140139
83.4,0.07380312,241285.0,0.102572,0.124303,0.140661,0.140389,0.132184,-0.0159481,-0.0280514,-0.0344161,-0.035359,-0.0353262,-0.000826775,-0.00145777,-0.00185939,-0.00205215,-0.00212916
83.42,0.017129013,320272.0,0.189273,0.240631,0.262085,0.22543,0.199956,-0.0130296,-0.0244021,-0.0303886,-0.0317008,-0.0320048,-0.00111655,-0.00198231,-0.00250744,-0.00272275,-0.00280247
83.44,-0.049409922,378340.0,0.171182,0.298178,0.31871,0.262601,0.23179,-0.00942508,-0.019014,-0.0245807,-0.0268205,-0.0276873,-0.0013411,-0.00241647,-0.00305713,-0.00330797,-0.00339939
83.46000000000001,-0.06352814999999999,422179.0,0.117072,0.304474,0.323396,0.274695,0.247265,-0.00654254,-0.0129875,-0.0181596,-0.0214476,-0.0228968,-0.00150078,-0.00273649,-0.00348453,-0.00379065,-0.00390523
83.48,-0.041971827,454443.0,0.157807,0.325616,0.361201,0.343361,0.327465,-0.00379376,-0.0066866,-0.0113136,-0.015267,-0.0171495,-0.00160414,-0.00293323,-0.00377926,-0.00415779,-0.0043057
83.5,-0.06899076,466864.0,0.206935,0.309207,0.385278,0.408473,0.413179,-0.000146342,-0.000338365,-0.00384886,-0.00774865,-0.00974305,-0.00164354,-0.00300348,-0.00393089,-0.00438795,-0.00457462
83.52,-0.093585,453997.0,0.17952,0.257311,0.372691,0.436524,0.466312,0.00371821,0.00532682,0.00373083,0.000701313,-0.000948135,-0.00160782,-0.00295359,-0.00393207,-0.00445842,-0.00468153
83.54,-0.09098706000000001,422232.0,0.0988554,0.205633,0.330382,0.430203,0.479964,0.00650196,0.00995626,0.0107616,0.00936858,0.00851463,-0.00150562,-0.00280076,-0.00378715,-0.00435772,-0.00460587
83.56,-0.07019486999999999,380848.0,0.0606103,0.184091,0.293724,0.417413,0.476208,0.00809662,0.0138535,0.0170026,0.0178447,0.0180763,-0.00135963,-0.00256266,-0.0035095,-0.00408559,-0.00433996
83.58,-0.06557529,330476.0,0.109712,0.208079,0.308821,0.430388,0.488314,0.00979984,0.0177752,0.0230281,0.0263227,0.0277216,-0.00118067,-0.00224638,-0.0031092,-0.00364392,-0.00388198
83.60000000000001,-0.11533803,265484.0,0.130469,0.207244,0.315082,0.403248,0.451049,0.0122016,0.0219284,0.0292671,0.0346591,0.0371152,-0.000960654,-0.00184934,-0.00258624,-0.0030341,-0.00323361
83.62,-0.15231303,185220.0,0.107877,0.201138,0.306598,0.346463,0.371991,0.0145851,0.0260122,0.0354839,0.0421562,0.0453456,-0.000692786,-0.00136993,-0.00193873,-0.00226594,-0.002409
83.64,-0.17623407,95806.2,0.0609988,0.175468,0.247857,0.249761,0.244381,0.0162739,0.0297783,0.0410285,0.0481184,0.0515093,-0.000384196,-0.000812028,-0.00117361,-0.0013632,-0.00144045
83.66,-0.16533944999999997,3083.61,0.0360885,0.128024,0.152065,0.134867,0.106574,0.0172448,0.0328132,0.0450277,0.0519647,0.0550189,-4.90097e-05,-0.000186113,-0.000313049,-0.000362366,-0.000375173
83.68,-0.13794531,-92626.6,0.0344629,0.0623188,0.0518136,0.0232811,-0.00461855,0.0179503,0.0347167,0.0470665,0.0535462,0.0560384,0.00030294,0.000489186,0.000607893,0.000692743,0.000735401
83.7,-0.11658957,-195572.0,0.0525447,0.0196313,-0.00924087,-0.0488896,-0.0597365,0.0188203,0.0355362,0.0474922,0.0532901,0.0553949,0.000670647,0.00119171,0.00155348,0.00176111,0.00184973
83.72,-0.13214967,-307947.0,0.0414293,-0.0120685,-0.063293,-0.10534,-0.105971,0.0197601,0.0356118,0.0467669,0.0517478,0.0537378,0.00105645,0.00190319,0.00249607,0.00281149,0.00294106
83.74,-0.14947896,-425405.0,0.00638037,-0.0326483,-0.113545,-0.142836,-0.151106,0.0202382,0.0351646,0.0449985,0.0492661,0.051167,0.00145643,0.00261096,0.00341372,0.00382162,0.00399011
83.76,-0.1674177,-541897.0,-0.0268277,-0.0534776,-0.145486,-0.160873,-0.179788,0.0200337,0.0343034,0.0424082,0.046229,0.0478581,0.00185915,0.00330564,0.00428779,0.00477657,0.00498036
83.78,-0.19572728999999997,-653455.0,-0.0902159,-0.132056,-0.196119,-0.215606,-0.230933,0.0188633,0.032448,0.0389921,0.0424642,0.0437509,0.00224812,0.00397315,0.00510179,0.00566351,0.00589645
83.8,-0.1879707,-754275.0,-0.157958,-0.233366,-0.248146,-0.284264,-0.288498,0.0163815,0.0287938,0.0345495,0.0374655,0.0385566,0.00260057,0.00458557,0.00583721,0.0064628,0.00671952
83.82000000000001,-0.16268999999999997,-835249.0,-0.233997,-0.344271,-0.330431,-0.368184,-0.373077,0.012462,0.0230174,0.0287637,0.030941,0.0319408,0.00288901,0.00510368,0.00647034,0.00714687,0.0074245
83.84,-0.10707194999999999,-888830.0,-0.257123,-0.404337,-0.407096,-0.418792,-0.434937,0.00755078,0.0155313,0.0213884,0.0230713,0.0238607,0.00308913,0.00548917,0.00697186,0.00768699,0.00798251
83.86,-0.07059828,-914306.0,-0.231633,-0.417527,-0.470821,-0.451812,-0.466054,0.00266322,0.0073127,0.0126093,0.0143652,0.0148507,0.00319127,0.00571761,0.00731184,0.00806135,0.00836963
83.88,-0.05395137,-915376.0,-0.200351,-0.405629,-0.515277,-0.494491,-0.484223,-0.00165661,-0.000918859,0.00274827,0.00490219,0.00534796,0.00320134,0.00578155,0.00746541,0.00825403,0.00857161
83.9,-0.040742829,-894624.0,-0.178048,-0.367725,-0.518842,-0.531935,-0.502057,-0.0054406,-0.0086524,-0.00759292,-0.00536207,-0.00451484,0.00313037,0.00568584,0.00741697,0.00824943,0.00857994
83.92,-0.034555304999999994,-853768.0,-0.153946,-0.309155,-0.477276,-0.538285,-0.528332,-0.00876054,-0.0154212,-0.0175541,-0.0160643,-0.0148187,0.00298836,0.0054451,0.0071655,0.00803517,0.00838661
83.94,-0.03866860799999999,-795720.0,-0.125169,-0.251703,-0.408479,-0.510347,-0.55543,-0.0115517,-0.0210298,-0.0264116,-0.0265506,-0.0256564,0.00278523,0.00508059,0.00672584,0.00760902,0.00798186
83.96000000000001,-0.045956609999999995,-723875.0,-0.100569,-0.205728,-0.328101,-0.457951,-0.549476,-0.0138091,-0.0256041,-0.0337774,-0.0362336,-0.0367054,0.00253163,0.00461425,0.00612395,0.00698118,0.00735824
83.98,-0.05364078,-639253.0,-0.116965,-0.198725,-0.282044,-0.422361,-0.515944,-0.0159844,-0.0296486,-0.0398789,-0.0450367,-0.0473596,0.00223369,0.00406172,0.00538739,0.00616847,0.00651759
84.0,-0.027817643999999996,-541604.0,-0.0954005,-0.15659,-0.215501,-0.334766,-0.392361,-0.0181081,-0.0332018,-0.0448543,-0.052608,-0.0564427,0.00189277,0.00343322,0.00454005,0.00519203,0.00547957
84.02,-0.033531225,-433702.0,-0.0614721,-0.112612,-0.163117,-0.222965,-0.237837,-0.0196768,-0.0358938,-0.0486405,-0.0581853,-0.0627447,0.00151492,0.00274226,0.00360511,0.00408409,0.00428769
84.04,-0.038052885,-317934.0,-0.0634416,-0.108794,-0.149709,-0.131981,-0.116089,-0.0209259,-0.0381078,-0.0517688,-0.0617348,-0.0662839,0.00110889,0.00200225,0.00260101,0.00288489,0.00299741
84.06,-0.0050728577999999995,-192780.0,-0.0773502,-0.117709,-0.132011,-0.0553198,-0.0181603,-0.0223338,-0.0403729,-0.054586,-0.0636078,-0.0676264,0.000676292,0.00121744,0.00153746,0.00163147,0.0016583
84.08,0.038566149,-59875.7,-0.0274413,-0.0669601,-0.0400386,0.0555955,0.10735,-0.0233818,-0.0422196,-0.0563065,-0.063605,-0.0667345,0.000219136,0.000391517,0.00042854,0.00035934,0.000314694
84.10000000000001,0.028755891,72180.8,0.0486091,0.025709,0.0908527,0.17349,0.225086,-0.0231701,-0.0426321,-0.0557983,-0.0613141,-0.0634101,-0.000246383,-0.000457,-0.000692508,-0.000889852,-0.000986753
84.12,-0.008527761,197739.0,0.0552051,0.093751,0.178111,0.235987,0.26783,-0.0221319,-0.0414375,-0.0531087,-0.0572194,-0.058481,-0.000699403,-0.00129769,-0.00178158,-0.00207519,-0.00220566
84.14,-0.005039141699999999,320600.0,0.0203728,0.139152,0.22316,0.255291,0.259759,-0.0213762,-0.0391084,-0.049096,-0.0523066,-0.0532051,-0.00113448,-0.00210315,-0.00280363,-0.00317045,-0.00332253
84.16,0.029529356999999996,444074.0,0.0436743,0.191917,0.268964,0.276186,0.264238,-0.0207357,-0.0357978,-0.0441748,-0.0469918,-0.0479651,-0.0015556,-0.00285222,-0.00373633,-0.00416343,-0.00433423
84.18,0.050139119999999995,561774.0,0.127952,0.241231,0.31398,0.303025,0.29116,-0.0190194,-0.0314663,-0.0383453,-0.0411997,-0.0424112,-0.00195315,-0.00352486,-0.00456153,-0.00504535,-0.00523799
84.2,0.0564774,663449.0,0.18796,0.266692,0.330657,0.319092,0.314611,-0.0158603,-0.026387,-0.0318989,-0.0349786,-0.0363535,-0.00230195,-0.00410339,-0.00526398,-0.00580713,-0.00602564
84.22,0.07306362,744570.0,0.180537,0.269518,0.309191,0.316517,0.318606,-0.0121754,-0.0210249,-0.0255005,-0.0286225,-0.0300213,-0.00258231,-0.00457751,-0.00583797,-0.00644314,-0.00668938
84.24,0.11077913999999998,806614.0,0.152909,0.265221,0.275136,0.306273,0.315802,-0.00884089,-0.0156775,-0.0196572,-0.0223946,-0.0236772,-0.00279247,-0.00494453,-0.00628955,-0.00695331,-0.00722637
84.26,0.15323154,851329.0,0.145493,0.252774,0.257008,0.297836,0.317819,-0.00585687,-0.0104976,-0.0143358,-0.0163535,-0.017341,-0.00293945,-0.00520628,-0.00662948,-0.00734079,-0.00763655
84.28,0.18441344999999998,878118.0,0.145408,0.230422,0.267209,0.299415,0.325439,-0.00294785,-0.00566561,-0.0090936,-0.010381,-0.0109084,-0.0030275,-0.00536792,-0.00686377,-0.00760814,-0.00791904
84.3,0.19687326,888546.0,0.085077,0.160924,0.244472,0.264342,0.28243,-0.000642995,-0.00175215,-0.00397679,-0.00474342,-0.00482972,-0.0030634,-0.00544209,-0.00699447,-0.00775938,-0.00807643
84.32000000000001,0.24345002999999998,889056.0,0.042469,0.119444,0.225516,0.246128,0.246855,0.000632465,0.00105153,0.000723094,0.000361294,0.000463137,-0.00306351,-0.0054491,-0.00702701,-0.0078032,-0.00812009
84.34,0.27181112999999996,884147.0,0.0503439,0.118479,0.210223,0.245236,0.238362,0.00156059,0.00343076,0.00508049,0.00527494,0.00531531,-0.00304158,-0.00540428,-0.00696898,-0.00774684,-0.00806231
84.36,0.27321669,872190.0,0.0813013,0.134462,0.193683,0.241838,0.249823,0.00287705,0.00596018,0.00911955,0.0101457,0.0101972,-0.0029972,-0.00531037,-0.00682697,-0.00759263,-0.00790718
84.38,0.25870565999999995,852282.0,0.0454745,0.0932716,0.123502,0.170752,0.203875,0.0041448,0.00823752,0.0122914,0.0142716,0.0147341,-0.00292698,-0.00516839,-0.00661287,-0.00734846,-0.00765787
84.4,0.29562762,828589.0,0.0137705,0.0555547,0.0665677,0.100283,0.141543,0.00473725,0.00972578,0.0141921,0.0169819,0.0181883,-0.00283816,-0.00498876,-0.00634803,-0.00703593,-0.00732864
84.42,0.32740674,803036.0,0.0325772,0.048506,0.0481871,0.0644476,0.0844361,0.00520073,0.0107664,0.0153396,0.0186292,0.0204481,-0.00273878,-0.00478384,-0.00605271,-0.00667981,-0.00694228
84.44,0.3284073599999999,772040.0,0.0560341,0.04272,0.0375927,0.0355834,0.0221828,0.00608685,0.0116786,0.0161974,0.0196295,0.0215143,-0.00262591,-0.00455939,-0.00573734,-0.00629723,-0.00652266
84.46000000000001,0.32398922999999996,734720.0,0.0175215,0.00298259,-0.00510689,-0.0280791,-0.0592782,0.0068224,0.0121357,0.0165223,0.0197046,0.0211433,-0.00249681,-0.00432124,-0.00541015,-0.00590389,-0.00609608
84.48,0.35018333999999995,696038.0,-0.0251573,-0.0228627,-0.0398953,-0.0824105,-0.107856,0.00674604,0.0119369,0.0160723,0.0185997,0.019472,-0.00236113,-0.00408052,-0.0050842,-0.00552084,-0.00568993
84.5,0.36527832,660856.0,-0.0495919,-0.0502407,-0.0820443,-0.131343,-0.143703,0.00599855,0.0112058,0.0148529,0.0164621,0.0169564,-0.00223368,-0.00384909,-0.00477495,-0.00517022,-0.00532564
84.52,0.38409425999999997,632033.0,-0.0698669,-0.10181,-0.143718,-0.1816,-0.190063,0.00480396,0.00968533,0.0125952,0.0133327,0.0136188,-0.00212566,-0.00364018,-0.00450047,-0.00487228,-0.00501989
84.54,0.42105039,612457.0,-0.0990007,-0.170077,-0.211526,-0.228817,-0.240264,0.00311529,0.00696645,0.0090428,0.00922853,0.00931549,-0.00204647,-0.00347366,-0.00428409,-0.00464666,-0.00479055
84.56,0.46772355,603345.0,-0.100391,-0.204217,-0.24338,-0.245301,-0.254034,0.00112137,0.00322351,0.00449373,0.00448735,0.00437251,-0.0020041,-0.00337176,-0.00414872,-0.00450951,-0.00465367
84.58,0.48611414999999997,601296.0,-0.0463436,-0.163648,-0.210443,-0.208166,-0.205932,-0.000345983,-0.000455137,-4.4497e-05,-4.73206e-05,-0.000227146,-0.00199635,-0.00334408,-0.00410423,-0.0044651,-0.00461222
84.60000000000001,0.4480416299999999,601073.0,-0.00678798,-0.0958954,-0.15765,-0.159557,-0.149205,-0.000877298,-0.00305057,-0.00372542,-0.00372455,-0.00377851,-0.00200858,-0.00337913,-0.00414193,-0.00450282,-0.00465227
84.62,0.3986415,602604.0,-0.032478,-0.0568835,-0.123911,-0.136104,-0.130513,-0.00126996,-0.00457836,-0.00654102,-0.00668116,-0.00657569,-0.00203005,-0.00345542,-0.00424459,-0.00460688,-0.00475581
84.64,0.37983933,610486.0,-0.0608056,-0.036396,-0.0840117,-0.112266,-0.122052,-0.00220279,-0.00551115,-0.00862025,-0.00916487,-0.00910133,-0.00206478,-0.00355632,-0.00439621,-0.00476534,-0.00491258
84.66,0.36827916,625457.0,-0.027139,-0.0076019,-0.0141474,-0.0577441,-0.0830222,-0.00308224,-0.00595113,-0.00960184,-0.010865,-0.0111521,-0.00211763,-0.00367094,-0.00457843,-0.00496564,-0.00511512
84.68,0.33350124,642371.0,0.017548,0.0104133,0.0436704,-0.00040077,-0.0317282,-0.00317815,-0.00592302,-0.00930661,-0.0114464,-0.0122996,-0.00218023,-0.00378968,-0.00476751,-0.00518875,-0.00534963
84.7,0.30287217,658837.0,-0.00873064,-0.0146668,0.0309716,0.0104452,-0.0123026,-0.00308998,-0.00596555,-0.00856019,-0.011346,-0.0127399,-0.00224291,-0.00390857,-0.00494618,-0.00541668,-0.00560003
84.72,0.32330531999999995,678263.0,-0.0358068,-0.0225526,0.00345711,0.0220827,0.0225048,-0.00353535,-0.00633774,-0.0082159,-0.0110207,-0.0126379,-0.00230917,-0.0040316,-0.00511394,-0.00564034,-0.00585381
84.74,0.34121244,700989.0,0.00132631,0.0119115,0.0102993,0.0619612,0.0915018,-0.00388016,-0.00644416,-0.00807834,-0.0101803,-0.0114978,-0.00238332,-0.00415942,-0.00527688,-0.00585235,-0.00609516
84.76,0.32230011000000003,722251.0,0.031321,0.0241782,0.015435,0.0767277,0.124352,-0.00355368,-0.00608326,-0.007821,-0.00879337,-0.00933925,-0.00245766,-0.0042847,-0.00543588,-0.00604209,-0.00630353
84.78,0.31860566999999995,740028.0,0.0252859,0.0210698,0.029077,0.0761658,0.116778,-0.00298761,-0.00563078,-0.00737588,-0.00726444,-0.00692795,-0.00252307,-0.00440184,-0.00558785,-0.00620267,-0.0064662
84.8,0.32430390000000003,755433.0,0.0190849,0.0368866,0.0652438,0.0866046,0.0983718,-0.00254391,-0.00505121,-0.00643267,-0.00563673,-0.00477645,-0.00257839,-0.00450866,-0.00572593,-0.00633168,-0.00658325
84.82000000000001,0.31590419999999997,768635.0,0.0197851,0.0524481,0.0879253,0.0843317,0.0661919,-0.00215521,-0.00415787,-0.00490098,-0.00392737,-0.00313081,-0.00262538,-0.00460075,-0.00583927,-0.00642732,-0.00666232
84.84,0.3157563,778916.0,0.0394664,0.0782272,0.108581,0.0867914,0.0580156,-0.00156269,-0.00285112,-0.00293592,-0.00221614,-0.00188873,-0.00266256,-0.00467084,-0.00591764,-0.00648876,-0.00671252
84.86,0.30481935,784159.0,0.0652585,0.114117,0.134571,0.104624,0.0861566,-0.000515441,-0.000927674,-0.000504403,-0.000301986,-0.000447013,-0.00268334,-0.00470862,-0.00595204,-0.00651394,-0.00673587
84.88,0.27602066999999997,781872.0,0.0678215,0.126667,0.135164,0.110867,0.108165,0.000815359,0.00148016,0.00219294,0.00185293,0.0014962,-0.00268034,-0.0047031,-0.00593515,-0.00649843,-0.00672538
84.9,0.26401986,770701.0,0.101039,0.159644,0.157494,0.152233,0.156934,0.00250396,0.00434326,0.00511951,0.00448393,0.00414718,-0.00264715,-0.00464487,-0.00586203,-0.00643506,-0.00666895
84.92,0.22553679,748912.0,0.111917,0.165118,0.163278,0.18073,0.185829,0.00463351,0.00759088,0.00832723,0.00781356,0.00757481,-0.00257577,-0.00452552,-0.00572756,-0.00631208,-0.00655173
84.94,0.20290655999999999,716899.0,0.0642772,0.114829,0.131095,0.16185,0.169934,0.00639546,0.0103903,0.0112709,0.0112394,0.0111324,-0.00246548,-0.00434571,-0.00553158,-0.00612156,-0.00636466
84.96000000000001,0.22167456,678491.0,0.0209908,0.0646238,0.109624,0.140728,0.156314,0.00724814,0.0121849,0.0136781,0.0142651,0.0143949,-0.00232905,-0.00411996,-0.00528209,-0.00586651,-0.00610938
84.98,0.23311284,637038.0,-0.0035623,0.0226499,0.0896221,0.11733,0.136676,0.00742242,0.0130576,0.0156706,0.0168457,0.0173248,-0.00218234,-0.00386753,-0.0049886,-0.0055554,-0.00579219
85.0,0.24042369,594081.0,0.00271222,0.0136723,0.082276,0.112498,0.126849,0.00741392,0.0134208,0.0173896,0.019144,0.0199601,-0.00203398,-0.00360275,-0.004658,-0.0051955,-0.00541934
85.02,0.22529504999999997,550961.0,-0.00890035,0.00107535,0.0499144,0.0861129,0.0937963,0.00735204,0.0135683,0.0187115,0.0211301,0.0221665,-0.00188632,-0.00333286,-0.00429699,-0.00479276,-0.00499807
85.04,0.22439336999999998,509490.0,-0.0126137,-0.000284292,0.0173355,0.0516929,0.0605066,0.0071369,0.0135762,0.019384,0.0225082,0.0237095,-0.00174143,-0.00306141,-0.00391604,-0.00435638,-0.00453931
85.06,0.21943718999999998,470664.0,-0.0171541,-0.0158691,-0.0271758,-0.00859013,0.00615158,0.00683922,0.0134147,0.0192856,0.0229392,0.0243761,-0.00160167,-0.0027915,-0.00352934,-0.00390191,-0.00405845
85.08,0.23057253,434963.0,-0.0287091,-0.0498606,-0.0788188,-0.0843423,-0.0723778,0.00638059,0.0127574,0.0182256,0.0220099,0.0237139,-0.00146947,-0.00252978,-0.00315423,-0.00345241,-0.00357755
85.10000000000001,0.25734039,402080.0,-0.0217992,-0.0636615,-0.100178,-0.128031,-0.133912,0.00587551,0.0116222,0.0164356,0.0198862,0.021651,-0.00134691,-0.00228599,-0.00280762,-0.00303345,-0.00312391
85.12,0.26088183,370031.0,-0.0155175,-0.0672648,-0.10956,-0.15266,-0.180635,0.00550234,0.0103129,0.0143383,0.0170792,0.0185055,-0.00123313,-0.00206664,-0.00249988,-0.0026638,-0.00272234
85.14,0.25534374,337048.0,0.00581986,-0.0393889,-0.0912167,-0.142525,-0.179857,0.00540536,0.00924636,0.0123305,0.0141274,0.0149006,-0.00112405,-0.00187105,-0.00223319,-0.00235173,-0.00238828
85.16,0.22184592,303816.0,-0.0116668,-0.0357974,-0.0966827,-0.149389,-0.178424,0.00534689,0.0084945,0.0104515,0.0112083,0.0113178,-0.00101653,-0.00169364,-0.00200537,-0.00209838,-0.0021261
85.18,0.21202331999999996,273141.0,-0.0289196,-0.0357931,-0.0946873,-0.140578,-0.154403,0.00494103,0.00777859,0.0085378,0.0083086,0.00798949,-0.000913653,-0.00153091,-0.00181548,-0.00190321,-0.00193302
85.2,0.19746740999999998,245284.0,-0.0127439,-0.0234625,-0.0631937,-0.093838,-0.0985137,0.00452439,0.00718604,0.00695899,0.00596445,0.00546032,-0.000818999,-0.00138126,-0.00166051,-0.00176048,-0.00179853
85.22,0.15857174999999998,218031.0,-0.011891,-0.0360459,-0.0455639,-0.0554199,-0.0589162,0.00427804,0.00659095,0.00587142,0.00447187,0.00388602,-0.000730974,-0.00124349,-0.0015322,-0.00165611,-0.00170506
85.24,0.13799733,193568.0,-0.0549883,-0.0803619,-0.0633771,-0.0514645,-0.0534488,0.00360925,0.00542688,0.00478201,0.00340303,0.00276237,-0.000652101,-0.00112331,-0.00142567,-0.00157736,-0.00163858
85.26,0.1534692,177840.0,-0.0938398,-0.116149,-0.0873608,-0.0571388,-0.0502062,0.00212097,0.00346177,0.00327463,0.00231699,0.00172582,-0.000594799,-0.00103443,-0.0013451,-0.00152016,-0.0015937
85.28,0.17205309,170558.0,-0.0386182,-0.0712472,-0.0447835,-0.00381626,0.0167332,0.000796391,0.00158781,0.00195318,0.00170744,0.00139109,-0.000565626,-0.000983929,-0.00129283,-0.00147992,-0.00156253
85.3,0.12120507,164394.0,0.0104496,-0.0253287,-0.00837599,0.0325073,0.0612154,0.000514705,0.000622056,0.00142159,0.00199435,0.00217057,-0.000552515,-0.000961831,-0.00125908,-0.0014429,-0.00152691
85.32000000000001,0.07807487999999999,157048.0,0.000477186,-0.00281207,0.00238898,0.0317866,0.0552482,0.000623972,0.000340648,0.00136172,0.00263729,0.00333521,-0.000541128,-0.000952204,-0.00123125,-0.00139659,-0.00147185
85.34,0.06656724,152533.0,-0.0130715,0.0244714,0.0198065,0.0293708,0.0359004,0.00049803,0.000557241,0.00158367,0.00324887,0.00424669,-0.000529908,-0.000943225,-0.00120179,-0.00133772,-0.00139604
85.36,0.05424054,150488.0,0.0204519,0.0596144,0.05377,0.0406333,0.0285408,0.000571834,0.0013981,0.00231944,0.00394891,0.0048911,-0.000519209,-0.000923671,-0.00116276,-0.00126575,-0.00130466
85.38,0.027051929999999995,144125.0,0.0765681,0.0923374,0.0958865,0.0639709,0.0413556,0.00154203,0.00291762,0.003816,0.00499495,0.00559007,-0.00049807,-0.000880514,-0.00110141,-0.00117631,-0.00119985
85.4,-0.011596991999999999,128356.0,0.0791274,0.0982696,0.110709,0.0716035,0.0490977,0.00309899,0.00482369,0.00588195,0.00635069,0.0064946,-0.00045166,-0.000803101,-0.00100443,-0.00106285,-0.001079
85.42,-0.030390491999999998,104768.0,0.0445962,0.0945006,0.103046,0.0736348,0.0582225,0.00433623,0.00675139,0.0080195,0.00780308,0.0075678,-0.000377308,-0.00068735,-0.000865412,-0.000921314,-0.000938375
85.44,-0.036510492,78424.2,0.00616076,0.065103,0.0632701,0.057289,0.0523563,0.0048438,0.00834742,0.00968266,0.00911231,0.00867359,-0.000285508,-0.000536362,-0.00068839,-0.00075216,-0.000775961
85.46000000000001,-0.018509481,53565.8,-0.0200678,0.00397788,0.00482332,0.0237376,0.0314545,0.00470472,0.00903823,0.0103636,0.00992258,0.0095117,-0.000190023,-0.000362506,-0.000487928,-0.000561811,-0.000594108
85.48,0.017037110999999997,31177.4,-0.0248752,-0.0515382,-0.0309593,0.00265458,0.02238,0.0042553,0.00856263,0.0101022,0.0101865,0.01005,-0.000100422,-0.000186497,-0.00028327,-0.00036072,-0.000398491
85.5,0.035351618999999994,9978.72,-0.0371462,-0.0937614,-0.0585251,-0.0214635,0.00334536,0.00363508,0.00710963,0.00920739,0.00999841,0.0103073,-2.15187e-05,-2.97744e-05,-9.01735e-05,-0.000158871,-0.000194917
85.52,0.050760350999999995,-6582.68,-0.100062,-0.157098,-0.134266,-0.0991574,-0.0797406,0.002263,0.00460104,0.00727947,0.0087922,0.00954335,3.74621e-05,8.73323e-05,7.4695e-05,2.90349e-05,3.58909e-06
85.54,0.11485148999999999,-10446.4,-0.12484,-0.175994,-0.186821,-0.158982,-0.150265,1.39733e-05,0.00127012,0.0040686,0.00621081,0.00724329,6.02318e-05,0.000146044,0.000188176,0.000179065,0.000171455
85.56,0.15515526,-673.479,-0.0840663,-0.147341,-0.188515,-0.180798,-0.179938,-0.00207509,-0.00196324,0.000315233,0.00281301,0.00394125,3.96206e-05,0.000139113,0.000232014,0.000269303,0.000283301
85.58,0.15030005999999999,15193.2,-0.0305419,-0.109433,-0.165633,-0.192165,-0.196901,-0.00322117,-0.00453098,-0.00322625,-0.000916618,0.000172856,-1.33421e-05,7.41705e-05,0.000202904,0.000288267,0.000324442
85.60000000000001,0.13340937,34249.0,-0.0489493,-0.114697,-0.180447,-0.241346,-0.258079,-0.00401609,-0.00677227,-0.00668705,-0.00525173,-0.00437695,-8.57146e-05,-3.8862e-05,0.000103771,0.000226584,0.000282401
85.62,0.16527264,61420.0,-0.0703637,-0.106966,-0.18583,-0.263931,-0.300374,-0.00520922,-0.00898891,-0.0103498,-0.0103045,-0.00996149,-0.000177968,-0.000196474,-6.6598e-05,7.10215e-05,0.000139017
85.64,0.19061454,97852.9,-0.0497824,-0.0855626,-0.1717,-0.247286,-0.297035,-0.00641068,-0.0109142,-0.0139251,-0.0154167,-0.0159356,-0.000294167,-0.000395505,-0.000309348,-0.00018619,-0.000119954
85.66,0.19484345999999997,138672.0,-0.0340124,-0.0959904,-0.170427,-0.234373,-0.276352,-0.00724863,-0.0127297,-0.0173464,-0.0202333,-0.0216695,-0.00043076,-0.000631944,-0.000622063,-0.000542689,-0.000496004
85.68,0.21402455999999997,182552.0,-0.0538218,-0.12537,-0.175222,-0.224074,-0.241891,-0.00812697,-0.0149433,-0.0208029,-0.0248177,-0.0268519,-0.000584516,-0.000908675,-0.00100356,-0.000993199,-0.000981218
85.7,0.24565935,233323.0,-0.0836129,-0.139448,-0.170674,-0.195593,-0.192849,-0.00950132,-0.0175915,-0.0242619,-0.0290144,-0.0311993,-0.000760798,-0.00123402,-0.0014542,-0.00153152,-0.00156173
85.72,0.27234560999999996,293726.0,-0.0849745,-0.132106,-0.155789,-0.146969,-0.138134,-0.0111872,-0.0203071,-0.0275265,-0.03244,-0.0345091,-0.000967683,-0.00161301,-0.00197209,-0.00214606,-0.00221881
85.74,0.28958259,363298.0,-0.0701554,-0.124414,-0.138526,-0.101275,-0.0916327,-0.0127385,-0.0228723,-0.0304696,-0.0349224,-0.0368068,-0.00120694,-0.0020448,-0.00255205,-0.00281969,-0.00293197
85.76,0.30815015999999995,439277.0,-0.0318021,-0.0828338,-0.0778783,-0.0349329,-0.0183822,-0.0137581,-0.0249447,-0.0326337,-0.0362845,-0.0379069,-0.00147191,-0.00252297,-0.00318308,-0.00353176,-0.00367911
85.78,0.29311281,517529.0,-0.00615881,-0.0275705,-0.00550469,0.0221637,0.045896,-0.0141377,-0.0260488,-0.0334675,-0.0364122,-0.0376318,-0.00175086,-0.00303291,-0.00384409,-0.00425873,-0.0044345
85.8,0.27555402,596688.0,-0.00533305,0.0161408,0.0408798,0.0507865,0.0675928,-0.0142526,-0.0261631,-0.0331138,-0.0356827,-0.0364969,-0.00203477,-0.00355503,-0.00450991,-0.00497967,-0.00517578
85.82000000000001,0.28456725,678545.0,0.00291245,0.0548414,0.0738224,0.0752506,0.0719873,-0.0142768,-0.0254533,-0.0319667,-0.0344223,-0.0351011,-0.00232006,-0.00407119,-0.00516071,-0.00568073,-0.00589176
85.84,0.30011307,762834.0,0.00959439,0.0620668,0.0818203,0.0787456,0.061071,-0.0141517,-0.0242842,-0.0304103,-0.0328824,-0.0337705,-0.00260434,-0.00456856,-0.00578448,-0.00635377,-0.00658048
85.86,0.33400512,845464.0,0.0427682,0.0732787,0.100951,0.0908578,0.0772063,-0.0136281,-0.0229307,-0.0285826,-0.0311863,-0.0323877,-0.00288214,-0.00504071,-0.00637441,-0.00699446,-0.00724206
85.88,0.35296131,921511.0,0.071234,0.0870977,0.114552,0.102023,0.101916,-0.0124881,-0.021327,-0.0264276,-0.0292575,-0.0305965,-0.00314331,-0.00548329,-0.00692451,-0.0075989,-0.00787191
85.9,0.37157120999999993,987402.0,0.11132,0.141199,0.152192,0.151652,0.158582,-0.0106625,-0.019044,-0.0237601,-0.0267208,-0.0279915,-0.00337481,-0.005887,-0.00742639,-0.00815868,-0.00845779
85.92,0.35663025,1039760.0,0.138082,0.201773,0.194871,0.213978,0.220034,-0.00816852,-0.0156143,-0.0202895,-0.0230645,-0.0242054,-0.00356312,-0.00623358,-0.00786688,-0.00865653,-0.00897976
85.94,0.33085127999999997,1077180.0,0.12132,0.215163,0.213341,0.240757,0.248236,-0.0055745,-0.0114449,-0.0162073,-0.0185171,-0.0195227,-0.00370055,-0.00650418,-0.00823185,-0.00907235,-0.00941704
85.96000000000001,0.33393015000000004,1102660.0,0.0857142,0.190014,0.223608,0.241737,0.25466,-0.00350417,-0.00739317,-0.0118379,-0.0136922,-0.0144937,-0.00379134,-0.00669256,-0.0085123,-0.00939444,-0.0097572
85.98,0.35414756999999997,1117020.0,0.12156,0.216887,0.297261,0.305222,0.31737,-0.00143143,-0.00332416,-0.00662917,-0.00822261,-0.00877341,-0.00384069,-0.00679973,-0.00869697,-0.00961359,-0.00998987
86.0,0.30924716999999996,1113730.0,0.17966,0.27055,0.380667,0.397168,0.399427,0.00158077,0.00155021,0.000150118,-0.00119871,-0.00160544,-0.0038392,-0.00681747,-0.00876176,-0.00970781,-0.0100937
86.02,0.23580666,1087550.0,0.195818,0.316161,0.425966,0.468363,0.466669,0.00533555,0.00741732,0.00821645,0.0074566,0.00705552,-0.00377004,-0.00672779,-0.0086781,-0.00964523,-0.0100392
86.04,0.17439654,1040560.0,0.181648,0.353525,0.445728,0.512027,0.526905,0.00911021,0.0141142,0.0169334,0.0172605,0.0169913,-0.00362558,-0.00651248,-0.0084266,-0.00939806,-0.00979869
86.06,0.11974188,974837.0,0.191703,0.388407,0.472263,0.54622,0.588841,0.0128437,0.0215335,0.0261133,0.027843,0.0281487,-0.00340604,-0.006156,-0.00799613,-0.00894702,-0.00934729
86.08,0.05184915,886468.0,0.232885,0.411999,0.512147,0.581114,0.635799,0.0170896,0.0295376,0.0359574,0.0391163,0.0403951,-0.00310671,-0.00564529,-0.00737543,-0.00827743,-0.00866185
86.10000000000001,-0.030619328999999997,771086.0,0.230006,0.388288,0.518133,0.581211,0.619348,0.0217185,0.0375404,0.0462602,0.0507396,0.0529466,-0.00271863,-0.00497451,-0.00655325,-0.00737887,-0.00772844
86.12,-0.0855372,630887.0,0.183539,0.344257,0.490853,0.552107,0.562702,0.025854,0.0448659,0.0563501,0.0620728,0.0647671,-0.0022429,-0.00415045,-0.00552715,-0.00625074,-0.0065513
86.14,-0.12343377,470957.0,0.15375,0.316076,0.452446,0.512188,0.512722,0.0292268,0.0514692,0.0657831,0.0727157,0.0755213,-0.00169209,-0.0031871,-0.00430582,-0.00490286,-0.00514841
86.16,-0.17304146999999998,294061.0,0.131173,0.270134,0.378726,0.433283,0.448672,0.0320761,0.0573313,0.0740948,0.0821704,0.0851353,-0.00107906,-0.00209909,-0.00290704,-0.003354,-0.00354185
86.18,-0.20831817,103624.0,0.0811274,0.182058,0.261452,0.308157,0.343202,0.0341991,0.0618532,0.0804966,0.0895848,0.093054,-0.000416313,-0.000907247,-0.00136112,-0.00163645,-0.00175996
86.2,-0.21222528,-93383.8,0.00464116,0.0613588,0.113906,0.152763,0.188712,0.0350568,0.0642874,0.0842501,0.094194,0.0983731,0.000276245,0.000354159,0.000286345,0.000201341,0.000154316
86.22,-0.18888359999999998,-290093.0,-0.0392537,-0.0437387,-0.0219401,0.00779097,0.0239105,0.0347106,0.0644636,0.0851698,0.0957995,0.100499,0.000973919,0.00164167,0.00198054,0.00210128,0.00214304
86.24,-0.17579648999999997,-483913.0,-0.0436734,-0.117835,-0.133977,-0.12024,-0.126396,0.0338814,0.0628479,0.0836106,0.094675,0.0994745,0.00165984,0.00291478,0.00366835,0.00400602,0.00414278
86.26,-0.18404216999999998,-674963.0,-0.0497899,-0.165513,-0.224075,-0.237327,-0.252517,0.0329467,0.0600144,0.0800301,0.0910994,0.0956854,0.00232812,0.00414341,0.00530476,0.00586377,0.00609438
86.28,-0.20937029999999998,-860973.0,-0.0985991,-0.213408,-0.313936,-0.361955,-0.37664,0.0314628,0.0562252,0.07465,0.0851066,0.0893938,0.00297222,0.0053058,0.00685156,0.00762583,0.00794517
86.3,-0.22459737,-1034830.0,-0.167677,-0.272317,-0.405948,-0.486734,-0.507097,0.0288001,0.0513679,0.0674511,0.0766197,0.0805564,0.00357485,0.00638173,0.00827257,0.00924309,0.00964467
86.32000000000001,-0.22185662999999997,-1187590.0,-0.223999,-0.349682,-0.496288,-0.598566,-0.637454,0.0248833,0.0451479,0.0584288,0.0657667,0.0691109,0.00411168,0.00734689,0.00953137,0.010667,0.0111413
86.34,-0.20338442999999998,-1314980.0,-0.22193,-0.400977,-0.538811,-0.647876,-0.706301,0.020424,0.0376413,0.0480778,0.0533022,0.0556734,0.00456475,0.00817478,0.0105964,0.0118576,0.0123892
86.36,-0.21861353999999997,-1419060.0,-0.212083,-0.439008,-0.563944,-0.665933,-0.727232,0.0160839,0.0292415,0.0370502,0.0401641,0.0413381,0.00492983,0.00884361,0.0114477,0.0127923,0.0133593
86.38,-0.24245297999999998,-1500150.0,-0.243825,-0.478563,-0.608549,-0.69149,-0.734586,0.0115248,0.0200658,0.0253253,0.0265899,0.0267199,0.00520592,0.00933668,0.0120715,0.0134598,0.0140399
86.4,-0.24029466,-1552950.0,-0.271762,-0.48277,-0.634774,-0.691758,-0.708407,0.00636896,0.0104524,0.0128921,0.0127574,0.0122899,0.00538486,0.00964187,0.0124536,0.0138533,0.01443
86.42,-0.24525338999999996,-1574370.0,-0.260987,-0.454054,-0.617809,-0.653162,-0.65227,0.00104148,0.00108419,0.00036624,-0.000691778,-0.00131683,0.00545896,0.00975723,0.0125862,0.013974,0.0145397
86.44,-0.27127818,-1567350.0,-0.229136,-0.421955,-0.564524,-0.594025,-0.592538,-0.00385976,-0.0076759,-0.0114571,-0.0131636,-0.0137649,0.00543078,0.00969132,0.0124753,0.0138354,0.0143889
86.46000000000001,-0.30246723,-1535770.0,-0.200624,-0.384764,-0.482956,-0.522205,-0.53363,-0.00815737,-0.0157431,-0.0219319,-0.0243259,-0.0250266,0.00531061,0.00945713,0.0121414,0.0134605,0.014001
86.48,-0.33361802999999995,-1481220.0,-0.181026,-0.32941,-0.391011,-0.442052,-0.469746,-0.0119739,-0.0228848,-0.0306716,-0.0339685,-0.0350603,0.0051093,0.00907085,0.0116154,0.0128776,0.0134001
86.5,-0.36194904,-1405880.0,-0.137893,-0.237497,-0.287061,-0.338734,-0.374329,-0.0151631,-0.0285539,-0.0374523,-0.0417764,-0.0435011,0.00483793,0.00855646,0.0109342,0.0121201,0.0126145
86.52,-0.40441112999999995,-1314500.0,-0.0950823,-0.152445,-0.202577,-0.243588,-0.271594,-0.0174928,-0.0324533,-0.0423486,-0.0475996,-0.0499603,0.00451137,0.00794639,0.0101361,0.0112264,0.0116799
86.54,-0.4327839599999999,-1210650.0,-0.0830973,-0.110193,-0.153086,-0.180555,-0.189782,-0.0192746,-0.0350797,-0.0459053,-0.051841,-0.0545741,0.00414369,0.00727106,0.00925361,0.010232,0.0106345
86.56,-0.42410375999999994,-1096750.0,-0.0393607,-0.0509138,-0.073678,-0.0880851,-0.0815939,-0.0204992,-0.0366908,-0.0481729,-0.0545274,-0.0572878,0.00374596,0.00655335,0.00831282,0.00916828,0.00951592
86.58,-0.43792373999999995,-979297.0,0.0310134,0.0241503,0.0248295,0.0268491,0.0356203,-0.0205827,-0.0369584,-0.0486614,-0.0551398,-0.0577476,0.00333514,0.00581686,0.00734448,0.00807161,0.00836556
86.60000000000001,-0.4671049199999999,-866307.0,0.0772784,0.0869002,0.106115,0.12793,0.131115,-0.0194997,-0.0358479,-0.047352,-0.053592,-0.0560802,0.00293431,0.0050888,0.00638435,0.00698429,0.00722729
86.62,-0.48192756,-760816.0,0.0747686,0.12602,0.160189,0.196279,0.200581,-0.0179793,-0.0337187,-0.0446889,-0.0503499,-0.0527633,0.00255952,0.00439313,0.00546394,0.00594487,0.00613885
86.64,-0.47389658999999995,-662129.0,0.0648748,0.158444,0.210062,0.24776,0.263901,-0.0165828,-0.030874,-0.0409864,-0.0459095,-0.0481185,0.0022139,0.00374721,0.00460719,0.00498228,0.00513003
86.66,-0.46355582999999995,-570183.0,0.0670883,0.173712,0.247618,0.279801,0.30581,-0.0152632,-0.0275525,-0.0364096,-0.0406339,-0.0424213,0.00189544,0.00316294,0.00383323,0.00411685,0.00422464
86.68,-0.44346744,-486999.0,0.105348,0.202918,0.297768,0.32985,0.351485,-0.0135388,-0.0237862,-0.0309558,-0.0345374,-0.0358484,0.00160742,0.00264955,0.00315957,0.00336513,0.00344194
86.7,-0.44505303,-415637.0,0.122073,0.215763,0.318372,0.360058,0.369125,-0.0112646,-0.0195994,-0.0247944,-0.0276383,-0.0286423,0.00135939,0.0022157,0.00260207,0.00274338,0.00279703
86.72,-0.43303130999999995,-357372.0,0.119471,0.220721,0.311338,0.363876,0.370036,-0.00884917,-0.0152345,-0.0184973,-0.020399,-0.0212507,0.00115825,0.00186736,0.00216915,0.002263,0.0022981
86.74,-0.41000073,-312146.0,0.125787,0.231398,0.298163,0.352361,0.371559,-0.00639658,-0.0107133,-0.0124023,-0.0132366,-0.0138347,0.00100579,0.00160788,0.00186016,0.00192665,0.00194725
86.76,-0.39175955999999995,-282427.0,0.161727,0.263662,0.311678,0.356682,0.390132,-0.00352144,-0.00576273,-0.00630385,-0.00614617,-0.00621783,0.000906612,0.00144312,0.0016731,0.00173282,0.00174672
86.78,-0.40389347999999997,-271882.0,0.164393,0.266677,0.311083,0.342012,0.372231,-0.000260236,-0.000459339,-7.62382e-05,0.000840773,0.0014058,0.000868796,0.0013809,0.0016093,0.00167977,0.0016986
86.8,-0.40170047999999997,-279275.0,0.124314,0.233676,0.285182,0.303001,0.311992,0.00262684,0.0045442,0.00588641,0.0072909,0.00824804,0.000892462,0.00142175,0.0016674,0.00176108,0.00179514
86.82000000000001,-0.37559664,-300362.0,0.113311,0.219477,0.278413,0.286471,0.274547,0.0050031,0.00907573,0.0115224,0.0131856,0.0141134,0.000968761,0.00155795,0.00184149,0.00196585,0.00201876
86.84,-0.37613418,-333843.0,0.101509,0.186426,0.247105,0.250225,0.234902,0.0071513,0.0131348,0.0167775,0.0185526,0.0192079,0.0010903,0.00178005,0.00212449,0.00228323,0.00235197
86.86,-0.36546497999999994,-378542.0,0.0676914,0.128607,0.183563,0.188947,0.187302,0.0088433,0.0162851,0.0210842,0.0229443,0.02343,0.00125025,0.00207425,0.0025031,0.0026982,0.00277835
86.88,-0.336804,-431328.0,0.0463648,0.0904459,0.131194,0.146684,0.161293,0.00998386,0.0184756,0.0242318,0.0263006,0.0269159,0.00143852,0.00242186,0.00295626,0.00319065,0.00328181
86.9,-0.32936055,-491505.0,0.0625699,0.0910774,0.111606,0.140248,0.161388,0.0110732,0.0202908,0.0266598,0.0291699,0.0301427,0.00164909,0.00280952,0.00346518,0.00374535,0.00385239
86.92,-0.3581883,-559421.0,0.0487958,0.0646832,0.0675917,0.102997,0.12069,0.0121869,0.0218485,0.0284518,0.0316023,0.0329635,0.00188169,0.00323092,0.00401629,0.00435307,0.00448346
86.94,-0.35971064999999997,-631550.0,0.0140689,0.0258435,0.0222721,0.0504475,0.0615866,0.0128155,0.0227537,0.0293504,0.0331368,0.0347863,0.00213172,0.00367694,0.00459432,0.00500047,0.00516095
86.96000000000001,-0.35309951999999994,-702480.0,-0.0425323,-0.0396592,-0.0389974,-0.0307689,-0.0257586,0.0125309,0.0226156,0.0291831,0.0333336,0.0351446,0.00238518,0.00413063,0.00517965,0.00566517,0.00586026
86.98,-0.32381531999999996,-769084.0,-0.0587764,-0.0832846,-0.0775625,-0.0915736,-0.0944688,0.0115178,0.0213861,0.0280175,0.0321102,0.0339423,0.00262567,0.00457065,0.00575166,0.00631961,0.00655113
87.0,-0.31478373,-831700.0,-0.0403048,-0.0935192,-0.0936867,-0.120847,-0.134223,0.010527,0.0196181,0.026305,0.0299859,0.0316554,0.00284612,0.00498069,0.00629488,0.00694057,0.00720711
87.02,-0.3316315799999999,-889009.0,-0.0836322,-0.143135,-0.165298,-0.193544,-0.21418,0.00928761,0.0172516,0.0237152,0.026842,0.0281713,0.00304426,0.00534939,0.00679509,0.00750885,0.00780538
87.04,-0.29845302,-934115.0,-0.137338,-0.196964,-0.250832,-0.274866,-0.292702,0.00707791,0.0138506,0.0195539,0.022158,0.0231025,0.00320792,0.00566041,0.00722778,0.00799885,0.00831811
87.06,-0.25216032,-961618.0,-0.154947,-0.244386,-0.324874,-0.348351,-0.355455,0.00415505,0.00943707,0.0137968,0.0159258,0.016621,0.00332025,0.00589328,0.00756129,0.00837968,0.00871535
87.08,-0.20933000999999998,-972847.0,-0.1328,-0.273826,-0.365674,-0.395342,-0.395443,0.00127758,0.00425494,0.00689136,0.00848887,0.00911199,0.00337457,0.0060302,0.00776817,0.00862383,0.00897268
87.10000000000001,-0.18423290999999997,-971069.0,-0.126892,-0.293694,-0.386915,-0.426067,-0.432317,-0.00131933,-0.00142026,-0.000634533,0.000274777,0.000834392,0.00337416,0.00605855,0.00783074,0.00871147,0.00907214
87.12,-0.16151495999999999,-955431.0,-0.154691,-0.303703,-0.40131,-0.449043,-0.470915,-0.00413516,-0.00739423,-0.00851677,-0.00847632,-0.00819793,0.00331961,0.00597041,0.00773922,0.00862945,0.00899851
87.14,-0.13174116,-921662.0,-0.175456,-0.296596,-0.403252,-0.458352,-0.492006,-0.00743663,-0.0133972,-0.0165624,-0.0175503,-0.0178271,0.00320389,0.00576249,0.00748843,0.00836919,0.00873826
87.16,-0.10390434,-867532.0,-0.164912,-0.279196,-0.386726,-0.449441,-0.482532,-0.0108403,-0.0191552,-0.0244622,-0.0266282,-0.0275725,0.00302112,0.00543697,0.00707819,0.0079274,0.00828426
87.18,-0.08418009,-794434.0,-0.153146,-0.273775,-0.366016,-0.434021,-0.459062,-0.0140209,-0.0246849,-0.0319896,-0.0354628,-0.0369885,0.00277251,0.00499857,0.00651367,0.00730649,0.00763865
87.2,-0.05729594999999999,-704334.0,-0.145518,-0.2651,-0.336461,-0.400081,-0.42034,-0.0170075,-0.0300736,-0.0390144,-0.0438038,-0.0457825,0.00246223,0.00445098,0.00580363,0.00651382,0.00681094
87.22,-0.030207249,-598596.0,-0.123494,-0.231197,-0.292116,-0.337413,-0.358472,-0.0196976,-0.0350366,-0.0453001,-0.0511788,-0.0535706,0.00209518,0.00379988,0.00496048,0.005564,0.00581741
87.24,-0.014082885,-480933.0,-0.055445,-0.143323,-0.204449,-0.224212,-0.242581,-0.021487,-0.0387818,-0.0502658,-0.056795,-0.0595811,0.00168333,0.0030617,0.00400482,0.00448426,0.00468589
87.26,-0.03976878,-357854.0,-0.00676907,-0.0602269,-0.116729,-0.11768,-0.122568,-0.0221092,-0.0408173,-0.0534775,-0.0602139,-0.0632326,0.00124737,0.00226571,0.00296739,0.00331417,0.00345775
87.28,-0.059707739999999995,-232562.0,-0.0164423,-0.0215282,-0.0560527,-0.0523407,-0.0402184,-0.0223413,-0.0416349,-0.0552054,-0.0619142,-0.0648605,0.000802863,0.00144118,0.00188056,0.00209289,0.00217682
87.3,-0.040809894,-103279.0,-0.0295093,0.00319491,0.00613298,0.00710756,0.023879,-0.0228008,-0.0418182,-0.0557046,-0.0623665,-0.0650239,0.000351442,0.000606653,0.000771463,0.000850083,0.000877979
87.32000000000001,-0.012946962,28373.0,0.0308666,0.0721852,0.116229,0.119742,0.124183,-0.0227872,-0.0410644,-0.0544809,-0.061098,-0.0635433,-0.000104438,-0.000222172,-0.000330392,-0.000384562,-0.000407693
87.34,-0.033198705,153339.0,0.117494,0.163052,0.237958,0.254094,0.244716,-0.0213036,-0.038712,-0.0509391,-0.0573596,-0.0598543,-0.000545346,-0.00101994,-0.00138459,-0.00156914,-0.00164167
87.36,-0.07763321999999999,264211.0,0.139476,0.222742,0.308362,0.341517,0.336478,-0.0187339,-0.0348541,-0.0454759,-0.0514035,-0.0540423,-0.000945721,-0.0017556,-0.00234874,-0.00265677,-0.00278063
87.38,-0.08858139,362899.0,0.0989901,0.238459,0.317311,0.364645,0.38285,-0.0163493,-0.0302421,-0.0392191,-0.0443419,-0.0468491,-0.00129655,-0.00240656,-0.00319569,-0.00361422,-0.00378955
87.4,-0.05265954,452513.0,0.119082,0.277697,0.350477,0.406951,0.447307,-0.0141685,-0.0250805,-0.0325413,-0.0366259,-0.0385475,-0.00160173,-0.00295978,-0.0039133,-0.0044239,-0.00464351
87.42,-0.048849993,526626.0,0.196923,0.328831,0.413399,0.474472,0.517065,-0.0110085,-0.0190152,-0.0249025,-0.0278117,-0.0289038,-0.0018535,-0.00340074,-0.00448773,-0.00506828,-0.00531803
87.44,-0.07840383,576233.0,0.220655,0.336551,0.444732,0.505571,0.532265,-0.00683269,-0.0123614,-0.0163212,-0.0180113,-0.0184105,-0.00203191,-0.00371451,-0.00489997,-0.00552651,-0.00579117
87.46000000000001,-0.08130828,601352.0,0.188815,0.331303,0.450913,0.50706,0.51769,-0.00273799,-0.00568287,-0.00736474,-0.00788494,-0.00791093,-0.00212762,-0.00389495,-0.00513683,-0.00578547,-0.00605438
87.48,-0.07070945999999999,606734.0,0.169249,0.341632,0.449932,0.49952,0.507958,0.00084265,0.00104647,0.0016437,0.00218087,0.00234555,-0.00214657,-0.00394131,-0.00519404,-0.00584251,-0.00611004
87.5,-0.07114754999999999,591520.0,0.212233,0.380788,0.471846,0.515219,0.533013,0.00465747,0.00827067,0.0108615,0.0123283,0.0127553,-0.00209157,-0.00384814,-0.00506899,-0.00569742,-0.00595903
87.52,-0.11243663999999999,549631.0,0.24872,0.403615,0.490983,0.528726,0.554305,0.00926701,0.0161147,0.0204898,0.0227677,0.0236284,-0.00195233,-0.00360429,-0.00475548,-0.00534646,-0.00559519
87.54,-0.16260534,479227.0,0.219154,0.382378,0.47616,0.510117,0.532408,0.0139458,0.0239746,0.0301612,0.0331561,0.0344956,-0.0017202,-0.0032034,-0.00424897,-0.00478722,-0.00501395
87.56,-0.18634430999999999,386310.0,0.16071,0.333336,0.428231,0.463523,0.474627,0.0177444,0.0311318,0.0392051,0.0428925,0.0445659,-0.0014033,-0.00265233,-0.0035553,-0.00402673,-0.00422334
87.58,-0.18769427999999996,277609.0,0.129094,0.274276,0.363068,0.404797,0.409264,0.0206424,0.0372079,0.0471181,0.0515757,0.0534048,-0.00101943,-0.00196894,-0.00269207,-0.00308205,-0.00324363
87.60000000000001,-0.18753108,154453.0,0.120237,0.209506,0.29393,0.340996,0.352058,0.0231358,0.0420457,0.0536881,0.0590337,0.0610181,-0.000581647,-0.0011764,-0.00168401,-0.00197596,-0.0020994
87.62,-0.19785092999999998,17236.6,0.0650751,0.110347,0.189416,0.23529,0.260459,0.0249889,0.0452442,0.0585215,0.0647965,0.0671432,-0.000100401,-0.0003035,-0.000561913,-0.000737655,-0.000817788
87.64,-0.18053693999999998,-126791.0,-0.024472,-0.00119564,0.0566019,0.0969249,0.128205,0.0253949,0.0463357,0.0609817,0.0681187,0.0710299,0.000403437,0.000612299,0.00063312,0.000591497,0.000563943
87.66,-0.13783004999999998,-267284.0,-0.0667977,-0.0728497,-0.0553481,-0.0212265,0.000122705,0.0244822,0.0455953,0.0609943,0.0688757,0.0723131,0.000902208,0.00153161,0.00185288,0.00196144,0.00199737
87.68,-0.11778756,-399518.0,-0.0812964,-0.139606,-0.164812,-0.142682,-0.138627,0.0230013,0.0434707,0.0587927,0.0672366,0.0709281,0.00137704,0.00242227,0.00305075,0.00332256,0.00342979
87.7,-0.09844019999999999,-524417.0,-0.0720015,-0.17995,-0.236525,-0.24167,-0.249066,0.0214683,0.0402752,0.0547793,0.0633931,0.0670512,0.00182174,0.00325973,0.00418647,0.00462886,0.00480958
87.72,-0.10717497,-641446.0,-0.121898,-0.248329,-0.33081,-0.37622,-0.389459,0.0195293,0.0359924,0.0491059,0.0572142,0.0606659,0.00223171,0.0040224,0.00522532,0.00583493,0.00608675
87.74,-0.07826409,-744383.0,-0.168158,-0.292458,-0.405471,-0.487117,-0.512019,0.0166287,0.0305845,0.0417431,0.0485808,0.0516511,0.00259329,0.00468817,0.00613381,0.00689288,0.00720992
87.76,-0.05595107999999999,-828151.0,-0.16799,-0.301528,-0.442893,-0.542762,-0.587661,0.0132673,0.0246446,0.0332595,0.038282,0.0406543,0.00289225,0.00524046,0.00688384,0.00776151,0.00813297
87.78,-0.06234902999999999,-894897.0,-0.133933,-0.29108,-0.442869,-0.545725,-0.60468,0.010248,0.0187186,0.0244019,0.0273971,0.0287309,0.00312741,0.0056741,0.00746045,0.0084183,0.00882683
87.8,-0.09677403,-947648.0,-0.143998,-0.310088,-0.453114,-0.553242,-0.606985,0.00746871,0.0127069,0.015442,0.0164074,0.0166143,0.00330457,0.00598835,0.00785889,0.00885634,0.00928028
87.82000000000001,-0.10689855,-983101.0,-0.185757,-0.336041,-0.464916,-0.556014,-0.591074,0.00417115,0.00624558,0.00626174,0.00531489,0.00463368,0.00342097,0.00617787,0.00807593,0.00907357,0.00949276
87.84,-0.10074386999999999,-995093.0,-0.220976,-0.359343,-0.475347,-0.543733,-0.563471,0.000103815,-0.000708259,-0.00314088,-0.00568258,-0.00691177,0.00346372,0.00623325,0.00810714,0.00906989,0.00946998
87.86,-0.08500476,-980769.0,-0.233123,-0.386075,-0.482496,-0.517676,-0.531278,-0.00443718,-0.00816244,-0.0127193,-0.0162967,-0.0178593,0.00342039,0.00614454,0.00794854,0.0088501,0.00922227
87.88,-0.06255506999999999,-941023.0,-0.219753,-0.395947,-0.463051,-0.47043,-0.47824,-0.00896595,-0.0159827,-0.0221748,-0.0261777,-0.0279545,0.00328636,0.00590309,0.00759959,0.00842535,0.00876413
87.9,-0.05300787,-877588.0,-0.209658,-0.385739,-0.429369,-0.425095,-0.421782,-0.0132601,-0.0237995,-0.031099,-0.035133,-0.0369547,0.0030641,0.00550527,0.00706686,0.00781225,0.00811504
87.92,-0.042476063999999994,-791745.0,-0.174002,-0.319416,-0.362266,-0.357792,-0.345861,-0.0170967,-0.0308511,-0.0390153,-0.0429619,-0.0446311,0.00276053,0.00495876,0.00636571,0.0070313,0.00729918
87.94,-0.05472249,-686197.0,-0.12893,-0.229741,-0.288364,-0.287481,-0.278756,-0.020126,-0.0363426,-0.0455216,-0.0494146,-0.0508773,0.0023883,0.00428682,0.00552034,0.00610753,0.0063441
87.96000000000001,-0.06727461,-565998.0,-0.0721935,-0.130659,-0.197315,-0.206597,-0.210026,-0.0221372,-0.0399466,-0.0503784,-0.0543554,-0.0557651,0.00196567,0.00352393,0.00456134,0.00506983,0.00527767
87.98,-0.08771898,-436793.0,-0.0378485,-0.0617982,-0.114153,-0.144918,-0.159924,-0.0232376,-0.0418712,-0.0534931,-0.0578705,-0.0594646,0.00151192,0.00270575,0.00352263,0.00394758,0.00412538
88.0,-0.08693307,-303153.0,0.00294571,0.00575752,-0.0188648,-0.0725581,-0.0955359,-0.0235867,-0.0424316,-0.0548233,-0.0600453,-0.0620192,0.00104368,0.00186272,0.00243946,0.00276842,0.00291054
88.02,-0.09034241999999999,-169127.0,0.0353315,0.0592193,0.0580731,0.000248596,-0.0289308,-0.0232039,-0.0417818,-0.0544312,-0.0607684,-0.0632639,0.000575776,0.00102059,0.00134692,0.00156028,0.00165771
88.04,-0.08171934,-38095.1,0.0523888,0.0937115,0.105464,0.0705057,0.0416403,-0.0223267,-0.0402525,-0.0527958,-0.0600608,-0.0631368,0.00012047,0.000200246,0.000274649,0.000351989,0.000393703
88.06,-0.05963838,88119.5,0.0525925,0.105602,0.126601,0.128322,0.115608,-0.0212769,-0.0382594,-0.0504752,-0.0580726,-0.0615643,-0.000315565,-0.000584873,-0.000758061,-0.000829345,-0.000853308
88.08,-0.024127743,207871.0,0.0710944,0.127394,0.161829,0.195655,0.212571,-0.02004,-0.0359294,-0.0475909,-0.0548328,-0.0582825,-0.000728734,-0.00132676,-0.00173872,-0.0019584,-0.00205178
88.10000000000001,-0.005717201999999999,318218.0,0.0989398,0.157444,0.209939,0.265451,0.306847,-0.0183397,-0.0330811,-0.0438732,-0.0502217,-0.0530883,-0.00111253,-0.00201687,-0.00265336,-0.00300894,-0.00316548
88.12,0.0016620594,416722.0,0.110917,0.183121,0.25391,0.323934,0.368492,-0.0162411,-0.0296754,-0.0392347,-0.0443279,-0.0463349,-0.00145834,-0.00264443,-0.00348444,-0.00395444,-0.00415972
88.14,0.012676610999999999,502709.0,0.117912,0.214697,0.300926,0.37688,0.407879,-0.0139528,-0.0256972,-0.0336863,-0.0373198,-0.0385712,-0.00176028,-0.00319816,-0.00421365,-0.00477092,-0.00500878
88.16,0.016378803,577223.0,0.0893319,0.205904,0.304178,0.371402,0.390035,-0.0118804,-0.0214912,-0.0276353,-0.0298369,-0.0305921,-0.00201861,-0.00367004,-0.00482687,-0.00544248,-0.00570041
88.18,0.057999239999999994,641429.0,0.105393,0.225144,0.330295,0.376308,0.392368,-0.00993312,-0.0171807,-0.0212906,-0.0223598,-0.022768,-0.00223674,-0.00405676,-0.00531613,-0.00596445,-0.00623401
88.2,0.06826758,691971.0,0.154038,0.267888,0.36945,0.395749,0.411488,-0.00733881,-0.0122504,-0.0142932,-0.0146393,-0.0147295,-0.00240946,-0.00435107,-0.00567197,-0.00633444,-0.00660899
88.22,0.05119889999999999,723146.0,0.187108,0.30522,0.388637,0.408614,0.418273,-0.00392734,-0.00651935,-0.00671228,-0.00659565,-0.00643187,-0.00252212,-0.00453877,-0.00588202,-0.00654679,-0.0068206
88.24,0.035741972999999996,735005.0,0.152781,0.286654,0.342906,0.366886,0.369396,-0.000528454,-0.000600604,0.000603141,0.00115935,0.00144483,-0.00256668,-0.00460997,-0.00594311,-0.00660115,-0.00687047
88.26,0.06996996,733416.0,0.103773,0.235139,0.270896,0.296743,0.300451,0.00203709,0.00461733,0.00674115,0.00779564,0.0081433,-0.00255159,-0.0045698,-0.00586967,-0.0065116,-0.00677459
88.28,0.12371477999999998,719754.0,0.12725,0.217421,0.251634,0.271477,0.283265,0.00434732,0.00914293,0.0119664,0.0134778,0.0139805,-0.00248775,-0.0044322,-0.00568259,-0.00629887,-0.00655335
88.3,0.1238739,687220.0,0.169577,0.214659,0.260043,0.27275,0.287791,0.00731558,0.0134637,0.0170832,0.0189201,0.019691,-0.00237112,-0.00420613,-0.0053921,-0.00597489,-0.00621664
88.32000000000001,0.09441069,633615.0,0.123042,0.17041,0.219866,0.233043,0.240803,0.0102418,0.0173144,0.0218823,0.0239781,0.024977,-0.00219555,-0.00389835,-0.00500244,-0.00554591,-0.00576996
88.34,0.10682664,568412.0,0.0417112,0.12288,0.160465,0.180489,0.17939,0.0118893,0.0202473,0.0256856,0.0281134,0.0291789,-0.00197424,-0.00352274,-0.00452676,-0.00502499,-0.0052284
88.36,0.12963384,500365.0,0.0208747,0.100781,0.125281,0.148936,0.14944,0.0125152,0.0224839,0.0285431,0.0314076,0.0324672,-0.00173019,-0.00309542,-0.00398447,-0.00442978,-0.00461194
88.38,0.12257594999999999,428517.0,0.0423429,0.0734678,0.100868,0.119444,0.130588,0.0131473,0.0242264,0.0308046,0.0340914,0.0352675,-0.00147357,-0.00262832,-0.003391,-0.00377479,-0.00393459
88.4,0.10424399999999999,350133.0,0.0332275,0.0257216,0.0638062,0.0744708,0.0913312,0.013903,0.0252183,0.0324513,0.0360306,0.0374867,-0.00120307,-0.00213387,-0.00275844,-0.00307357,-0.00320705
88.42,0.09905577,269335.0,-0.0292742,-0.0362172,-0.00494365,0.00444542,0.0136263,0.0139426,0.0251134,0.0330399,0.0368197,0.0385362,-0.000924609,-0.00163056,-0.00210353,-0.00234507,-0.00244682
88.44,0.12206747999999999,193672.0,-0.0680032,-0.0747378,-0.0742269,-0.0602773,-0.0634801,0.0129698,0.0240038,0.0322482,0.0362614,0.0380377,-0.000655486,-0.00113938,-0.00145064,-0.00161426,-0.00168108
88.46000000000001,0.13995726,125628.0,-0.0544934,-0.0926301,-0.124268,-0.112407,-0.117939,0.0117448,0.0223301,0.0302633,0.0345346,0.0362235,-0.000408339,-0.000676045,-0.000825528,-0.0009063,-0.000938469
88.48,0.13864962,62319.7,-0.0398914,-0.113333,-0.158613,-0.164399,-0.161981,0.010801,0.0202705,0.0274345,0.0317665,0.0334243,-0.000182881,-0.000250039,-0.00024855,-0.000243289,-0.000241991
88.5,0.13140303,2446.16,-0.0593271,-0.137281,-0.18577,-0.216996,-0.212885,0.00980879,0.0177643,0.0239907,0.0279525,0.0296757,2.32163e-05,0.000130309,0.000265701,0.000353901,0.000389009
88.52,0.13020198,-51067.1,-0.078591,-0.141052,-0.200109,-0.248074,-0.260101,0.00842961,0.014981,0.0201319,0.0233018,0.0249458,0.0002056,0.000457763,0.000706927,0.000866445,0.000935223
88.54,0.12374181,-93833.9,-0.105084,-0.163845,-0.238231,-0.288833,-0.323369,0.00659286,0.0119321,0.0157485,0.0179328,0.0191111,0.000355825,0.000726894,0.00106573,0.00127879,0.00137579
88.56,0.14277041999999998,-122045.0,-0.137129,-0.215716,-0.292795,-0.341828,-0.382477,0.00417074,0.00813644,0.0104382,0.0116262,0.0120526,0.000463461,0.000927579,0.0013276,0.00157438,0.00168743
88.58,0.18173594999999998,-134696.0,-0.141808,-0.253109,-0.318136,-0.368921,-0.39375,0.00138138,0.00344819,0.0043289,0.00451868,0.00429034,0.000518982,0.00104342,0.00147527,0.00173583,0.00185086
88.60000000000001,0.19983789,-132933.0,-0.148194,-0.284466,-0.342208,-0.390474,-0.396501,-0.00151864,-0.00192756,-0.00227454,-0.00307527,-0.00361217,0.00051761,0.00105863,0.00149581,0.00175026,0.00185764
88.62,0.22483247999999997,-115711.0,-0.148581,-0.285946,-0.355477,-0.387298,-0.390033,-0.00448639,-0.00763168,-0.00925139,-0.010853,-0.0114775,0.000457559,0.000963039,0.00138055,0.00161098,0.00170674
88.64,0.24349695,-81185.3,-0.139528,-0.260422,-0.349565,-0.359509,-0.369435,-0.00736749,-0.0130954,-0.0163018,-0.0183211,-0.0190722,0.00033902,0.000755768,0.00112502,0.00131924,0.00140125
88.66,0.24933033,-30355.2,-0.129442,-0.236579,-0.330102,-0.334219,-0.344318,-0.0100572,-0.0180654,-0.0230985,-0.0252584,-0.0262097,0.000164774,0.000444161,0.000731017,0.000883445,0.000948426
88.68,0.25729652999999997,33955.0,-0.103834,-0.202938,-0.278242,-0.300032,-0.301661,-0.0123899,-0.0224605,-0.0291819,-0.0316009,-0.0326695,-5.96977e-05,3.89018e-05,0.000208213,0.000314853,0.000359634
88.7,0.2544084,108948.0,-0.0757097,-0.155949,-0.204734,-0.24953,-0.251386,-0.0141854,-0.0260494,-0.0340117,-0.0370965,-0.0382,-0.000325451,-0.000446198,-0.000423723,-0.000372121,-0.000349061
88.72,0.24447971999999998,193241.0,-0.0713889,-0.117685,-0.148321,-0.198741,-0.218055,-0.0156564,-0.0287858,-0.0375422,-0.0415792,-0.0428944,-0.000623868,-0.00099455,-0.00113926,-0.00115888,-0.00116001
88.74,0.25223121,286855.0,-0.0650246,-0.0826181,-0.105098,-0.141813,-0.177993,-0.0170205,-0.0307888,-0.0400764,-0.0449847,-0.0468549,-0.000950637,-0.0015903,-0.00191545,-0.00202452,-0.0020575
88.76,0.26578293,389260.0,-0.0562642,-0.0679463,-0.0831983,-0.102135,-0.131062,-0.0182334,-0.0322944,-0.0419594,-0.0474242,-0.0499454,-0.00130318,-0.00222113,-0.00273581,-0.00294861,-0.0030255
88.78,0.2957235,497919.0,-0.0226216,-0.0425336,-0.0474532,-0.0534835,-0.0534485,-0.0190222,-0.0333992,-0.0432659,-0.0489804,-0.0517905,-0.00167573,-0.00287806,-0.00358806,-0.00391265,-0.00404286
88.8,0.31219496999999996,608158.0,0.0147124,-0.00476738,-0.00153858,0.00618826,0.0301025,-0.0191013,-0.0338723,-0.0437558,-0.0494534,-0.052024,-0.00205697,-0.00355078,-0.00445828,-0.00489699,-0.00508101
88.82000000000001,0.31994442,715015.0,0.0526608,0.0544139,0.0601908,0.0867827,0.1112,-0.0184276,-0.0333758,-0.0431693,-0.0485237,-0.050611,-0.00243226,-0.00422326,-0.00532753,-0.00587676,-0.00610736
88.84,0.31227759,814672.0,0.0875516,0.126102,0.136081,0.176398,0.1878,-0.0170255,-0.0315706,-0.0412066,-0.0458918,-0.047621,-0.00278679,-0.00487272,-0.00617129,-0.00682092,-0.00708967
88.86,0.29239116,904292.0,0.111318,0.189903,0.216661,0.252381,0.257502,-0.0150368,-0.0284106,-0.0376791,-0.041604,-0.0431679,-0.00310741,-0.00547254,-0.00696014,-0.00769587,-0.00799756
88.88,0.27203756999999995,982353.0,0.113567,0.224817,0.281765,0.298526,0.307381,-0.0127879,-0.0242634,-0.0326949,-0.036095,-0.0375191,-0.00338566,-0.00599928,-0.00766388,-0.00847286,-0.00880443
88.9,0.26791982999999997,1048560.0,0.112845,0.241919,0.330371,0.334292,0.343872,-0.0105238,-0.019596,-0.0265735,-0.0297668,-0.0310066,-0.00361878,-0.00643787,-0.00825657,-0.00913148,-0.00948969
88.92,0.27055245,1102250.0,0.123449,0.253623,0.360578,0.373075,0.375043,-0.00816087,-0.0146406,-0.019664,-0.0226931,-0.0238174,-0.00380562,-0.00678024,-0.00871894,-0.00965608,-0.0100379
88.94,0.27136386,1142500.0,0.122772,0.243339,0.350256,0.387653,0.386643,-0.00569866,-0.00967097,-0.0125557,-0.0150858,-0.0162006,-0.00394422,-0.00702335,-0.00904114,-0.0100339,-0.0104381
88.96000000000001,0.28999517999999996,1168080.0,0.150121,0.259304,0.352121,0.413481,0.427302,-0.00296974,-0.00464455,-0.0055319,-0.00707449,-0.00806111,-0.0040309,-0.00716651,-0.00922202,-0.0102555,-0.0106807
88.98,0.27947643,1174510.0,0.199793,0.305278,0.379252,0.451919,0.490884,0.000529402,0.00100126,0.00178182,0.0015795,0.00112075,-0.00405531,-0.00720294,-0.00925952,-0.0103104,-0.0107501
89.0,0.23526656999999998,1156910.0,0.211208,0.330607,0.391027,0.46167,0.513404,0.00463941,0.0073601,0.0094846,0.0107154,0.0111636,-0.00400362,-0.00711933,-0.00914685,-0.0101875,-0.0106273
89.02,0.20504601,1116510.0,0.174523,0.320125,0.38074,0.43906,0.478316,0.00849671,0.0138674,0.0172023,0.0197227,0.0210808,-0.00387226,-0.00690705,-0.00887998,-0.00988309,-0.0103048
89.04,0.19883573999999998,1059390.0,0.116715,0.271045,0.348075,0.386038,0.397836,0.0114091,0.0197791,0.0244904,0.0279737,0.0298423,-0.0036732,-0.00657059,-0.00846306,-0.00940613,-0.00979561
89.06,0.21465440999999996,990172.0,0.0891874,0.212746,0.312734,0.328262,0.318744,0.0134681,0.024617,0.0310985,0.0351167,0.0370081,-0.00342443,-0.00612662,-0.00790717,-0.00877523,-0.00912711
89.08,0.22421435999999997,909082.0,0.0962913,0.170529,0.278698,0.281627,0.268695,0.0153229,0.0284498,0.0370128,0.0412156,0.0428825,-0.00313652,-0.00559596,-0.00722605,-0.00801191,-0.0083282
89.10000000000001,0.21245835,815827.0,0.0798543,0.126005,0.209142,0.218206,0.216347,0.0170844,0.0314151,0.0418912,0.0462139,0.0477329,-0.00281244,-0.00499731,-0.00643701,-0.00713761,-0.00742205
89.12,0.21135980999999998,713821.0,0.0472715,0.090433,0.119812,0.147887,0.161745,0.0183556,0.0335795,0.0451808,0.0498748,0.0515139,-0.00245804,-0.00434736,-0.00556629,-0.00617672,-0.00642958
89.14,0.21311676,607516.0,0.0246051,0.0568824,0.0337164,0.0745242,0.100328,0.0190744,0.0350526,0.046716,0.0520989,0.0541346,-0.00208374,-0.00366104,-0.00464733,-0.00515699,-0.00537309
89.16,0.21259758,497768.0,0.0333183,0.0312347,-0.013017,0.0182167,0.0453816,0.0196536,0.0359338,0.046923,0.0530263,0.0555917,-0.00169646,-0.00295118,-0.00371094,-0.00410573,-0.00427583
89.18,0.18971591999999998,383105.0,0.0240941,-0.0104954,-0.0428842,-0.0415167,-0.0284335,0.0202277,0.0361412,0.046364,0.0527933,0.0557612,-0.00129765,-0.00223043,-0.00277806,-0.00304754,-0.0031623
89.2,0.16988711999999997,265451.0,-0.0233224,-0.0633797,-0.0772201,-0.10845,-0.121707,0.0202355,0.0354025,0.045163,0.0512937,0.0542598,-0.000893018,-0.00151499,-0.00186279,-0.00200667,-0.00206209
89.22,0.16359933,150509.0,-0.0621449,-0.0923547,-0.104783,-0.154852,-0.192021,0.0193808,0.0338451,0.0433429,0.0486606,0.0511225,-0.000496856,-0.000822514,-0.000977736,-0.00100712,-0.00100827
89.24,0.14542242,43580.5,-0.0979852,-0.130807,-0.158349,-0.210319,-0.252222,0.0177795,0.0316135,0.0407116,0.0450089,0.0466801,-0.000125253,-0.000167928,-0.00013719,-7.04277e-05,-3.02454e-05
89.26,0.14276888999999998,-52450.6,-0.100066,-0.155504,-0.199803,-0.243313,-0.26818,0.015799,0.0287504,0.0371301,0.0404726,0.041476,0.000210532,0.000435711,0.000641228,0.000784388,0.000851316
89.28,0.12314918999999999,-136440.0,-0.119021,-0.204581,-0.260397,-0.290636,-0.292403,0.0136081,0.0251495,0.0325281,0.0351331,0.0358702,0.000504602,0.00097471,0.00133781,0.00154044,0.00162478
89.3,0.12705017999999998,-207857.0,-0.107525,-0.217969,-0.284359,-0.298671,-0.289842,0.0113426,0.020924,0.0270805,0.02924,0.0300478,0.00075411,0.00143545,0.0019339,0.00218418,0.00228396
89.32000000000001,0.10442963999999999,-267096.0,-0.107723,-0.230269,-0.307632,-0.308846,-0.30505,0.00919015,0.0164416,0.0211606,0.0231649,0.0240988,0.000959438,0.0018091,0.00241631,0.00270823,0.00282542
89.34,0.09371913,-314054.0,-0.116787,-0.235195,-0.316455,-0.3177,-0.322789,0.00694505,0.011787,0.0149197,0.0168994,0.0178205,0.00112079,0.00209139,0.00277711,0.00310887,0.00324462
89.36,0.08391641999999999,-346154.0,-0.160432,-0.265969,-0.338362,-0.357427,-0.366202,0.00417286,0.00677537,0.00837158,0.0101481,0.0109306,0.00123197,0.00227701,0.00301002,0.00337934,0.00353213
89.38,0.10438832999999999,-359996.0,-0.172785,-0.27259,-0.329238,-0.373689,-0.385358,0.000840691,0.00138979,0.00169558,0.00283697,0.00341497,0.0012821,0.00235866,0.0031107,0.0035092,0.00367558
89.4,0.10734683999999999,-356036.0,-0.134341,-0.238035,-0.285013,-0.344396,-0.365772,-0.00223056,-0.00371646,-0.00444694,-0.00434387,-0.00409633,0.00126821,0.0023354,0.00308318,0.00349413,0.00366877
89.42,0.07946514,-338466.0,-0.0924955,-0.191361,-0.242705,-0.298093,-0.331188,-0.00449892,-0.00801041,-0.00972412,-0.0107688,-0.0110659,0.00120091,0.00221813,0.00294147,0.003343,0.00351715
89.44,0.050363876999999994,-309218.0,-0.0921772,-0.167901,-0.23361,-0.274023,-0.306536,-0.00634565,-0.011603,-0.0144873,-0.0164899,-0.0174432,0.00109247,0.00202199,0.00269936,0.00307041,0.00323206
89.46000000000001,0.05243004,-267313.0,-0.0929501,-0.147834,-0.224266,-0.251962,-0.267037,-0.00819692,-0.0147604,-0.019066,-0.0217498,-0.0231789,0.00094704,0.00175836,0.00236383,0.00268802,0.00282583
89.48,0.05998008,-215572.0,-0.0401497,-0.0947945,-0.16499,-0.186697,-0.181894,-0.00952792,-0.0171867,-0.0229586,-0.0261363,-0.0276682,0.000769791,0.00143889,0.00194358,0.00220916,0.00231736
89.5,0.029956023,-161037.0,-0.00287186,-0.0574458,-0.102817,-0.120232,-0.11132,-0.00995814,-0.0187091,-0.0256366,-0.0292056,-0.0306004,0.000574931,0.00107993,0.00145763,0.00165574,0.00173468
89.52,0.009605135999999998,-105386.0,-0.0338829,-0.0624558,-0.0761879,-0.0862229,-0.0896491,-0.0103257,-0.0199081,-0.0274267,-0.0312702,-0.03261,0.000372092,0.000693762,0.000926994,0.00105098,0.00110257
89.54,0.031870358999999994,-44864.7,-0.038322,-0.0329057,-0.0213611,-0.0221026,-0.0368067,-0.0110477,-0.0208617,-0.0284022,-0.0323534,-0.0338746,0.000158358,0.000286064,0.000368706,0.000414741,0.000437727
89.56,0.025395857999999997,17548.7,0.0422043,0.0620445,0.0895926,0.0968671,0.0870862,-0.0110089,-0.0205703,-0.0277199,-0.0316058,-0.0333718,-6.22082e-05,-0.000128255,-0.000192515,-0.000224851,-0.000234737
89.58,-0.043515546,73113.7,0.0889346,0.12399,0.162526,0.176935,0.184678,-0.00969752,-0.01871,-0.0251987,-0.0288678,-0.0306542,-0.000269272,-0.000521058,-0.0007217,-0.000829587,-0.000874997
89.60000000000001,-0.08202125999999998,121347.0,0.044887,0.120147,0.166944,0.190643,0.212327,-0.0083593,-0.0162686,-0.021904,-0.025192,-0.0266841,-0.000449841,-0.000870843,-0.00119273,-0.00137018,-0.00144838
89.62,-0.05763408,168413.0,0.0191767,0.12176,0.175252,0.210545,0.232858,-0.00771867,-0.0138495,-0.018482,-0.0211801,-0.0222323,-0.00061062,-0.00117202,-0.00159659,-0.00183391,-0.00193754
89.64,-0.041168831999999995,213526.0,0.0601804,0.135956,0.19842,0.242824,0.258068,-0.0069251,-0.0112723,-0.0147453,-0.0166464,-0.017323,-0.000757058,-0.00142324,-0.00192886,-0.00221217,-0.0023331
89.66,-0.044021211,250422.0,0.0869448,0.119404,0.191893,0.237939,0.249909,-0.00545385,-0.00871874,-0.0108421,-0.0118388,-0.0122432,-0.000880848,-0.00162315,-0.00218473,-0.00249702,-0.00262876
89.68,-0.023126408999999997,276497.0,0.091974,0.124207,0.194974,0.235661,0.2514,-0.00366466,-0.00628263,-0.00697347,-0.00710279,-0.00723016,-0.000972033,-0.00177317,-0.00236289,-0.00268644,-0.00282349
89.7,-0.019577523,291389.0,0.0965534,0.163005,0.211106,0.243965,0.263504,-0.00177938,-0.00341051,-0.00291267,-0.00230653,-0.00208113,-0.00102647,-0.0018701,-0.00246175,-0.00278053,-0.00291661
89.72,-0.037261416,294820.0,0.0971122,0.187521,0.206046,0.230222,0.246385,0.000157272,9.47482e-05,0.00125884,0.00243534,0.00301776,-0.00104269,-0.00190326,-0.00247829,-0.00277924,-0.00290724
89.74,-0.038520912,289126.0,0.0773405,0.16713,0.175875,0.18731,0.193522,0.0019018,0.00364126,0.00507805,0.00661067,0.00741683,-0.0010221,-0.0018659,-0.00241492,-0.00268878,-0.00280289
89.76,-0.013640561999999998,275445.0,0.0893006,0.161257,0.186797,0.181309,0.176697,0.00356821,0.00692512,0.00870476,0.0102969,0.011119,-0.000967403,-0.00176023,-0.00227709,-0.00251971,-0.00261754
89.78,-0.027519141,249002.0,0.121097,0.170332,0.216359,0.199158,0.187177,0.00567218,0.010241,0.0127363,0.0141015,0.0147578,-0.000874999,-0.00158857,-0.00206268,-0.00227572,-0.00235877
89.8,-0.06498317999999999,206441.0,0.117042,0.163773,0.209179,0.196753,0.183286,0.00805357,0.0135821,0.0169917,0.0180606,0.0184624,-0.000737742,-0.00135034,-0.0017654,-0.0019541,-0.00202657
89.82000000000001,-0.08034590999999999,152135.0,0.0797951,0.150966,0.177024,0.184449,0.178382,0.0100219,0.0167295,0.0208537,0.0218727,0.0220791,-0.000556987,-0.00104723,-0.00138695,-0.00155477,-0.00162115
89.84,-0.08659493999999998,90845.9,0.0581868,0.142569,0.155457,0.182581,0.192811,0.0114018,0.0196648,0.0241785,0.025543,0.025791,-0.00034275,-0.000683283,-0.000936624,-0.00108061,-0.00114245
89.86,-0.10923741,22318.7,0.0527473,0.111011,0.134239,0.168297,0.194548,0.0125111,0.0222006,0.0270755,0.0290517,0.0296646,-0.000103621,-0.000264629,-0.000424083,-0.000534666,-0.000587896
89.88,-0.12662127,-53629.3,0.0460778,0.068211,0.115435,0.146773,0.175167,0.0134994,0.0239928,0.0295722,0.0322024,0.0333617,0.000156484,0.000197305,0.000142394,7.78757e-05,4.23673e-05
89.9,-0.14003987999999998,-134028.0,0.0192748,0.0310622,0.0906898,0.120789,0.135131,0.0141529,0.0249856,0.0316335,0.0348781,0.0364647,0.000433006,0.000687089,0.000754452,0.000748681,0.000740632
89.92,-0.15061013999999998,-215283.0,-0.0150772,0.000183518,0.0476957,0.0799515,0.0792389,0.0141949,0.025298,0.0330174,0.0368855,0.0386084,0.000716483,0.00118992,0.00140096,0.00146632,0.00149136
89.94,-0.15345899999999998,-294780.0,-0.0322951,-0.0268452,-0.00580533,0.0222724,0.0218112,0.0137211,0.0250314,0.0334363,0.0379077,0.0396189,0.000995643,0.00169322,0.0020655,0.00221425,0.00227364
89.96000000000001,-0.15308976,-370680.0,-0.0395318,-0.0551027,-0.0581276,-0.0468686,-0.0354005,0.0130029,0.0242119,0.0327969,0.0376617,0.039483,0.00126288,0.00218565,0.00272783,0.00296994,0.00306466
89.98,-0.15184382999999999,-441714.0,-0.050114,-0.0838453,-0.104499,-0.115276,-0.100718,0.0121064,0.0228224,0.0311707,0.0360403,0.0381218,0.00151398,0.002656,0.0033675,0.00370696,0.0038407
90.0,-0.14931576,-506919.0,-0.0607973,-0.110856,-0.149305,-0.175433,-0.178048,0.0109973,0.0208754,0.0286326,0.0331332,0.0353342,0.00174501,0.00309297,0.00396554,0.0043987,0.00457526
90.02,-0.1429785,-564570.0,-0.079856,-0.149813,-0.208455,-0.24198,-0.268605,0.00959076,0.0182687,0.025055,0.0289591,0.0308676,0.00195089,0.00348442,0.00450241,0.00501962,0.00523728
90.04,-0.11949656999999998,-611248.0,-0.118799,-0.210148,-0.285436,-0.326997,-0.362165,0.00760421,0.0146691,0.0201161,0.0232693,0.0245599,0.00212284,0.00381379,0.00495413,0.0055419,0.00579156
90.06,-0.07328393999999999,-644213.0,-0.134936,-0.247626,-0.332016,-0.385772,-0.410245,0.00506687,0.0100914,0.0139416,0.0161416,0.0168358,0.00224955,0.0040614,0.0052947,0.00593601,0.00620552
90.08,-0.04841888999999999,-664936.0,-0.109866,-0.239142,-0.328919,-0.390701,-0.403213,0.00261884,0.00522371,0.00733226,0.00837687,0.00870126,0.00232641,0.00421455,0.00550744,0.0061812,0.00646089
90.10000000000001,-0.06306048,-675990.0,-0.0963168,-0.221818,-0.317737,-0.374801,-0.389516,0.000557021,0.000614116,0.000865697,0.000721846,0.00077398,0.00235817,0.00427293,0.00558942,0.00627219,0.00655564
90.12,-0.07692075,-676077.0,-0.101855,-0.199719,-0.29863,-0.342598,-0.367636,-0.0014247,-0.00360125,-0.00529797,-0.00645214,-0.00679754,0.00234949,0.00424306,0.0055451,0.00621488,0.0064954
90.14,-0.08944482,-663411.0,-0.095189,-0.166324,-0.255062,-0.290193,-0.316708,-0.00339513,-0.00726167,-0.0108349,-0.01278,-0.013641,0.00230129,0.00413443,0.00538377,0.00602256,0.00629102
90.16,-0.11465819999999999,-639824.0,-0.0799693,-0.143449,-0.204638,-0.239414,-0.254469,-0.00514672,-0.0103594,-0.0154319,-0.0180761,-0.0193527,0.00221588,0.00395822,0.0051211,0.005714,0.00596108
90.18,-0.13461653999999998,-607414.0,-0.0764978,-0.135984,-0.161691,-0.194568,-0.198284,-0.00671139,-0.0131537,-0.0190952,-0.0224159,-0.0238803,0.0020973,0.00372309,0.00477583,0.00530908,0.00552875
90.2,-0.14014901999999999,-565305.0,-0.0902603,-0.133918,-0.132649,-0.150874,-0.153974,-0.00837897,-0.0158527,-0.0220386,-0.0258704,-0.0274029,0.00194639,0.00343302,0.00436449,0.00482621,0.00501592
90.22,-0.13278666,-511749.0,-0.0950237,-0.124979,-0.113698,-0.106974,-0.113239,-0.0102318,-0.0184417,-0.024502,-0.0284488,-0.030075,0.00176028,0.00309008,0.00389909,0.00428302,0.00444114
90.24,-0.12069302999999999,-448119.0,-0.0537978,-0.08569,-0.076169,-0.0483112,-0.0474528,-0.01172,-0.0205484,-0.0264007,-0.0300017,-0.0316819,0.00154077,0.00270018,0.00339006,0.00369852,0.00382357
90.26,-0.13040801999999999,-379107.0,-0.012615,-0.045227,-0.0400252,-0.00558281,0.0127179,-0.0123842,-0.0218576,-0.0275626,-0.0305406,-0.0320293,0.00129972,0.00227612,0.00285043,0.00309309,0.00318646
90.28,-0.13639286999999997,-308653.0,0.00677399,-0.00527134,-0.00356574,0.0243754,0.0537419,-0.0124426,-0.0223626,-0.0279986,-0.0303527,-0.0313647,0.00105146,0.00183391,0.00229481,0.00248416,0.00255252
90.3,-0.13650609,-237699.0,0.00133715,0.0197358,0.0193083,0.0352291,0.0556808,-0.0123615,-0.0222179,-0.0278411,-0.0297567,-0.0302704,0.000803416,0.00138811,0.00173642,0.00188307,0.00193617
90.32000000000001,-0.11700419999999999,-166361.0,0.0164192,0.0498187,0.0526424,0.0549497,0.0527224,-0.0121839,-0.0215224,-0.0271216,-0.0288549,-0.0291864,0.000557963,0.000950706,0.00118679,0.00129695,0.0013416
90.34,-0.10493658,-97090.8,0.0465496,0.0778425,0.0918527,0.0795204,0.0598598,-0.0115542,-0.0202458,-0.0256767,-0.0275102,-0.0280606,0.000320582,0.000533025,0.000658807,0.000733301,0.000769134
90.36,-0.10018133999999998,-34500.8,0.0819032,0.115196,0.140783,0.117335,0.0967086,-0.0102697,-0.0183154,-0.0233503,-0.0255416,-0.0264949,0.000102344,0.000147414,0.000168537,0.000202783,0.000223579
90.38,-0.111996,17787.0,0.0968103,0.149402,0.175466,0.153318,0.14302,-0.00848254,-0.0156694,-0.0201878,-0.0228351,-0.0240976,-8.51786e-05,-0.000192434,-0.000266844,-0.000280984,-0.000282346
90.4,-0.12092048999999999,59469.1,0.0937493,0.172057,0.188944,0.183741,0.184258,-0.00657694,-0.0124548,-0.0165437,-0.0194645,-0.0208248,-0.000235773,-0.000473676,-0.00063416,-0.00070398,-0.00073157
90.42,-0.11976074999999999,92472.5,0.0777236,0.165873,0.180979,0.199265,0.207436,-0.00486221,-0.00907551,-0.0128445,-0.0156345,-0.0169079,-0.000350165,-0.000688979,-0.000928042,-0.00105497,-0.0011089
90.44,-0.10216982999999999,118202.0,0.0620291,0.133634,0.167278,0.202199,0.217303,-0.00346469,-0.00608045,-0.00936193,-0.0116198,-0.0126605,-0.000433434,-0.000840539,-0.00115011,-0.00132751,-0.00140458
90.46000000000001,-0.07713495,136810.0,0.0501272,0.0917881,0.154899,0.195765,0.216782,-0.00234312,-0.00382623,-0.00614015,-0.00764017,-0.00831965,-0.000491512,-0.000939605,-0.00130513,-0.00152011,-0.00161438
90.48,-0.05170023,148142.0,0.0510566,0.0746322,0.154082,0.197308,0.219323,-0.00133128,-0.00216202,-0.00305034,-0.00370944,-0.0039586,-0.000528256,-0.000999488,-0.00139703,-0.00163361,-0.00173716
90.5,-0.043198631999999994,152180.0,0.0570796,0.0878228,0.156958,0.20411,0.222314,-0.000249922,-0.000537472,6.00558e-05,0.00030473,0.000457765,-0.000544068,-0.00102648,-0.00142694,-0.00166766,-0.00177217
90.52,-0.04971337199999999,149213.0,0.0591106,0.112124,0.154515,0.201355,0.216824,0.00091198,0.001462,0.00317478,0.00435937,0.00484915,-0.000537447,-0.00101724,-0.00139459,-0.00162101,-0.0017191
90.54,-0.059551169999999994,141100.0,0.0346525,0.101844,0.122701,0.156086,0.172397,0.00184961,0.00360168,0.00594695,0.00793379,0.00874136,-0.000509832,-0.000966601,-0.00130337,-0.00149808,-0.0015832
90.56,-0.039871238999999996,129604.0,0.0444268,0.102196,0.117889,0.126638,0.140405,0.0026404,0.00564209,0.00835284,0.010761,0.0118694,-0.000464931,-0.000874163,-0.00116037,-0.00131113,-0.00137709
90.58,-0.042268545,113082.0,0.0570769,0.0895925,0.10906,0.0954979,0.0959248,0.00365544,0.00755997,0.0106223,0.0129824,0.0142327,-0.000401973,-0.000742143,-0.00097062,-0.0010737,-0.00111607
90.60000000000001,-0.040062336,88515.1,0.0746652,0.0906197,0.107806,0.0855105,0.067411,0.00497286,0.00936209,0.012791,0.0147925,0.015866,-0.00031569,-0.000572922,-0.000736487,-0.000795952,-0.000815083
90.62,-0.052938,54214.9,0.081898,0.104219,0.107131,0.0882787,0.0626654,0.0065385,0.0113105,0.0149403,0.0165304,0.0171668,-0.000200576,-0.000366196,-0.000459174,-0.000482724,-0.000484755
90.64,-0.07706916,10022.2,0.077562,0.118994,0.105002,0.0927314,0.0788666,0.00813309,0.0135426,0.0170617,0.0183405,0.0185821,-5.38604e-05,-0.000117665,-0.000139154,-0.000134016,-0.000127266
90.66,-0.10569342,-41721.4,0.0424054,0.0947268,0.077078,0.069676,0.0756212,0.00933277,0.0156798,0.0188825,0.0199645,0.020127,0.000120798,0.000174559,0.000220288,0.000249034,0.000259826
90.68,-0.10678839,-96158.9,-0.00218705,0.0382322,0.0373116,0.0357742,0.0505887,0.00973495,0.0170094,0.0200264,0.021019,0.0213891,0.000311475,0.000501451,0.000609376,0.00065887,0.000674987
90.7,-0.09066728999999998,-149396.0,-0.0262139,-0.0204444,0.00601698,0.0148023,0.0222459,0.00945094,0.0171873,0.0204597,0.0215248,0.0221174,0.000503334,0.000843418,0.00101424,0.00108431,0.00111005
90.72,-0.08068964999999999,-199928.0,-0.0482863,-0.0819587,-0.0379397,-0.0163054,-0.0188536,0.00870594,0.0161633,0.0201404,0.0215098,0.0221514,0.000684903,0.00117692,0.00142024,0.00151465,0.00155274
90.74,-0.06186045,-245437.0,-0.0736519,-0.129151,-0.0931042,-0.0620406,-0.0616327,0.00748656,0.0140522,0.01883,0.0207263,0.0213465,0.000846828,0.00147908,0.00180994,0.00193702,0.00198772
90.76,-0.038866182,-283035.0,-0.0790699,-0.135969,-0.131933,-0.100107,-0.0847573,0.00595934,0.011401,0.0165796,0.0191048,0.0198826,0.000981287,0.00173361,0.00216404,0.00233533,0.00240001
90.78,-0.035836935,-311830.0,-0.0796721,-0.133103,-0.167546,-0.146208,-0.120516,0.00437192,0.00871023,0.0135848,0.0166417,0.0178299,0.0010846,0.00193472,0.00246568,0.00269279,0.00277714
90.8,-0.030460718999999997,-330622.0,-0.0995857,-0.15696,-0.217002,-0.217501,-0.200605,0.00257934,0.0058096,0.00973935,0.0130046,0.0146187,0.00115411,0.00207992,0.00269892,0.00298925,0.00310162
90.82000000000001,0.0034874411999999996,-337342.0,-0.0984304,-0.169753,-0.236607,-0.266826,-0.275956,0.00059918,0.00254248,0.00520326,0.00816133,0.00985305,0.0011859,0.00216344,0.00284835,0.00320091,0.00334634
90.84,0.024184046999999997,-333168.0,-0.0794993,-0.169456,-0.234401,-0.294016,-0.330451,-0.00118012,-0.000849611,0.000493186,0.00255291,0.00378899,0.00118009,0.00218037,0.00290531,0.00330806,0.00348276
90.86,0.032754545999999995,-321107.0,-0.0718429,-0.169746,-0.238386,-0.316822,-0.366058,-0.00269354,-0.00424163,-0.00423469,-0.00355547,-0.00317609,0.00114135,0.00212946,0.0028679,0.00329803,0.00348889
90.88,0.047968152,-300552.0,-0.0951908,-0.181226,-0.263249,-0.343768,-0.38725,-0.00436388,-0.00775136,-0.00925104,-0.0101614,-0.0107092,0.00107078,0.00200953,0.00273304,0.00316086,0.00335003
90.9,0.08115069,-269270.0,-0.0905677,-0.16097,-0.255774,-0.32335,-0.350566,-0.00622146,-0.0111733,-0.0144413,-0.0168325,-0.0180873,0.000964924,0.00182028,0.00249612,0.00289092,0.00306207
90.92,0.08372313,-228491.0,-0.0723558,-0.142077,-0.234288,-0.281122,-0.293278,-0.0078507,-0.0142038,-0.0193419,-0.0228772,-0.0245258,0.000824202,0.00156651,0.00215829,0.00249383,0.00263594
90.94,0.08174126999999999,-180442.0,-0.0606712,-0.135455,-0.205017,-0.230412,-0.235107,-0.00918097,-0.0169791,-0.0237349,-0.0279926,-0.0298096,0.000653886,0.00125468,0.00172752,0.00198513,0.00209259
90.96000000000001,0.08540255999999999,-125382.0,-0.0561491,-0.122654,-0.159245,-0.166205,-0.169114,-0.0103492,-0.0195602,-0.0273775,-0.0319588,-0.0338518,0.000458584,0.000889286,0.00121639,0.00138561,0.00145597
90.98,0.0832677,-63439.6,-0.0575974,-0.103427,-0.110516,-0.103195,-0.103899,-0.0114866,-0.021821,-0.0300752,-0.0346528,-0.0365819,0.000240226,0.000475474,0.000641867,0.000719499,0.000751633
91.0,0.08281532999999999,4064.28,-0.0380951,-0.0609992,-0.0477287,-0.0308215,-0.025537,-0.0124436,-0.0234653,-0.0316576,-0.0359929,-0.0378763,9.24452e-07,2.26111e-05,2.45398e-05,1.30425e-05,7.05097e-06
91.02,0.06843893999999999,74845.6,-0.00974961,-0.00685067,0.0202089,0.0420001,0.0544076,-0.012922,-0.0241438,-0.0319328,-0.0358811,-0.0375876,-0.000252731,-0.000453479,-0.000611364,-0.000705698,-0.000747588
91.04,0.04756719,147183.0,0.00344782,0.0358115,0.0727598,0.0961627,0.111447,-0.012985,-0.0238542,-0.0310031,-0.0344995,-0.0359291,-0.000511802,-0.000933458,-0.00124072,-0.0014095,-0.00148275
91.06,0.040299435,220022.0,0.0259271,0.0794512,0.121987,0.145868,0.157934,-0.0126913,-0.0227015,-0.0290556,-0.0320792,-0.0332352,-0.000768565,-0.00139902,-0.00184131,-0.00207529,-0.0021744
91.08,0.032919327,290650.0,0.0604123,0.118437,0.162359,0.186293,0.193076,-0.0118279,-0.0207226,-0.0262122,-0.0287576,-0.0297251,-0.00101376,-0.00183326,-0.00239399,-0.00268366,-0.002804
91.10000000000001,0.028677758999999997,354602.0,0.0929928,0.150164,0.193256,0.215704,0.220664,-0.0102938,-0.0180366,-0.022656,-0.0247376,-0.0255877,-0.00123497,-0.00222085,-0.00288267,-0.00321861,-0.00335713
91.12,0.027323606999999996,408777.0,0.0909535,0.155805,0.196996,0.215921,0.223364,-0.00845437,-0.014977,-0.0187535,-0.0204214,-0.0211475,-0.00142246,-0.00255099,-0.00329677,-0.0036702,-0.00382448
91.14,0.047405621999999994,453347.0,0.0759731,0.151004,0.18932,0.204619,0.214442,-0.0067851,-0.0119089,-0.0148903,-0.016216,-0.0167694,-0.00157485,-0.00281984,-0.00363321,-0.00403657,-0.00420365
91.16,0.07415756999999999,488529.0,0.0936178,0.167446,0.203698,0.217762,0.225995,-0.00508919,-0.00872435,-0.0109602,-0.0119922,-0.012365,-0.00169359,-0.00302618,-0.00389171,-0.00431866,-0.00449499
91.18,0.07392449999999999,511421.0,0.125302,0.192031,0.229503,0.244755,0.249004,-0.0029,-0.00512958,-0.00662814,-0.00736699,-0.00761503,-0.00177348,-0.00316472,-0.00406759,-0.00451225,-0.00469479
91.2,0.05670231,519796.0,0.117948,0.189365,0.230446,0.247259,0.250004,-0.000467501,-0.00131562,-0.00202866,-0.00244685,-0.00262495,-0.00180716,-0.00322917,-0.00415416,-0.00461039,-0.00479719
91.22,0.05868569999999999,515844.0,0.0887729,0.173791,0.217685,0.23555,0.241221,0.00159971,0.00231595,0.00245265,0.00238123,0.00228731,-0.00179584,-0.00321916,-0.00414992,-0.00461104,-0.00480057
91.24,0.06869343,501774.0,0.0928905,0.179107,0.225107,0.244867,0.254846,0.00341634,0.00584493,0.00688057,0.0071854,0.00724798,-0.00174568,-0.00313756,-0.00405659,-0.00451538,-0.00470522
91.26,0.05230662,475887.0,0.110258,0.183566,0.23394,0.257483,0.269389,0.00544782,0.00947166,0.011471,0.0122089,0.0124903,-0.00165704,-0.00298439,-0.00387307,-0.00432143,-0.00450784
91.28,0.027990789,437190.0,0.0938363,0.161004,0.216974,0.24499,0.256384,0.00748876,0.0129174,0.0159802,0.0172336,0.0177481,-0.00152767,-0.0027605,-0.00359856,-0.00402701,-0.00420545
91.3,0.023319494999999996,388303.0,0.0738498,0.145595,0.202433,0.233582,0.244723,0.00916562,0.0159833,0.0201743,0.0220193,0.0227591,-0.00136113,-0.00247149,-0.00323702,-0.00363448,-0.00380038
91.32000000000001,0.010088819999999998,332082.0,0.05219,0.119824,0.170309,0.202259,0.214805,0.010426,0.0186375,0.0239017,0.0263778,0.0273544,-0.00116521,-0.00212528,-0.00279626,-0.00315051,-0.00329924
91.34,0.008136183,270314.0,0.0394178,0.0867744,0.128364,0.158359,0.172452,0.0113421,0.0207035,0.0268884,0.0299839,0.031227,-0.000947529,-0.00173187,-0.00228836,-0.00258689,-0.00271343
91.36,0.010814294999999998,203751.0,0.0379735,0.0629342,0.0969137,0.121525,0.134802,0.012116,0.0222006,0.0291412,0.0327828,0.0342995,-0.000712947,-0.00130283,-0.00172806,-0.00195922,-0.00205816
91.38,0.00011341788,131833.0,0.0367636,0.0494944,0.0736105,0.0895901,0.0985862,0.0128634,0.0233249,0.0308464,0.034894,0.0366334,-0.000463154,-0.000847576,-0.00112818,-0.00128245,-0.00134883
91.4,-0.019927280999999998,55052.2,0.0235575,0.0338014,0.0413849,0.0472661,0.0496317,0.0134666,0.0241579,0.0319964,0.0362625,0.0381156,-0.000199854,-0.000372748,-0.000499756,-0.00057089,-0.000601343
91.42,-0.032073032999999994,-23713.1,0.00523332,0.0148776,0.00343932,-0.000719496,-0.0046974,0.0137545,0.0246447,0.0324446,0.036728,0.038565,7.23571e-05,0.000115277,0.000144654,0.000159015,0.000165462
91.44,-0.039282137999999994,-101574.0,-0.0168993,-0.0164336,-0.0396282,-0.0539191,-0.0617507,0.0136378,0.0246291,0.0320827,0.0361816,0.0379005,0.000346281,0.000608015,0.000789928,0.000888111,0.000930117
91.46000000000001,-0.040131746999999995,-177812.0,-0.0229845,-0.0436647,-0.0681631,-0.0921334,-0.101661,0.013239,0.0240281,0.0310048,0.0347211,0.0362664,0.000615049,0.00109459,0.0014208,0.00159714,0.00167178
91.48,-0.05212097999999999,-252616.0,-0.0301736,-0.0718783,-0.095003,-0.124427,-0.135732,0.0127074,0.0228727,0.0293732,0.0325555,0.0338924,0.000874513,0.00156359,0.00202458,0.0022699,0.00237337
91.5,-0.06305028,-324413.0,-0.0454995,-0.0944891,-0.122773,-0.149523,-0.163018,0.0119507,0.021209,0.0271954,0.029816,0.0309049,0.00112109,0.00200441,0.00259027,0.00289362,0.00302135
91.52,-0.07294988999999999,-389167.0,-0.0887159,-0.138039,-0.177441,-0.195387,-0.2081,0.0106085,0.0188837,0.0241933,0.0263669,0.0271937,0.00134669,0.00240534,0.00310416,0.00345545,0.00360233
91.54,-0.05592506999999999,-442739.0,-0.11183,-0.174083,-0.22152,-0.23225,-0.238617,0.00860308,0.0157625,0.0202036,0.0220905,0.0227266,0.0015388,0.0027518,0.00354812,0.00394002,0.00410154
91.56,-0.044906571,-483417.0,-0.125222,-0.215207,-0.262322,-0.272915,-0.271393,0.00623255,0.0118696,0.0153652,0.0170388,0.0176265,0.00168716,0.00302812,0.00390381,0.00433131,0.00450507
91.58,-0.027249248999999996,-510787.0,-0.128282,-0.24083,-0.28537,-0.30063,-0.297939,0.0036975,0.00730923,0.0098883,0.0113034,0.0119332,0.00178646,0.00321991,0.00415635,0.00461473,0.00480066
91.60000000000001,-0.016454793,-524722.0,-0.119355,-0.234249,-0.284248,-0.303628,-0.309131,0.00122113,0.00255844,0.00419212,0.0052608,0.00586245,0.00183565,0.00331859,0.00429715,0.00478038,0.00497862
91.62,-0.022290162000000002,-526472.0,-0.0946697,-0.195157,-0.259721,-0.282589,-0.29817,-0.00091911,-0.00173562,-0.00124757,-0.000601366,-0.000210562,0.00183867,0.00332681,0.0043266,0.00482697,0.00503514
91.64,-0.046212018,-517231.0,-0.0917706,-0.170832,-0.248166,-0.278797,-0.297336,-0.00278351,-0.00539551,-0.00632645,-0.00621523,-0.00616562,0.00180164,0.0032555,0.00425086,0.0047588,0.00497138
91.66,-0.04942598699999999,-496616.0,-0.0892347,-0.149252,-0.225861,-0.269438,-0.284734,-0.00459357,-0.00859636,-0.0110667,-0.0116976,-0.0119863,0.00172787,0.00311559,0.00407693,0.00457968,0.00478986
91.68,-0.05215719,-464496.0,-0.0925551,-0.145804,-0.207229,-0.26094,-0.276017,-0.00641146,-0.0115469,-0.0153976,-0.0170014,-0.0175938,0.00161782,0.00291415,0.00381228,0.00429269,0.00449406
91.7,-0.041164139999999995,-422087.0,-0.0786637,-0.137981,-0.179445,-0.230543,-0.252269,-0.00812365,-0.0143848,-0.0192644,-0.0219162,-0.0228767,0.00147247,0.00265484,0.00346566,0.00390351,0.00408935
91.72,-0.035587034999999996,-370794.0,-0.0717309,-0.136599,-0.164423,-0.198865,-0.225148,-0.0096276,-0.0171306,-0.022703,-0.0262103,-0.0276509,0.00129496,0.00233968,0.00304599,0.00342225,0.00358407
91.74,-0.019537232999999998,-311458.0,-0.0608662,-0.119786,-0.144324,-0.156617,-0.17378,-0.0109536,-0.0196944,-0.0257905,-0.0297651,-0.0316401,0.00108914,0.00197143,0.00256105,0.00286249,0.00299116
91.76,-0.011428947,-246160.0,-0.0309517,-0.0744642,-0.101054,-0.0955382,-0.0915041,-0.0118717,-0.0216369,-0.0282443,-0.0322867,-0.034293,0.00086089,0.00155812,0.00202071,0.00224197,0.00233183
91.78,-0.024826289999999997,-178138.0,-0.0108721,-0.0335271,-0.0578706,-0.0428032,-0.0212494,-0.01229,-0.0227168,-0.0298335,-0.0336701,-0.0354205,0.000619273,0.00111458,0.00143993,0.00158241,0.0016347
91.8,-0.030945524999999998,-108450.0,-0.00803514,-0.00625773,-0.0171887,0.000174204,0.021828,-0.0124791,-0.0231147,-0.0305841,-0.0340964,-0.0354147,0.000371583,0.000656265,0.000835751,0.000904742,0.000926345
91.82000000000001,-0.025167173999999997,-37273.7,0.00931542,0.0309622,0.0434069,0.0575938,0.0645054,-0.0124663,-0.0228677,-0.0303219,-0.0335187,-0.0345514,0.000122129,0.000196441,0.000226691,0.000228591,0.000226684
91.84,-0.033137607,32398.8,0.0412859,0.0732514,0.110142,0.117971,0.110491,-0.0119602,-0.0218255,-0.0287864,-0.031763,-0.0328014,-0.000122136,-0.00025049,-0.000364393,-0.000424226,-0.000446845
91.86,-0.048508292999999994,97538.8,0.0466041,0.0895639,0.141143,0.144242,0.134614,-0.0110813,-0.0201974,-0.0262736,-0.0291409,-0.0303504,-0.000352552,-0.000670719,-0.000914993,-0.00103327,-0.00107836
91.88,-0.037105764,158532.0,0.0417705,0.101939,0.153407,0.158959,0.158374,-0.0101976,-0.0182823,-0.0233281,-0.0261089,-0.0274205,-0.000565341,-0.00105552,-0.00141101,-0.00158576,-0.00165607
91.9,-0.019822832999999998,215879.0,0.0470551,0.115381,0.156882,0.172937,0.183444,-0.00930934,-0.0161091,-0.0202252,-0.0227899,-0.0240023,-0.00076041,-0.00139943,-0.00184654,-0.00207475,-0.0021703
91.92,-0.004729877699999999,267454.0,0.0686719,0.126036,0.158349,0.186986,0.203765,-0.00815207,-0.013695,-0.0170729,-0.0191907,-0.0201303,-0.000935025,-0.00169747,-0.00221952,-0.00249456,-0.00261163
91.94,0.007283565,311076.0,0.0758563,0.118376,0.148499,0.183848,0.201447,-0.00670679,-0.0112509,-0.0140044,-0.0154824,-0.0160781,-0.00108361,-0.00194693,-0.0025303,-0.00284129,-0.00297371
91.96000000000001,0.030780846,346898.0,0.0627691,0.101668,0.133641,0.166578,0.181746,-0.00532054,-0.00905042,-0.011183,-0.0119781,-0.0122462,-0.00120389,-0.00214994,-0.00278217,-0.0031159,-0.00325695
91.98,0.06059973,374757.0,0.0759897,0.117624,0.149593,0.173671,0.184554,-0.00393295,-0.0068575,-0.00835066,-0.00857563,-0.00858321,-0.00129642,-0.00230902,-0.00297751,-0.00332143,-0.00346525
92.0,0.058437329999999996,392521.0,0.0853654,0.131919,0.161225,0.174475,0.17991,-0.0023194,-0.00436208,-0.00524248,-0.00509418,-0.00493856,-0.00135894,-0.00242122,-0.00311344,-0.00345813,-0.00360047
92.02,0.056915999999999994,400510.0,0.0662967,0.124965,0.152459,0.155934,0.156049,-0.000802778,-0.00179324,-0.00210563,-0.00179008,-0.00157898,-0.00139017,-0.00248277,-0.00318692,-0.00352697,-0.00366564
92.04,0.07156218,401903.0,0.0511664,0.120173,0.148507,0.145522,0.142038,0.000371853,0.000658143,0.000904031,0.00122448,0.00140188,-0.00139448,-0.00249412,-0.00319893,-0.00353263,-0.00366741
92.06,0.07681212,397473.0,0.0596461,0.119559,0.149559,0.146049,0.141685,0.00147998,0.00305547,0.00388469,0.00414019,0.00423911,-0.00137596,-0.00245699,-0.00315105,-0.00347898,-0.003611
92.08,0.0708441,385438.0,0.0709478,0.109683,0.139259,0.142246,0.140227,0.00278592,0.0053479,0.00677287,0.00702313,0.00705823,-0.0013333,-0.00237295,-0.00304447,-0.00336735,-0.00349803
92.10000000000001,0.06861845999999999,365385.0,0.0630394,0.0924538,0.117813,0.131389,0.135004,0.00412579,0.00736927,0.00934359,0.00975947,0.00981054,-0.00126418,-0.00224578,-0.00288331,-0.00319952,-0.00332934
92.12,0.07110266999999999,339319.0,0.0309545,0.063309,0.0818166,0.1043,0.115193,0.00506573,0.0089269,0.0113399,0.0121164,0.0123125,-0.00117227,-0.00208282,-0.00267647,-0.00298077,-0.00310811
92.14,0.08556728999999999,310075.0,0.00795594,0.0346376,0.0482407,0.0734573,0.0892733,0.00545483,0.00990636,0.0126405,0.0138939,0.0143572,-0.00106706,-0.00189449,-0.00243667,-0.00272066,-0.00284141
92.16,0.0990981,279622.0,-0.000130256,0.00712315,0.0215383,0.0427521,0.0572577,0.00553309,0.010324,0.0133382,0.015056,0.0158225,-0.000957182,-0.00169218,-0.00217688,-0.00243116,-0.00253962
92.18,0.10883757,248396.0,0.00311547,-0.00632289,0.0111516,0.0241468,0.0312343,0.00556294,0.010332,0.0136651,0.015725,0.0167074,-0.000846221,-0.00148562,-0.00190685,-0.00212335,-0.00221432
92.2,0.10386762,216151.0,-0.00125819,-0.0130276,0.000598209,0.00432662,0.00261669,0.00558151,0.0101385,0.0137826,0.0160097,0.0170459,-0.000734777,-0.00128092,-0.00163237,-0.00180601,-0.00187678
92.22,0.09777056999999999,183211.0,0.0015858,-0.00281458,-0.00390054,-0.00850403,-0.0151327,0.00558479,0.00998005,0.0137496,0.015968,0.0169208,-0.000623114,-0.00107973,-0.00135705,-0.00148623,-0.00153712
92.24,0.08266181999999998,149994.0,0.00844567,0.0117875,-0.00706013,-0.0187684,-0.0253096,0.00568511,0.0100698,0.01364,0.0156952,0.0165163,-0.000510415,-0.000879236,-0.00108315,-0.0011696,-0.00120275
92.26,0.064617,115516.0,0.0256993,0.0329438,0.00538742,-0.012512,-0.0174577,0.00602655,0.0105171,0.0136233,0.0153824,0.0160887,-0.000393298,-0.000673367,-0.000810518,-0.000858819,-0.000876696
92.28,0.032752812,77368.2,0.040726,0.0499497,0.026879,0.00476351,-0.00121156,0.00669081,0.011346,0.013946,0.015305,0.015902,-0.000266124,-0.000454736,-0.000534825,-0.000551945,-0.00055679
92.3,-0.004439840699999999,34084.7,0.0416146,0.0558739,0.0447818,0.0232479,0.0134348,0.00751421,0.0124043,0.0146626,0.0155851,0.0160242,-0.000124074,-0.000217233,-0.00024874,-0.000243045,-0.000237528
92.32000000000001,-0.036189599999999995,-12711.8,0.0165155,0.0383098,0.0398267,0.0256653,0.0137626,0.00809551,0.0133461,0.0155086,0.0160742,0.0162962,3.2023e-05,4.02701e-05,5.29721e-05,7.35482e-05,8.56762e-05
92.34,-0.047244615,-60317.8,0.00190442,0.023934,0.0369555,0.0354245,0.0282241,0.00827971,0.0139685,0.0162765,0.0166851,0.0167161,0.000195775,0.000313416,0.000370823,0.000401141,0.000415799
92.36,-0.06503112,-108532.0,0.00452491,0.0152447,0.0388975,0.0512174,0.05534,0.00834401,0.0143603,0.017035,0.0175515,0.0175517,0.000362013,0.000596705,0.000703938,0.000743508,0.000758476
92.38,-0.09165719999999998,-157971.0,-0.00315647,-0.00302184,0.0272622,0.0515333,0.0671879,0.00835769,0.0144825,0.0176966,0.018579,0.018777,0.000529029,0.000885134,0.00105125,0.00110481,0.00112176
92.4,-0.10665273,-206630.0,-0.020584,-0.02044,0.00803939,0.040905,0.0613641,0.00812029,0.0142479,0.0180496,0.0195034,0.0200625,0.000693809,0.00117244,0.00140872,0.00148564,0.00151016
92.42,-0.11468829,-251083.0,-0.0459082,-0.0463615,-0.0272475,0.00842215,0.0260125,0.00745536,0.0135799,0.0178575,0.0199967,0.0209363,0.000849566,0.00145072,0.00176779,0.00188064,0.00192014
92.44,-0.10629573,-290038.0,-0.0390819,-0.054342,-0.0459757,-0.0172204,-0.00562087,0.00660546,0.0125729,0.0171253,0.0199087,0.0211402,0.000990174,0.00171224,0.00211762,0.00227969,0.00234091
92.46000000000001,-0.11224896,-325168.0,-0.0282652,-0.0625836,-0.0632645,-0.0520466,-0.0462311,0.00593199,0.0114036,0.0160329,0.019216,0.0206217,0.00111555,0.00195201,0.0024492,0.00267094,0.00275853
92.48,-0.11567921999999999,-357505.0,-0.0333921,-0.0716187,-0.0839796,-0.0950598,-0.0963617,0.00531542,0.0100616,0.0145605,0.017745,0.0191957,0.00122802,0.00216666,0.00275513,0.00304055,0.0031567
92.5,-0.11214644999999998,-385025.0,-0.0574664,-0.0881163,-0.11875,-0.148044,-0.159688,0.00440683,0.00846425,0.0125332,0.0153139,0.0166352,0.00132525,0.00235192,0.00302607,0.00337114,0.00351501
92.52,-0.09326982,-405494.0,-0.0578208,-0.0912776,-0.141486,-0.180917,-0.202662,0.00325396,0.00667031,0.0099308,0.0120243,0.0130117,0.00140185,0.00250327,0.00325071,0.00364452,0.00381148
92.54,-0.08596458,-420173.0,-0.0342004,-0.0851048,-0.146251,-0.19028,-0.21551,0.00233375,0.00490649,0.00705343,0.00831234,0.00883002,0.00145773,0.00261903,0.00342055,0.00384789,0.0040299
92.56,-0.0938808,-431901.0,-0.0275075,-0.0897043,-0.150847,-0.196488,-0.217313,0.00171667,0.0031584,0.00408245,0.00444467,0.00450179,0.00149823,0.00269968,0.00353191,0.00397546,0.00416322
92.58,-0.09623342999999998,-439457.0,-0.0676206,-0.123989,-0.180745,-0.222861,-0.237202,0.00076539,0.00102146,0.000766529,0.000251185,-4.33539e-05,0.00152306,0.00274148,0.0035804,0.00402242,0.0042078
92.60000000000001,-0.06707112,-438428.0,-0.0885404,-0.140042,-0.191983,-0.22295,-0.234035,-0.00079622,-0.00161885,-0.00296076,-0.00420692,-0.00475573,0.00152275,0.00273551,0.00355846,0.00398286,0.00415981
92.62,-0.05195217,-428394.0,-0.0640948,-0.126085,-0.169013,-0.184863,-0.1942,-0.00232257,-0.00428012,-0.00657073,-0.00828505,-0.00903808,0.00149156,0.00267652,0.00346314,0.00385794,0.00402187
92.64,-0.06689313,-412608.0,-0.0514685,-0.120806,-0.14867,-0.152938,-0.157291,-0.00347821,-0.00674904,-0.00974756,-0.011663,-0.012553,0.00143355,0.00256623,0.00329996,0.00365846,0.00380596
92.66,-0.07348998,-391594.0,-0.0558757,-0.108119,-0.122131,-0.121221,-0.118024,-0.00455165,-0.00903829,-0.0124556,-0.0144046,-0.0153061,0.00135325,0.00240835,0.00307793,0.00339778,0.00352737
92.68,-0.08029082999999998,-363729.0,-0.0541449,-0.0776038,-0.0861088,-0.0827066,-0.0754778,-0.00565185,-0.0108955,-0.014538,-0.0164439,-0.0172412,0.00125122,0.00220902,0.00280799,0.0030893,0.0032019
92.7,-0.09329225999999999,-329390.0,-0.0344852,-0.0420499,-0.0490727,-0.0429597,-0.0381793,-0.00653815,-0.0120921,-0.0158898,-0.0177006,-0.0183777,0.00112932,0.00197914,0.00250371,0.00274785,0.00284571
92.72,-0.10648392,-289909.0,-0.0340201,-0.0395132,-0.0396551,-0.0332178,-0.0330669,-0.00722321,-0.0129077,-0.0167771,-0.0184623,-0.0190902,0.000991704,0.00172914,0.00217705,0.00238622,0.00247103
92.74,-0.09073205999999999,-245663.0,-0.0309266,-0.03725,-0.0258843,-0.0239047,-0.0253316,-0.00787267,-0.0136753,-0.0174324,-0.0190336,-0.0196742,0.000840745,0.00146331,0.00183495,0.00201126,0.00208338
92.76,-0.07741493999999999,-198636.0,-0.00259023,-0.00985385,0.00627946,0.0033062,0.00279188,-0.00820784,-0.0141464,-0.0176285,-0.0192395,-0.0198996,0.00067994,0.0011851,0.00148434,0.00162853,0.00168765
92.78,-0.08362827,-152141.0,0.0166149,0.0127439,0.0204147,0.0183771,0.0178512,-0.00806759,-0.0141175,-0.0173616,-0.0190227,-0.0196932,0.000517186,0.000902458,0.00113444,0.00124591,0.00129172
92.8,-0.07692942,-106562.0,0.00982337,0.0188821,0.0124912,0.0160323,0.0150276,-0.00780321,-0.0138012,-0.0170325,-0.0186786,-0.0193644,0.000358478,0.000623271,0.0007905,0.000868896,0.000901144
92.82000000000001,-0.05235914999999999,-60909.1,0.0100146,0.0297593,0.0170909,0.0225674,0.0236542,-0.00760483,-0.0133148,-0.0167367,-0.0182926,-0.0189775,0.000204397,0.000352112,0.000452809,0.000499184,0.000517725
92.84,-0.03865698,-17579.1,0.0386713,0.0544064,0.0484996,0.0483777,0.0526455,-0.00711797,-0.0124731,-0.0160808,-0.0175832,-0.0182145,5.7169e-05,9.42326e-05,0.000124634,0.000140426,0.000145804
92.86,-0.046131438,19480.8,0.0618267,0.0742955,0.0816667,0.0748807,0.0775974,-0.00611299,-0.0111861,-0.0147791,-0.0163506,-0.0169121,-7.51406e-05,-0.00014236,-0.000183965,-0.000198912,-0.000205463
92.88,-0.052604969999999994,49900.4,0.0504134,0.0796744,0.0970901,0.0910966,0.0867033,-0.00499059,-0.0096464,-0.0129915,-0.0146908,-0.0152691,-0.000186177,-0.000350685,-0.000461671,-0.000509326,-0.000527275
92.9,-0.045194006999999994,75982.0,0.0344464,0.0854481,0.107225,0.109398,0.100653,-0.00414199,-0.00799518,-0.0109484,-0.0126859,-0.0133956,-0.000277502,-0.000527101,-0.00070107,-0.000783093,-0.000813922
92.92,-0.03986822999999999,97613.5,0.0519759,0.104543,0.130671,0.141413,0.138903,-0.00327777,-0.00609527,-0.00856944,-0.0101778,-0.011,-0.0003517,-0.000668005,-0.000896249,-0.00101173,-0.00105788
92.94,-0.053579579999999995,112076.0,0.0723108,0.115537,0.150141,0.166352,0.17683,-0.0020349,-0.00389446,-0.00576133,-0.00710012,-0.00784265,-0.000404827,-0.000767902,-0.00103956,-0.00118451,-0.0012463
92.96000000000001,-0.06629948999999999,119564.0,0.0428545,0.088464,0.131396,0.153372,0.171769,-0.000883252,-0.00185445,-0.00294596,-0.00390288,-0.00435666,-0.000434008,-0.000825391,-0.00112663,-0.00129454,-0.0013683
92.98,-0.043752033,123613.0,0.0221787,0.0725617,0.117151,0.147705,0.163705,-0.00023292,-0.000244195,-0.000460486,-0.000892106,-0.00100192,-0.00044517,-0.000846378,-0.00116069,-0.00134249,-0.00142188
93.0,-0.030479486999999996,124624.0,0.0409799,0.0781755,0.118371,0.155417,0.165776,0.000398667,0.00126318,0.00189473,0.00213912,0.00229289,-0.000443513,-0.000836188,-0.00114635,-0.00133002,-0.00140897
93.02,-0.037569812999999994,119181.0,0.0673625,0.0881893,0.123055,0.157171,0.167295,0.00148209,0.00292682,0.004309,0.005265,0.0056236,-0.000424705,-0.000794288,-0.00108431,-0.00125598,-0.00132981
93.04,-0.05051789699999999,105799.0,0.0593265,0.0878996,0.116942,0.138629,0.15208,0.00274898,0.00468771,0.00670898,0.008223,0.00881735,-0.000382394,-0.000718143,-0.000974134,-0.0011211,-0.0011854
93.06,-0.05308946999999999,86173.2,0.0453643,0.0955549,0.115487,0.123053,0.134242,0.00379589,0.00652226,0.00903327,0.0108398,0.0116806,-0.000316946,-0.000606043,-0.000816712,-0.000930469,-0.000980419
93.08,-0.061578419999999995,62249.8,0.0328568,0.0868861,0.097636,0.0958686,0.0962783,0.0045781,0.00834667,0.0111645,0.013029,0.0139858,-0.000233206,-0.000457354,-0.000614734,-0.00069178,-0.000723756
93.10000000000001,-0.05660439,35128.1,0.031209,0.0661204,0.075051,0.0680921,0.0574636,0.00521876,0.00987673,0.0128914,0.0146687,0.0155232,-0.000135237,-0.00027512,-0.000374175,-0.000414803,-0.000428666
93.12,-0.04993848599999999,5200.86,0.0184386,0.0301469,0.0434937,0.0328688,0.0203127,0.00571524,0.0108394,0.0140768,0.0156783,0.0163009,-2.58972e-05,-6.79584e-05,-0.000104494,-0.000111334,-0.000110425
93.14,-0.037020288,-27103.7,0.00196123,-0.00258349,0.0096,-0.00101434,-0.0068018,0.00591923,0.011115,0.0146077,0.0159968,0.0164361,9.04475e-05,0.000151586,0.000182352,0.000205417,0.000216945
93.16,-0.025631375999999997,-59662.7,-0.0248892,-0.040907,-0.0428944,-0.0462769,-0.0444266,0.00568995,0.0106801,0.0142748,0.0155239,0.0159238,0.000206539,0.000369538,0.000471178,0.000520624,0.000540543
93.18,-0.00014723088,-88999.2,-0.0419028,-0.0691172,-0.0904066,-0.0831359,-0.0776576,0.00502203,0.00957989,0.0129418,0.0142298,0.0147029,0.000313659,0.000572138,0.000743344,0.000818161,0.00084681
93.2,0.019643874,-113405.0,-0.0480781,-0.0892674,-0.121274,-0.11046,-0.104184,0.00412222,0.00799605,0.010825,0.0122938,0.0128845,0.000405102,0.000747898,0.000981011,0.0010834,0.00112268
93.22,0.029513088,-133379.0,-0.0500987,-0.105094,-0.136252,-0.134692,-0.129591,0.00314046,0.00605243,0.00824973,0.0098423,0.0105468,0.000477729,0.000888382,0.00117176,0.00130476,0.001357
93.24,0.034945097999999994,-148235.0,-0.0633616,-0.122809,-0.150947,-0.165266,-0.166065,0.00200585,0.0037734,0.00537774,0.00684273,0.00759019,0.000529192,0.000986641,0.00130803,0.00147161,0.00153837
93.26,0.049071026999999996,-155481.0,-0.0732723,-0.126713,-0.158139,-0.184496,-0.19628,0.000639514,0.00127818,0.00228687,0.00334511,0.00396675,0.000555645,0.00103716,0.00138468,0.00157349,0.00165394
93.28,0.05835267,-154297.0,-0.0664714,-0.114782,-0.154026,-0.185383,-0.206409,-0.000757923,-0.00113677,-0.000834776,-0.000353677,-6.01379e-05,0.000554461,0.00103857,0.0013992,0.0016034,0.001693
93.3,0.055889369999999994,-146242.0,-0.056113,-0.105382,-0.150058,-0.183406,-0.204373,-0.00198377,-0.00333841,-0.00387562,-0.00404157,-0.00416796,0.000527044,0.000993819,0.0013521,0.00155945,0.00165072
93.32000000000001,0.05529318,-131739.0,-0.0612255,-0.110329,-0.155583,-0.189769,-0.202953,-0.00315715,-0.00549553,-0.00693202,-0.00777332,-0.00824121,0.000475635,0.000905479,0.00124402,0.0014413,0.00152663
93.34,0.06888314999999999,-109265.0,-0.0688045,-0.115526,-0.159038,-0.189248,-0.196009,-0.00445745,-0.00775407,-0.0100782,-0.0115635,-0.0122308,0.000399489,0.000772983,0.00107392,0.00124793,0.00132191
93.36,0.08504555999999999,-78579.0,-0.0615167,-0.111953,-0.15248,-0.172066,-0.178539,-0.00576067,-0.0100289,-0.0131934,-0.0151766,-0.0159763,0.000297308,0.000595154,0.000841201,0.00098053,0.00103984
93.38,0.09448821,-41868.1,-0.0429725,-0.100045,-0.1344,-0.142251,-0.149682,-0.00680556,-0.0121488,-0.0160622,-0.0183198,-0.0192585,0.000171646,0.000373377,0.000548645,0.000645566,0.000687489
93.4,0.09635991,-1412.49,-0.0297103,-0.0801768,-0.105217,-0.107424,-0.111006,-0.00753239,-0.0139511,-0.0184584,-0.0208165,-0.0218654,2.82663e-05,0.000112378,0.000203439,0.000254202,0.00027625
93.42,0.09289853999999999,42041.7,-0.0253481,-0.0519007,-0.0678819,-0.0706718,-0.0678818,-0.00808297,-0.0152718,-0.0201894,-0.0225975,-0.0236543,-0.000127887,-0.000179851,-0.000183038,-0.000179938,-0.000178948
93.44,0.08668163999999999,88901.8,-0.0265339,-0.027861,-0.0362323,-0.0399274,-0.0355264,-0.00860179,-0.0160695,-0.0212305,-0.0237035,-0.0246884,-0.000294735,-0.000493264,-0.000597237,-0.000642948,-0.000662374
93.46000000000001,0.08862831,138955.0,-0.00780122,0.00300501,0.00423716,0.00273582,0.00245132,-0.00894514,-0.016318,-0.0215505,-0.0240754,-0.0250191,-0.000470204,-0.000817139,-0.00102505,-0.00112074,-0.00115945
93.48,0.08151891,190568.0,0.0014705,0.0141189,0.0285758,0.0303011,0.0256266,-0.00900845,-0.0161468,-0.0212223,-0.023745,-0.0247383,-0.00064974,-0.00114179,-0.00145277,-0.00159894,-0.00165702
93.5,0.08922245999999999,242075.0,0.0128734,0.0271158,0.0527598,0.0569651,0.0541369,-0.00886501,-0.0157344,-0.020409,-0.0228724,-0.0239407,-0.000828475,-0.0014606,-0.00186909,-0.00206512,-0.00214381
93.52,0.09447648,291740.0,0.0317654,0.0515412,0.0789391,0.0872408,0.0908776,-0.00841862,-0.0149479,-0.019092,-0.0214303,-0.0224906,-0.00100131,-0.00176742,-0.0022641,-0.00250814,-0.00260813
93.54,0.09263232,337327.0,0.0513306,0.0806454,0.101179,0.116917,0.1261,-0.00758766,-0.013626,-0.0172908,-0.0193887,-0.0203208,-0.00116137,-0.00205316,-0.00262792,-0.00291633,-0.00303624
93.56,0.08886087,377565.0,0.0526886,0.0941025,0.108678,0.131002,0.142362,-0.00654747,-0.0118785,-0.0151922,-0.0169096,-0.0176362,-0.00130272,-0.00230821,-0.00295275,-0.00327932,-0.00341581
93.58,0.09733298999999998,412057.0,0.0592447,0.109431,0.127305,0.149194,0.160326,-0.00542813,-0.00984319,-0.0128324,-0.0141076,-0.0146093,-0.00142248,-0.00252542,-0.003233,-0.00358949,-0.00373827
93.60000000000001,0.09655983,439776.0,0.0646652,0.115988,0.145458,0.16019,0.168906,-0.00418903,-0.007589,-0.0101048,-0.0110138,-0.011317,-0.00151865,-0.00269974,-0.00346237,-0.0038407,-0.00399753
93.62,0.09807453,459495.0,0.0746056,0.125267,0.166325,0.174576,0.178187,-0.00279633,-0.00517645,-0.00698693,-0.00766609,-0.00784604,-0.00158851,-0.0028274,-0.00363329,-0.0040275,-0.00418916
93.64,0.09333306,470821.0,0.0725536,0.128335,0.173631,0.182089,0.180652,-0.00132473,-0.00264043,-0.00358737,-0.00409943,-0.00425765,-0.00162972,-0.00290557,-0.00373903,-0.00414516,-0.0043102
93.66,0.09303470999999999,473723.0,0.0760912,0.139612,0.181378,0.195248,0.194272,0.000161713,3.90363e-05,-3.7283e-05,-0.00032606,-0.000508414,-0.00164135,-0.00293158,-0.00377528,-0.00418941,-0.00435786
93.68,0.08233644,468244.0,0.069125,0.134769,0.170709,0.189824,0.196241,0.00161388,0.00278285,0.00348359,0.00352466,0.00339671,-0.00162359,-0.00290336,-0.00374082,-0.00415742,-0.00432897
93.7,0.0835839,454895.0,0.0695542,0.129849,0.163129,0.18496,0.199595,0.00300067,0.00542904,0.00682197,0.0072725,0.00735507,-0.00157745,-0.00282124,-0.00363776,-0.00404945,-0.00422146
93.72,0.07883019,434141.0,0.062333,0.113208,0.14768,0.171077,0.187255,0.00431954,0.00785961,0.00993006,0.0108329,0.0112236,-0.00150424,-0.00268836,-0.00347024,-0.0038684,-0.00403567
93.74,0.07996442999999999,406100.0,0.0587261,0.0995235,0.13547,0.159862,0.170611,0.00553013,0.00998692,0.0127616,0.0141423,0.0148022,-0.00140575,-0.00250989,-0.00324332,-0.00361865,-0.00377541
93.76,0.07509852,371120.0,0.0499901,0.0835717,0.117624,0.140346,0.145362,0.00661729,0.0118179,0.0152925,0.0171443,0.017962,-0.00128427,-0.00229184,-0.00296278,-0.00330578,-0.00344777
93.78,0.07248833999999998,330282.0,0.0395409,0.0708092,0.0988928,0.115791,0.119853,0.0075126,0.0133617,0.0174577,0.0197057,0.0206141,-0.00114297,-0.00204005,-0.00263528,-0.00293728,-0.00306201
93.8,0.06753471,285459.0,0.0195397,0.0492851,0.0691826,0.0780984,0.0838726,0.00810341,0.0145626,0.0191384,0.0216446,0.0226514,-0.000986814,-0.00176081,-0.00226932,-0.00252378,-0.00262935
93.82000000000001,0.0708492,238499.0,0.0100789,0.0316848,0.0433726,0.0457138,0.0505009,0.00839959,0.0153723,0.020264,0.0228827,0.0239951,-0.000821784,-0.00146146,-0.0018753,-0.0020785,-0.00216289
93.84,0.06817935,190585.0,-0.000324592,0.00550622,0.00966868,0.00820031,0.00801697,0.00849714,0.0157442,0.0207944,0.0234219,0.0245803,-0.000652816,-0.00115029,-0.00146471,-0.00161546,-0.00167713
93.86,0.0721395,142767.0,-0.00930803,-0.0203375,-0.0240944,-0.0280538,-0.0331433,0.00840081,0.0155959,0.0206501,0.0232233,0.024329,-0.000483837,-0.000836889,-0.00105027,-0.00114901,-0.00118804
93.88,0.07579161,95944.7,-0.0162083,-0.0397753,-0.0531956,-0.0599954,-0.0659911,0.00814565,0.0149948,0.0198772,0.0223428,0.0233377,-0.000318372,-0.000530982,-0.000644994,-0.000693344,-0.000711374
93.9,0.07518929999999999,50362.8,-0.0183649,-0.0491388,-0.0733372,-0.0834885,-0.0871777,0.00779991,0.0141057,0.0186119,0.020908,0.021806,-0.000158917,-0.000239977,-0.000260102,-0.000260836,-0.000259938
93.92,0.06717566999999999,7113.26,-0.0407109,-0.0742429,-0.107164,-0.120691,-0.122965,0.00720915,0.0128718,0.0168069,0.0188662,0.0197046,-8.82622e-06,2.97978e-05,9.40857e-05,0.000136906,0.000155168
93.94,0.07643522999999999,-30819.8,-0.0642955,-0.101163,-0.137395,-0.154317,-0.158727,0.00615909,0.0111178,0.0143613,0.0161161,0.0168876,0.000124856,0.000269694,0.000405768,0.00048673,0.00052109
93.96000000000001,0.08769807,-61440.6,-0.066596,-0.114075,-0.148118,-0.168329,-0.177191,0.00485017,0.0089654,0.0115062,0.0128897,0.0135285,0.000234949,0.000470526,0.000664442,0.000776788,0.000825251
93.98,0.08519141999999999,-85479.4,-0.0578582,-0.11868,-0.149333,-0.171538,-0.183739,0.00360563,0.00663785,0.00853166,0.009491,0.00991915,0.000319507,0.000626558,0.000864821,0.00100059,0.00105973
94.0,0.07700132999999999,-103633.0,-0.0575955,-0.120392,-0.151906,-0.17339,-0.185379,0.0024511,0.00424713,0.00551926,0.00604172,0.00622796,0.000380074,0.000735408,0.00100533,0.00115592,0.0012212
94.02,0.07197273,-114571.0,-0.0718784,-0.123834,-0.161316,-0.179689,-0.18818,0.00115636,0.00180487,0.00238703,0.00251092,0.00249238,0.000416149,0.000795928,0.00108439,0.00124145,0.0013084
94.04,0.07576865999999999,-116693.0,-0.0759562,-0.12038,-0.163041,-0.178294,-0.182558,-0.00032199,-0.000637276,-0.000856544,-0.00106891,-0.001215,0.000424492,0.000807604,0.0010997,0.00125587,0.00132118
94.06,0.07641585,-110652.0,-0.0589832,-0.107714,-0.147883,-0.162188,-0.164546,-0.00167138,-0.00291822,-0.00396579,-0.00447373,-0.00468605,0.000404559,0.000772049,0.00105147,0.00120044,0.00126216
94.08,0.06718587,-98804.1,-0.0400748,-0.0921847,-0.12267,-0.137791,-0.14188,-0.00266196,-0.0049172,-0.00667133,-0.00747352,-0.00775031,0.000361225,0.000693695,0.000945103,0.00108097,0.0011378
94.10000000000001,0.05465516999999999,-82599.1,-0.0354563,-0.0768077,-0.0980881,-0.113276,-0.120964,-0.00341728,-0.00660712,-0.00887891,-0.00998418,-0.0103788,0.000300433,0.000578452,0.000789601,0.000906393,0.000956511
94.12,0.046432134,-61808.2,-0.0380573,-0.060876,-0.0785602,-0.091418,-0.100765,-0.00415241,-0.00798396,-0.0106454,-0.0120311,-0.012596,0.000224736,0.000432541,0.000594358,0.000686239,0.000726763
94.14,0.043760091,-36125.1,-0.0331818,-0.0444642,-0.0603945,-0.0695059,-0.076106,-0.0048648,-0.00903736,-0.0120349,-0.0136404,-0.0143647,0.000134564,0.000262328,0.000367554,0.000429524,0.000457155
94.16,0.042319545,-6028.88,-0.0316513,-0.0419222,-0.0515023,-0.0572501,-0.0583337,-0.00551313,-0.00990123,-0.0131539,-0.0149079,-0.0157091,3.07844e-05,7.29419e-05,0.000115666,0.000144041,0.000156416
94.18,0.05152683,27167.4,-0.013862,-0.0262786,-0.0257321,-0.0282225,-0.0254394,-0.00596827,-0.0105832,-0.0139263,-0.0157627,-0.0165469,-8.40296e-05,-0.000131903,-0.000155136,-0.000162664,-0.000166144
94.2,0.045721704,61146.1,0.00559399,-0.00396382,0.00312034,0.00561652,0.00823354,-0.00605095,-0.0108857,-0.0141524,-0.0159887,-0.0167189,-0.000204222,-0.000346592,-0.000435922,-0.000480178,-0.000498802
94.22,0.036736116,93758.2,0.0257515,0.028468,0.0348241,0.0436946,0.0446944,-0.00573749,-0.0106406,-0.0137729,-0.0154956,-0.0161897,-0.000322106,-0.000561854,-0.000715175,-0.000795021,-0.000827888
94.24,0.022746357,124176.0,0.0272161,0.0486373,0.0524868,0.0652264,0.0674765,-0.00520782,-0.00986956,-0.0128998,-0.0144064,-0.0150679,-0.000431559,-0.000766956,-0.000981903,-0.00109404,-0.00114046
94.26,0.021353087999999996,152540.0,0.0224671,0.0577253,0.0656317,0.0764941,0.0828189,-0.00471099,-0.00880594,-0.0117186,-0.0129892,-0.013565,-0.000530747,-0.000953711,-0.00122809,-0.001368,-0.00142679
94.28,0.025607865,178317.0,0.0314818,0.0677245,0.0876657,0.0932434,0.101239,-0.0041715,-0.00755144,-0.0101857,-0.0112918,-0.0117244,-0.000619572,-0.00111728,-0.00144713,-0.00161081,-0.00167969
94.3,0.022387571999999998,199968.0,0.0419328,0.0732544,0.105807,0.109159,0.112815,-0.00343735,-0.00614165,-0.00825094,-0.00926779,-0.00958388,-0.000695661,-0.00125422,-0.0016315,-0.0018164,-0.00189277
94.32000000000001,0.020654184,217038.0,0.0387672,0.070844,0.107767,0.115555,0.113052,-0.00263035,-0.00470067,-0.0061152,-0.00702064,-0.00732521,-0.000756338,-0.00136264,-0.00177516,-0.00197929,-0.00206186
94.34,0.027926987999999996,230307.0,0.0350762,0.0717223,0.103012,0.118603,0.116496,-0.00189192,-0.003275,-0.00400742,-0.00467906,-0.00502972,-0.00080156,-0.0014424,-0.00187638,-0.00209628,-0.00218541
94.36,0.033610733999999996,239496.0,0.0437559,0.0795087,0.101443,0.121909,0.128903,-0.0011036,-0.00176269,-0.00196287,-0.00227394,-0.00257572,-0.000831515,-0.00149277,-0.00193609,-0.00216581,-0.00226146
94.38,0.031315836,242991.0,0.0551108,0.0865355,0.102854,0.122629,0.139169,-0.00011493,-0.000102251,8.00994e-05,0.000171441,0.000105001,-0.000843701,-0.00151142,-0.00195491,-0.00218684,-0.00228617
94.4,0.025988835,240070.0,0.0517324,0.0844474,0.100894,0.11675,0.133103,0.000953502,0.00160758,0.00211759,0.00256524,0.00282773,-0.000835315,-0.00149637,-0.00193294,-0.00215947,-0.00225684
94.42,0.025957164,231671.0,0.0414973,0.0789643,0.0983807,0.110003,0.115971,0.0018858,0.00324169,0.00411034,0.00483277,0.00531846,-0.000806922,-0.00144788,-0.00187066,-0.00208549,-0.00217538
94.44,0.026799734999999998,218728.0,0.0383417,0.0742289,0.0965115,0.103829,0.0991055,0.00268419,0.00477363,0.00605926,0.00697109,0.00746923,-0.000761222,-0.00136772,-0.00176896,-0.00196745,-0.00204751
94.46000000000001,0.024364179,201272.0,0.0380787,0.0665765,0.0902611,0.0927636,0.0861667,0.00344839,0.00618168,0.00792698,0.00893701,0.00932195,-0.000699896,-0.00125817,-0.0016291,-0.00180837,-0.00187959
94.48,0.021708711,179426.0,0.0308164,0.0549728,0.0768958,0.0761408,0.0754776,0.00413734,0.00739717,0.00959855,0.0106261,0.0109384,-0.000624039,-0.00112238,-0.00145384,-0.00161274,-0.00167699
94.5,0.021124913999999998,153709.0,0.0285101,0.0524979,0.0680349,0.0687724,0.0737375,0.00473061,0.00847188,0.0110479,0.0120752,0.0124305,-0.000535359,-0.000963691,-0.00124738,-0.00138573,-0.0014433
94.52,0.011628356999999999,124035.0,0.036557,0.0589083,0.065701,0.0722786,0.0776464,0.00538128,0.00958594,0.0123852,0.0134857,0.0139444,-0.000434241,-0.000783112,-0.00101305,-0.00113012,-0.00117955
94.54,-0.007097874,89941.4,0.0404672,0.0598156,0.0612736,0.0728349,0.0760114,0.00615152,0.0107732,0.013655,0.0149368,0.015481,-0.000318913,-0.000579521,-0.000752648,-0.000845895,-0.000885298
94.56,-0.023752485,51975.0,0.0269213,0.0452811,0.0484777,0.0592491,0.0621104,0.0068254,0.0118241,0.0147525,0.0162577,0.0168622,-0.000189143,-0.000353548,-0.000468573,-0.00053395,-0.000561867
94.58,-0.029886918,11509.9,0.0121965,0.0286262,0.0383188,0.0434173,0.0474531,0.00721658,0.0125632,0.0156204,0.0172843,0.0179578,-4.87236e-05,-0.000109674,-0.000164844,-0.00019853,-0.000213667
94.60000000000001,-0.036814962,-30249.7,-0.00187549,0.00755877,0.0227875,0.0229509,0.0258506,0.00731979,0.0129251,0.0162315,0.017948,0.0186908,9.66402e-05,0.000145209,0.000153676,0.000153794,0.00015282
94.62,-0.039186513,-71971.5,-0.0123536,-0.0120392,0.00348186,0.00341424,0.00229398,0.0071775,0.0128803,0.0164942,0.0182117,0.0189723,0.000241613,0.000403262,0.000480933,0.00051539,0.000529451
94.64,-0.041161028999999995,-111967.0,-0.0252965,-0.032719,-0.023237,-0.020342,-0.0239128,0.006801,0.0124327,0.0162966,0.0180424,0.0187561,0.000381398,0.000656392,0.000808841,0.000877931,0.000906735
94.66,-0.039314982,-148746.0,-0.0347018,-0.0512262,-0.0527679,-0.0480309,-0.0488708,0.00620102,0.0115932,0.0155366,0.0173587,0.0180283,0.000511418,0.000896651,0.00112717,0.00123194,0.00127458
94.68,-0.036015741,-181543.0,-0.0364612,-0.0653538,-0.0799272,-0.0769048,-0.0725155,0.00548939,0.0104274,0.0142096,0.0161093,0.0168144,0.000628322,0.00111686,0.00142464,0.00156662,0.00162301
94.7,-0.033301572,-210365.0,-0.0347693,-0.0741772,-0.10023,-0.102119,-0.0964769,0.00477708,0.00903212,0.0124081,0.0143191,0.0151245,0.000730987,0.00131145,0.00169081,0.00187091,0.00194239
94.72,-0.032950131,-235477.0,-0.0361108,-0.0789029,-0.11248,-0.121596,-0.121644,0.00406828,0.00750132,0.010281,0.0120819,0.0129433,0.000819441,0.00147679,0.0019177,0.00213492,0.00222307
94.74,-0.034555968,-256819.0,-0.0394766,-0.0800054,-0.116802,-0.134996,-0.144119,0.00331241,0.00591224,0.00798815,0.009516,0.0102856,0.000893247,0.00161092,0.0021004,0.00235089,0.00245536
94.76,-0.037944102,-273600.0,-0.0474581,-0.0849573,-0.121617,-0.149106,-0.164834,0.00244306,0.00426261,0.00560395,0.00667497,0.00719611,0.000950802,0.00171267,0.00223632,0.0025128,0.00263018
94.78,-0.036254879999999996,-284675.0,-0.0524126,-0.0892938,-0.123735,-0.157159,-0.17439,0.00144435,0.0025201,0.00315043,0.00361232,0.00380387,0.000989676,0.0017805,0.00232386,0.00261568,0.00274018
94.8,-0.035009868,-289601.0,-0.0537267,-0.0931006,-0.124721,-0.157334,-0.17229,0.000382959,0.000696157,0.000665875,0.000467387,0.000337065,0.00100795,0.00181266,0.00236202,0.00265647,0.00278159
94.82000000000001,-0.034283576999999996,-288874.0,-0.0477978,-0.0905709,-0.120208,-0.144986,-0.155988,-0.000632286,-0.00114056,-0.00178341,-0.00255581,-0.00294571,0.00100546,0.00180822,0.00235085,0.00263559,0.0027555
94.84,-0.038466954,-282616.0,-0.0530377,-0.0964379,-0.125212,-0.138457,-0.14456,-0.00164064,-0.00301065,-0.00423762,-0.00539024,-0.00595119,0.000982727,0.00176671,0.00229064,0.00255613,0.00266653
94.86,-0.03112224,-269919.0,-0.0565282,-0.0981241,-0.125544,-0.128308,-0.128884,-0.0027363,-0.00495627,-0.00674518,-0.00805788,-0.00868563,0.000938957,0.00168704,0.00218081,0.00242165,0.00252016
94.88,-0.024525797999999998,-250721.0,-0.0489783,-0.0899484,-0.113327,-0.110157,-0.106114,-0.00379136,-0.00683699,-0.00913388,-0.0104425,-0.0110356,0.000873681,0.0015691,0.00202202,0.00223664,0.00232295
94.9,-0.025154883,-226483.0,-0.0386959,-0.0781464,-0.0946342,-0.0909267,-0.085506,-0.00466811,-0.00851794,-0.0112135,-0.0124534,-0.0129518,0.000789086,0.00141555,0.00181855,0.00200769,0.00208308
94.92,-0.026647347,-198258.0,-0.0333071,-0.0636356,-0.0730608,-0.0726365,-0.0700261,-0.00538814,-0.00993576,-0.0128904,-0.014089,-0.0145071,0.000688523,0.00123102,0.00157751,0.00174226,0.00180849
94.94,-0.026656424999999997,-166028.0,-0.0304032,-0.0453352,-0.0504185,-0.0544566,-0.0569627,-0.00602524,-0.0110255,-0.0141252,-0.0153599,-0.015777,0.00057439,0.00102141,0.00130735,0.00144777,0.00150565
94.96000000000001,-0.025853276999999997,-130071.0,-0.0201397,-0.0233188,-0.026811,-0.0343457,-0.0407003,-0.00653067,-0.011712,-0.0148975,-0.016248,-0.0167536,0.000448831,0.00079403,0.00101712,0.00113169,0.00118034
94.98,-0.026556312,-91970.0,-0.000146977,0.000941573,-0.00151885,-0.0105494,-0.0171048,-0.00673354,-0.0119358,-0.0151808,-0.0166969,-0.0173317,0.000316189,0.000557553,0.000716338,0.000802245,0.000839488
95.0,-0.030646358999999998,-54087.8,0.0186504,0.023507,0.0226594,0.0145964,0.0108108,-0.0065485,-0.0116913,-0.0149694,-0.0166564,-0.0173946,0.000183368,0.000321282,0.000414835,0.000468711,0.000492224
95.02,-0.035257575,-18167.3,0.0253739,0.0388482,0.0396115,0.0352626,0.0346139,-0.00610826,-0.0110677,-0.0143467,-0.0161578,-0.0169404,5.68006e-05,9.36916e-05,0.000121674,0.000140569,0.000148874
95.04,-0.033866600999999996,15207.3,0.0275229,0.0500807,0.0530014,0.0545165,0.055738,-0.00557929,-0.0101785,-0.0134206,-0.0152601,-0.0160369,-6.00749e-05,-0.00011877,-0.000155999,-0.00017361,-0.000180898
95.06,-0.029890794,45805.1,0.0294001,0.0552972,0.0635671,0.0710848,0.0735625,-0.00501006,-0.00912467,-0.0122549,-0.014004,-0.0147439,-0.000165968,-0.000311802,-0.000412754,-0.000466251,-0.000488705
95.08,-0.023812971,73060.9,0.033005,0.0577328,0.0755463,0.0871409,0.0915089,-0.00438601,-0.00799437,-0.0108638,-0.0124218,-0.0130931,-0.000259929,-0.000482992,-0.000643941,-0.000730509,-0.000767075
95.10000000000001,-0.019796822999999998,96158.7,0.0372417,0.0625096,0.0902927,0.104052,0.110613,-0.00368354,-0.00679195,-0.00920538,-0.0105099,-0.0110719,-0.000340625,-0.000630855,-0.000844632,-0.000959826,-0.00100873
95.12,-0.020124038999999996,114476.0,0.0419858,0.0729633,0.105691,0.121555,0.129194,-0.00289127,-0.00543722,-0.00724554,-0.00825378,-0.00867385,-0.000406373,-0.000753147,-0.00100914,-0.00114746,-0.00120618
95.14,-0.024577104,128525.0,0.0317561,0.0705622,0.102085,0.120784,0.128209,-0.00215385,-0.00400197,-0.00516778,-0.00583039,-0.00609982,-0.000456824,-0.000847539,-0.00113327,-0.0012883,-0.00135392
95.16,-0.014671323,139479.0,0.0314092,0.0726601,0.100926,0.121269,0.128678,-0.00152219,-0.00256975,-0.00313767,-0.00340986,-0.00353095,-0.000493584,-0.000913256,-0.00121633,-0.00138071,-0.00145023
95.18,-0.011097650999999998,146891.0,0.0403427,0.0754145,0.102171,0.120668,0.128916,-0.000804673,-0.001089,-0.00110669,-0.00099049,-0.000955008,-0.000516853,-0.000949844,-0.00125877,-0.00142471,-0.00149509
95.2,-0.012100362,148750.0,0.0557376,0.0840169,0.109899,0.123706,0.131896,0.00015613,0.000505314,0.00101401,0.00145325,0.00165312,-0.000523338,-0.000955681,-0.0012597,-0.00142008,-0.00148811
95.22,-0.021181523999999997,143998.0,0.054627,0.0855847,0.107656,0.116969,0.122337,0.00125978,0.00220133,0.00318956,0.00386,0.00419545,-0.000509179,-0.000928614,-0.00121766,-0.00136695,-0.00142962
95.24,-0.022929905999999996,133687.0,0.0419791,0.0812351,0.0966888,0.103287,0.10433,0.00222584,0.00386953,0.00523301,0.00606255,0.00646212,-0.000474323,-0.000867906,-0.00113344,-0.00126772,-0.00132305
95.26,-0.019405601999999997,119225.0,0.034317,0.0735485,0.0845367,0.0887869,0.0874867,0.0029888,0.00541736,0.00704527,0.00798328,0.00838029,-0.000422177,-0.000775037,-0.00101066,-0.00112727,-0.00117462
95.28,-0.01732215,100575.0,0.0367125,0.0643391,0.0765365,0.0775508,0.0771862,0.00369909,0.00679624,0.008656,0.00964666,0.010027,-0.000355298,-0.000652901,-0.000853643,-0.000950966,-0.000990548
95.3,-0.020649696,77208.5,0.0344433,0.0509135,0.0666243,0.0655125,0.0667888,0.00441065,0.00794877,0.0100876,0.0110773,0.0114668,-0.0002742,-0.00050545,-0.000666207,-0.000743727,-0.00077561
95.32000000000001,-0.023542772999999996,50173.1,0.0156703,0.0293436,0.0441985,0.045184,0.0462091,0.00491179,0.00875134,0.0111958,0.0121843,0.0125967,-0.000180976,-0.000338449,-0.000453373,-0.000511112,-0.000534975
95.34,-0.017006205,21846.3,6.97226e-05,0.0116615,0.0198505,0.026436,0.026669,0.00506919,0.00916139,0.0118363,0.0129005,0.0133255,-8.11661e-05,-0.000159322,-0.000223051,-0.000260264,-0.000275752
95.36,-0.012014171999999998,-6467.65,-0.00231864,-0.000643723,0.000510722,0.011083,0.0131815,0.0050467,0.00927157,0.0120399,0.0132756,0.013724,1.99927e-05,2.50074e-05,1.57115e-05,1.49649e-06,-5.2567e-06
95.38,-0.013054061999999998,-35050.9,-0.00104533,-0.0115361,-0.0131862,-0.00431161,0.00173104,0.00501306,0.00914977,0.0119132,0.0133434,0.0138732,0.00012059,0.000209221,0.000255243,0.000267687,0.000270715
95.4,-0.017366571,-63984.4,-0.00628835,-0.020666,-0.023044,-0.0200874,-0.0130849,0.00493972,0.00882775,0.0115509,0.0130994,0.0137596,0.000220118,0.000388996,0.000489883,0.000532114,0.000547043
95.42,-0.022081520999999996,-91875.7,-0.0226127,-0.0338664,-0.0395372,-0.0422222,-0.0404782,0.00465071,0.00828242,0.0109251,0.0124763,0.013224,0.000316022,0.000560098,0.000714643,0.00078787,0.000816879
95.44,-0.018359591999999997,-116634.0,-0.0329132,-0.0448945,-0.0562376,-0.0626186,-0.0687056,0.00409545,0.00749481,0.00996732,0.0114279,0.0121322,0.000403484,0.00071787,0.000923567,0.00102691,0.00107044
95.46000000000001,-0.014231294999999998,-137586.0,-0.0294327,-0.0504027,-0.0657764,-0.0759711,-0.0856803,0.00347199,0.00654184,0.00874718,0.010042,0.0105883,0.000479159,0.000858237,0.00111071,0.00124161,0.00129764
95.48,-0.016719432,-155699.0,-0.0246069,-0.0548462,-0.0718834,-0.0868956,-0.0942715,0.0029316,0.00548935,0.00737058,0.0084133,0.00878877,0.000543195,0.000978548,0.00127189,0.00142616,0.00149142
95.5,-0.020949474,-171426.0,-0.0277251,-0.0588555,-0.0790943,-0.0968678,-0.100916,0.00240828,0.00435234,0.00586081,0.00657567,0.0068369,0.000596593,0.00107697,0.0014042,0.00157605,0.00164767
95.52,-0.022357073999999998,-183964.0,-0.0305178,-0.0566624,-0.0831754,-0.0987936,-0.10313,0.00182585,0.00319716,0.00423811,0.00461905,0.00479644,0.000638935,0.00115246,0.00150519,0.001688,0.00176401
95.54,-0.025703337,-192689.0,-0.0305857,-0.0546582,-0.0854386,-0.0963143,-0.102914,0.00121481,0.00208395,0.00255197,0.00266797,0.002736,0.000669341,0.00120527,0.00157309,0.00176087,0.00183933
95.56,-0.028667507999999998,-197919.0,-0.0278515,-0.0548974,-0.0821609,-0.0909506,-0.0972297,0.000630443,0.000988394,0.000875972,0.000795323,0.000734561,0.000687794,0.00123599,0.00160737,0.0017955,0.00187404
95.58,-0.032703954,-200065.0,-0.0310817,-0.0601911,-0.0777179,-0.0881897,-0.0913038,4.11117e-05,-0.00016249,-0.000722815,-0.00099608,-0.00115077,0.000694509,0.00124425,0.0016089,0.00179349,0.00186987
95.60000000000001,-0.032895765,-198540.0,-0.0401528,-0.0667347,-0.0758401,-0.0870652,-0.088479,-0.000671233,-0.00143175,-0.0022584,-0.00274863,-0.0029486,0.000688208,0.00122831,0.00157909,0.00175605,0.00182888
95.62,-0.028125683999999998,-192232.0,-0.0433277,-0.0665643,-0.073312,-0.080404,-0.0835072,-0.00150604,-0.00276474,-0.00374992,-0.00442332,-0.00466846,0.000666435,0.00118635,0.00151901,0.00168433,0.00175271
95.64,-0.024792885,-181073.0,-0.0353667,-0.0585004,-0.0668264,-0.0673464,-0.0716478,-0.00229298,-0.00401538,-0.0051513,-0.00590083,-0.00622001,0.000628445,0.00111855,0.00143,0.00158109,0.00164382
95.66,-0.026485064999999995,-166319.0,-0.0223508,-0.0457211,-0.0554088,-0.0526069,-0.0536369,-0.00287016,-0.0050576,-0.00637365,-0.00710036,-0.00747286,0.000576814,0.00102782,0.00131475,0.00145107,0.0015069
95.68,-0.031717104,-149236.0,-0.0149558,-0.0333875,-0.0433764,-0.0421829,-0.0379792,-0.00324323,-0.00584869,-0.0073615,-0.00804826,-0.00838902,0.00051568,0.000918753,0.0011774,0.00129959,0.00134828
95.7,-0.034243899,-130221.0,-0.0117838,-0.0209175,-0.0311428,-0.0330396,-0.0280346,-0.00351062,-0.00639174,-0.0081067,-0.00880048,-0.00904916,0.000448141,0.000796348,0.00102271,0.0011311,0.00117389
95.72,-0.034116807,-109594.0,-0.004898,-0.00666735,-0.0159052,-0.0194693,-0.0198055,-0.00367744,-0.00666758,-0.00857718,-0.00932557,-0.00952756,0.000376261,0.000665755,0.000855875,0.000949841,0.000988128
95.74000000000001,-0.035612127,-88372.7,0.00298059,0.00410179,-0.000655475,-0.00544935,-0.011769,-0.00369661,-0.00669324,-0.00874278,-0.00957476,-0.00984331,0.00030252,0.000532147,0.000682675,0.000760837,0.000794419
95.76,-0.036486266999999996,-67568.6,0.00644726,0.00981027,0.0119566,0.0050932,-0.00207614,-0.00360233,-0.00655412,-0.00862977,-0.00957832,-0.00998176,0.000229531,0.000399673,0.00050895,0.000569307,0.000596168
95.78,-0.034714118999999995,-47417.2,0.00631226,0.0140269,0.0210329,0.0136652,0.010253,-0.00347474,-0.00631575,-0.00829988,-0.00939074,-0.00989999,0.00015876,0.000270975,0.000339653,0.000379616,0.000397351
95.8,-0.031107959999999997,-27828.3,0.00831425,0.0198862,0.0272232,0.0243592,0.024769,-0.00332847,-0.00597662,-0.00781731,-0.00901049,-0.00954977,9.0728e-05,0.000148051,0.000178482,0.000195604,0.000202853
95.82000000000001,-0.028028426999999995,-9140.33,0.0135941,0.0256892,0.0314938,0.0370355,0.0393932,-0.00310939,-0.00552086,-0.00723014,-0.00839655,-0.00890815,2.63494e-05,3.30763e-05,2.80069e-05,2.15333e-05,1.82742e-05
95.84,-0.025884488999999997,7777.88,0.0213277,0.0324699,0.0390923,0.0514238,0.0556858,-0.00276017,-0.00493927,-0.00652428,-0.00751195,-0.00795736,-3.23463e-05,-7.15251e-05,-0.000109537,-0.000137552,-0.000150381
95.86,-0.027274137,22116.4,0.0238492,0.0364776,0.0469225,0.0606551,0.0676201,-0.0023084,-0.0042498,-0.00566414,-0.00639117,-0.0067243,-8.30321e-05,-0.000163416,-0.000231422,-0.000276583,-0.000297197
95.88,-0.027255725999999997,33789.5,0.021977,0.0391906,0.0537608,0.0651549,0.0731392,-0.00185014,-0.00349312,-0.0046573,-0.00513306,-0.00531671,-0.000124618,-0.000240845,-0.000334636,-0.000391825,-0.000417607
95.9,-0.02549694,43160.7,0.0204149,0.0420987,0.0591495,0.0681712,0.0734775,-0.00142622,-0.00268022,-0.0035282,-0.0037998,-0.00385054,-0.000157381,-0.000302578,-0.000416491,-0.000481154,-0.00050928
95.92,-0.023813532,50311.7,0.0206949,0.043826,0.0621296,0.0697211,0.0708169,-0.00101513,-0.00182098,-0.00231541,-0.00242088,-0.00240759,-0.000181795,-0.00034759,-0.000474927,-0.000543361,-0.000571861
95.94,-0.022445967,55039.7,0.021523,0.0435004,0.0622282,0.0680478,0.0673926,-0.000592948,-0.000947711,-0.00107183,-0.00104319,-0.0010255,-0.000197875,-0.000375277,-0.000508799,-0.000578001,-0.000606192
95.96000000000001,-0.0207774,57190.2,0.0237638,0.0441035,0.0611579,0.0650123,0.0658903,-0.00014008,-7.16726e-05,0.000162033,0.000287408,0.000307331,-0.000205206,-0.000385471,-0.000517897,-0.000585559,-0.000613374
95.98,-0.020504754,57561.5,0.00687567,0.0247206,0.0370451,0.0406869,0.0435902,0.000166315,0.000616568,0.00114406,0.0013444,0.00140214,-0.000204943,-0.000380022,-0.000504836,-0.000569241,-0.000596279
